0.000000e+00
-6.667460e-06
-5.151876e-06
-2.455837e-06
9.790595e-07
5.129609e-06
9.894325e-06
1.521155e-05
2.104917e-05
2.738364e-05
3.419209e-05
4.145164e-05
4.914022e-05
5.723710e-05
6.572291e-05
7.457952e-05
8.378977e-05
9.333738e-05
1.032068e-04
1.133834e-04
1.238528e-04
1.346017e-04
1.456173e-04
1.568873e-04
1.684001e-04
1.801445e-04
1.921100e-04
2.042864e-04
2.166641e-04
2.292340e-04
2.419871e-04
2.549153e-04
2.680104e-04
2.812648e-04
2.946714e-04
3.082230e-04
3.219131e-04
3.357354e-04
3.496838e-04
3.637526e-04
3.779362e-04
3.922294e-04
4.066272e-04
4.211248e-04
4.357176e-04
4.504013e-04
4.651718e-04
4.800250e-04
4.949571e-04
5.099646e-04
5.250440e-04
5.401921e-04
5.554056e-04
5.706815e-04
5.860171e-04
6.014096e-04
6.168563e-04
6.323548e-04
6.479027e-04
6.634978e-04
6.791379e-04
6.948209e-04
7.105448e-04
7.263078e-04
7.421081e-04
7.579440e-04
7.738138e-04
7.897159e-04
8.056490e-04
8.216115e-04
8.376021e-04
8.536196e-04
8.696626e-04
8.857300e-04
9.018207e-04
9.179336e-04
9.340677e-04
9.502220e-04
9.663956e-04
9.825875e-04
9.987970e-04
1.015023e-03
1.031265e-03
1.047523e-03
1.063794e-03
1.080080e-03
1.096379e-03
1.112690e-03
1.129014e-03
1.145349e-03
1.161694e-03
1.178050e-03
1.194416e-03
1.210792e-03
1.227176e-03
1.243569e-03
1.259971e-03
1.276380e-03
1.292796e-03
1.309220e-03
1.325650e-03
1.342086e-03
1.358529e-03
1.374978e-03
1.391432e-03
1.407891e-03
1.424356e-03
1.440825e-03
1.457299e-03
1.473777e-03
1.490259e-03
1.506746e-03
1.523236e-03
1.539729e-03
1.556226e-03
1.572726e-03
1.589230e-03
1.605736e-03
1.622245e-03
1.638756e-03
1.655270e-03
1.671787e-03
1.688306e-03
1.704827e-03
1.721350e-03
1.737874e-03
1.754401e-03
1.770930e-03
1.787460e-03
1.803992e-03
1.820525e-03
1.837060e-03
1.853596e-03
1.870133e-03
1.886671e-03
1.903211e-03
1.919752e-03
1.936294e-03
1.952836e-03
1.969380e-03
1.985924e-03
2.002470e-03
2.019016e-03
2.035563e-03
2.052110e-03
2.068658e-03
2.085207e-03
2.101756e-03
2.118306e-03
2.134857e-03
2.151408e-03
2.167959e-03
2.184511e-03
2.201063e-03
2.217615e-03
2.234168e-03
2.250721e-03
2.267274e-03
