       Inf
1.348203e+05
4.581618e+04
2.737120e+04
1.943821e+04
1.504298e+04
1.226176e+04
1.034653e+04
8.947758e+03
7.881392e+03
7.041589e+03
6.363164e+03
5.803750e+03
5.334601e+03
4.935527e+03
4.591932e+03
4.293008e+03
4.030580e+03
3.798352e+03
3.591398e+03
3.405807e+03
3.238436e+03
3.086729e+03
2.948586e+03
2.822266e+03
2.706316e+03
2.599509e+03
2.500805e+03
2.409316e+03
2.324278e+03
2.245034e+03
2.171010e+03
2.101708e+03
2.036690e+03
1.975570e+03
1.918008e+03
1.863703e+03
1.812386e+03
1.763816e+03
1.717780e+03
1.674083e+03
1.632552e+03
1.593030e+03
1.555375e+03
1.519457e+03
1.485159e+03
1.452374e+03
1.421004e+03
1.390959e+03
1.362157e+03
1.334523e+03
1.307986e+03
1.282483e+03
1.257955e+03
1.234347e+03
1.211607e+03
1.189689e+03
1.168549e+03
1.148147e+03
1.128444e+03
1.109406e+03
1.090998e+03
1.073191e+03
1.055955e+03
1.039263e+03
1.023090e+03
1.007412e+03
9.922072e+02
9.774538e+02
9.631322e+02
9.492237e+02
9.357108e+02
9.225767e+02
9.098058e+02
8.973832e+02
8.852948e+02
8.735275e+02
8.620684e+02
8.509057e+02
8.400280e+02
8.294246e+02
8.190852e+02
8.090001e+02
7.991599e+02
7.895560e+02
7.801798e+02
7.710234e+02
7.620791e+02
7.533397e+02
7.447982e+02
7.364479e+02
7.282825e+02
7.202959e+02
7.124824e+02
7.048363e+02
6.973523e+02
6.900254e+02
6.828506e+02
6.758232e+02
6.689388e+02
6.621930e+02
6.555817e+02
6.491009e+02
6.427468e+02
6.365157e+02
6.304040e+02
6.244084e+02
6.185256e+02
6.127524e+02
6.070858e+02
6.015229e+02
5.960608e+02
5.906969e+02
5.854285e+02
5.802530e+02
5.751681e+02
5.701714e+02
5.652606e+02
5.604336e+02
5.556881e+02
5.510222e+02
5.464338e+02
5.419211e+02
5.374821e+02
5.331152e+02
5.288185e+02
5.245903e+02
5.204292e+02
5.163334e+02
5.123014e+02
5.083318e+02
5.044231e+02
5.005739e+02
4.967829e+02
4.930488e+02
4.893703e+02
4.857462e+02
4.821752e+02
4.786563e+02
4.751882e+02
4.717699e+02
4.684004e+02
4.650785e+02
4.618033e+02
4.585738e+02
4.553891e+02
4.522482e+02
4.491502e+02
4.460943e+02
4.430796e+02
4.401053e+02
4.371706e+02
4.342746e+02
4.314167e+02
4.285961e+02
4.258120e+02
4.230637e+02
4.203507e+02
