9.170797e-319
4.176665e-170
2.103421e-93
7.842395e-62
2.155681e-45
1.985060e-35
1.005800e-28
7.256677e-24
3.776267e-20
3.448500e-17
9.303210e-15
1.021906e-12
5.621439e-11
1.780648e-09
3.582921e-08
4.919389e-07
4.863680e-06
3.609063e-05
2.076392e-04
9.503527e-04
3.531679e-03
1.082940e-02
2.775902e-02
6.017310e-02
1.116967e-01
1.811307e-01
2.619639e-01
3.454395e-01
4.242088e-01
4.941694e-01
5.542399e-01
6.052232e-01
6.487828e-01
6.868885e-01
7.216681e-01
7.554887e-01
7.910631e-01
8.311580e-01
8.769852e-01
9.256218e-01
2.790170e-170
2.878973e-127
2.268889e-88
4.579139e-61
5.759794e-45
3.898180e-35
1.674569e-28
1.090462e-23
5.286718e-20
4.576334e-17
1.181813e-14
1.249755e-12
6.640281e-11
2.035290e-09
3.966015e-08
5.274189e-07
5.048615e-06
3.624408e-05
2.015418e-04
8.907226e-04
3.194728e-03
9.462307e-03
2.350847e-02
4.981517e-02
9.185843e-02
1.496561e-01
2.196910e-01
2.963754e-01
3.742940e-01
4.496247e-01
5.203505e-01
5.858192e-01
6.462388e-01
7.023064e-01
7.549236e-01
8.048958e-01
8.525357e-01
8.971949e-01
9.370367e-01
9.698630e-01
1.166293e-93
1.464767e-88
2.567037e-73
5.642742e-58
3.830877e-44
1.247194e-34
3.906936e-28
2.119363e-23
9.099140e-20
7.206180e-17
1.734893e-14
1.730018e-12
8.730987e-11
2.553983e-09
4.764855e-08
6.080197e-07
5.593841e-06
3.864999e-05
2.071517e-04
8.841691e-04
3.071973e-03
8.856174e-03
2.156730e-02
4.519051e-02
8.320927e-02
1.368770e-01
2.047870e-01
2.834438e-01
3.683401e-01
4.549301e-01
5.393417e-01
6.188045e-01
6.917214e-01
7.574203e-01
8.157441e-01
8.666411e-01
9.098789e-01
9.449871e-01
9.715104e-01
9.895159e-01
3.815573e-62
2.168024e-61
3.156446e-58
1.813666e-50
5.460724e-42
9.167980e-34
1.443544e-27
5.663761e-23
1.995595e-19
1.377485e-16
2.988126e-14
2.739341e-12
1.287575e-10
3.539246e-09
6.244976e-08
7.574423e-07
6.651113e-06
4.402928e-05
2.269804e-04
9.359946e-04
3.158885e-03
8.904742e-03
2.137151e-02
4.450959e-02
8.226591e-02
1.371386e-01
2.092963e-01
2.961179e-01
3.923741e-01
4.914372e-01
5.870853e-01
6.748083e-01
7.520905e-01
8.179786e-01
8.724583e-01
9.159657e-01
9.491445e-01
9.728296e-01
9.881572e-01
9.966356e-01
9.634307e-46
2.531322e-45
1.604343e-44
2.680390e-42
1.357612e-37
4.569402e-32
1.104456e-26
2.310161e-22
5.875836e-19
3.293111e-16
6.151151e-14
5.022635e-12
2.148311e-10
5.453055e-09
8.980864e-08
1.025248e-06
8.533163e-06
5.388175e-05
2.665908e-04
1.061823e-03
3.485048e-03
9.625306e-03
2.281235e-02
4.731852e-02
8.803717e-02
1.487312e-01
2.303436e-01
3.293747e-01
4.380816e-01
5.471059e-01
6.485466e-01
7.374625e-01
8.117324e-01
8.712009e-01
9.168389e-01
9.501830e-01
9.730528e-01
9.874322e-01
9.953925e-01
9.989701e-01
8.484454e-36
1.643379e-35
5.097157e-35
3.546100e-34
2.147720e-32
3.586112e-29
2.928128e-25
1.713542e-21
2.505476e-18
1.024050e-15
1.548543e-13
1.082248e-11
4.097859e-10
9.416584e-09
1.426735e-07
1.516994e-06
1.187907e-05
7.119596e-05
3.370726e-04
1.294758e-03
4.130091e-03
1.117190e-02
2.613442e-02
5.398351e-02
1.010737e-01
1.721004e-01
2.672419e-01
3.799697e-01
4.989886e-01
6.129289e-01
7.137860e-01
7.976366e-01
8.637353e-01
9.132906e-01
9.485127e-01
9.720199e-01
9.865019e-01
9.945107e-01
9.983008e-01
9.996945e-01
4.252255e-29
6.996708e-29
1.594172e-28
5.658710e-28
4.227363e-27
1.452882e-25
3.831213e-23
2.948499e-20
1.719453e-17
4.363062e-15
4.909469e-13
2.791755e-11
9.052102e-10
1.840345e-08
2.523534e-07
2.469739e-06
1.804150e-05
1.020098e-04
4.601277e-04
1.698975e-03
5.252868e-03
1.387993e-02
3.196159e-02
6.561850e-02
1.230647e-01
2.087057e-01
3.195784e-01
4.444507e-01
5.690281e-01
6.817803e-01
7.762684e-01
8.505607e-01
9.056970e-01
9.443059e-01
9.696562e-01
9.850729e-01
9.935864e-01
9.977238e-01
9.994012e-01
9.999117e-01
3.116157e-24
4.639383e-24
8.856540e-24
2.302527e-23
9.149409e-23
7.114825e-22
1.671782e-20
1.399604e-18
2.163653e-16
2.727265e-14
2.036724e-12
8.828518e-11
2.353042e-09
4.117818e-08
5.012623e-07
4.452939e-06
3.003259e-05
1.589377e-04
6.787368e-04
2.396281e-03
7.145812e-03
1.835508e-02
4.140656e-02
8.419940e-02
1.565173e-01
2.599728e-01
3.859394e-01
5.184853e-01
6.424511e-01
7.482196e-01
8.320148e-01
8.942248e-01
9.375927e-01
9.658763e-01
9.829800e-01
9.924330e-01
9.971050e-01
9.991011e-01
9.997975e-01
9.999751e-01
1.678849e-20
2.337662e-20
3.977794e-20
8.583247e-20
2.493870e-19
1.083722e-18
8.434950e-18
1.453482e-16
5.363488e-15
2.688992e-13
1.156770e-11
3.519502e-10
7.328571e-09
1.067604e-07
1.127150e-06
8.935888e-06
5.493113e-05
2.693313e-04
1.079707e-03
3.617483e-03
1.033157e-02
2.562114e-02
5.625023e-02
1.127660e-01
2.041646e-01
3.262038e-01
4.633015e-01
5.970705e-01
7.142129e-01
8.084495e-01
8.789928e-01
9.283537e-01
9.605848e-01
9.800971e-01
9.909302e-01
9.963591e-01
9.987587e-01
9.996617e-01
9.999342e-01
9.999932e-01
1.606552e-17
2.132461e-17
3.346689e-17
6.367801e-17
1.523474e-16
4.845197e-16
2.229079e-15
1.654794e-14
2.117190e-13
4.141452e-12
9.203799e-11
1.803719e-09
2.770304e-08
3.231774e-07
2.879832e-06
1.997135e-05
1.101877e-04
4.943554e-04
1.840914e-03
5.798740e-03
1.572388e-02
3.733374e-02
7.914531e-02
1.550880e-01
2.681630e-01
4.057371e-01
5.471583e-01
6.751677e-01
7.803463e-01
8.601889e-01
9.166015e-01
9.537083e-01
9.763238e-01
9.889867e-01
9.954220e-01
9.983412e-01
9.994953e-01
9.998788e-01
9.999795e-01
9.999982e-01
4.570706e-15
5.851490e-15
8.644830e-15
1.500632e-14
3.135436e-14
8.152621e-14
2.760679e-13
1.287080e-12
8.641198e-12
8.189468e-11
9.619546e-10
1.164088e-08
1.259796e-07
1.134876e-06
8.304304e-06
4.932999e-05
2.402648e-04
9.730584e-04
3.327166e-03
9.752192e-03
2.487141e-02
5.605396e-02
1.139255e-01
2.142722e-01
3.480494e-01
4.943856e-01
6.321956e-01
7.483685e-01
8.381447e-01
9.024480e-01
9.452360e-01
9.715994e-01
9.865367e-01
9.942441e-01
9.978202e-01
9.992870e-01
9.998061e-01
9.999588e-01
9.999939e-01
9.999995e-01
5.307500e-13
6.602861e-13
9.302916e-13
1.504345e-12
2.839189e-12
6.389030e-12
1.760458e-11
6.120391e-11
2.750668e-10
1.593417e-09
1.124620e-08
8.693402e-08
6.573672e-07
4.483820e-06
2.641174e-05
1.320763e-04
5.595682e-04
2.020072e-03
6.272632e-03
1.693934e-02
4.026547e-02
8.545094e-02
1.655324e-01
2.920711e-01
4.403748e-01
5.865185e-01
7.133545e-01
8.133683e-01
8.861483e-01
9.352577e-01
9.659265e-01
9.835505e-01
9.927941e-01
9.971744e-01
9.990259e-01
9.997122e-01
9.999299e-01
9.999868e-01
9.999983e-01
9.999999e-01
3.086138e-11
3.749770e-11
5.082206e-11
7.761091e-11
1.351440e-10
2.721648e-10
6.443039e-10
1.823122e-09
6.241541e-09
2.579387e-08
1.249231e-07
6.671016e-07
3.636543e-06
1.888501e-05
8.907786e-05
3.716800e-04
1.356747e-03
4.325774e-03
1.209245e-02
2.984120e-02
6.560519e-02
1.302031e-01
2.393434e-01
3.864789e-01
5.393153e-01
6.762653e-01
7.865403e-01
8.681209e-01
9.239911e-01
9.593937e-01
9.800495e-01
9.910673e-01
9.963943e-01
9.987055e-01
9.995940e-01
9.998916e-01
9.999763e-01
9.999960e-01
9.999995e-01
1.000000e+00
1.031736e-09
1.228676e-09
1.611652e-09
2.346236e-09
3.823468e-09
7.041474e-09
1.480305e-08
3.585215e-08
1.005707e-07
3.255220e-07
1.192466e-06
4.758974e-06
1.965132e-05
7.966201e-05
3.038016e-04
1.059260e-03
3.323201e-03
9.317644e-03
2.332934e-02
5.232155e-02
1.057965e-01
1.952853e-01
3.362678e-01
4.927165e-01
6.384328e-01
7.585463e-01
8.489522e-01
9.117934e-01
9.521925e-01
9.761210e-01
9.890957e-01
9.954881e-01
9.983261e-01
9.994506e-01
9.998434e-01
9.999622e-01
9.999926e-01
9.999989e-01
9.999999e-01
1.000000e+00
2.186122e-08
2.558229e-08
3.261874e-08
4.557658e-08
7.021271e-08
1.200159e-07
2.290034e-07
4.900835e-07
1.177945e-06
3.164180e-06
9.360431e-06
2.970225e-05
9.754131e-05
3.188560e-04
1.002020e-03
2.948176e-03
7.982073e-03
1.969597e-02
4.411572e-02
8.971443e-02
1.664667e-01
2.858370e-01
4.470747e-01
6.007918e-01
7.303207e-01
8.293780e-01
8.991670e-01
9.446270e-01
9.719281e-01
9.869564e-01
9.944876e-01
9.978991e-01
9.992853e-01
9.997858e-01
9.999445e-01
9.999879e-01
9.999979e-01
9.999997e-01
1.000000e+00
1.000000e+00
3.153131e-07
3.632872e-07
4.517619e-07
6.089196e-07
8.934130e-07
1.432681e-06
2.519562e-06
4.868542e-06
1.032667e-05
2.390996e-05
5.970043e-05
1.576139e-04
4.286137e-04
1.166115e-03
3.087573e-03
7.777016e-03
1.832946e-02
3.999218e-02
8.029737e-02
1.481210e-01
2.521726e-01
4.032458e-01
5.638041e-01
7.027574e-01
8.102433e-01
8.867384e-01
9.371062e-01
9.677106e-01
9.847754e-01
9.934518e-01
9.974490e-01
9.991071e-01
9.997220e-01
9.999240e-01
9.999821e-01
9.999965e-01
9.999994e-01
9.999999e-01
1.000000e+00
1.000000e+00
3.267854e-06
3.712618e-06
4.514319e-06
5.892793e-06
8.281354e-06
1.255959e-05
2.058823e-05
3.648055e-05
6.970911e-05
1.428092e-04
3.103900e-04
7.046439e-04
1.637771e-03
3.811164e-03
8.687268e-03
1.903157e-02
3.947848e-02
7.671399e-02
1.386755e-01
2.326166e-01
3.640227e-01
5.322172e-01
6.779731e-01
7.926221e-01
8.752177e-01
9.301135e-01
9.637701e-01
9.827213e-01
9.924651e-01
9.970136e-01
9.989312e-01
9.996572e-01
9.999025e-01
9.999757e-01
9.999948e-01
9.999991e-01
9.999999e-01
1.000000e+00
1.000000e+00
1.000000e+00
2.538415e-05
2.847303e-05
3.392346e-05
4.301940e-05
5.816742e-05
8.395672e-05
1.293922e-04
2.126926e-04
3.717280e-04
6.867112e-04
1.328581e-03
2.657699e-03
5.410575e-03
1.101465e-02
2.203380e-02
4.263241e-02
7.874299e-02
1.374121e-01
2.249248e-01
3.447005e-01
5.000573e-01
6.549280e-01
7.771977e-01
8.654157e-01
9.242243e-01
9.604603e-01
9.809933e-01
9.916300e-01
9.966408e-01
9.987777e-01
9.995992e-01
9.998824e-01
9.999695e-01
9.999931e-01
9.999987e-01
9.999998e-01
1.000000e+00
1.000000e+00
1.000000e+00
1.000000e+00
1.528686e-04
1.694742e-04
1.981859e-04
2.447842e-04
3.196046e-04
4.412382e-04
6.437096e-04
9.904828e-04
1.601743e-03
2.706728e-03
4.740624e-03
8.513203e-03
1.547445e-02
2.807099e-02
5.010010e-02
8.681576e-02
1.443727e-01
2.281595e-01
3.402186e-01
4.785610e-01
6.397440e-01
7.663855e-01
8.583789e-01
9.200238e-01
9.581405e-01
9.797990e-01
9.910550e-01
9.963817e-01
9.986686e-01
9.995564e-01
9.998670e-01
9.999643e-01
9.999915e-01
9.999983e-01
9.999997e-01
1.000000e+00
1.000000e+00
1.000000e+00
1.000000e+00
1.000000e+00
7.337815e-04
8.047686e-04
9.250825e-04
1.115248e-03
1.410355e-03
1.870123e-03
2.596900e-03
3.767596e-03
5.689409e-03
8.894016e-03
1.428813e-02
2.337295e-02
3.851751e-02
6.320464e-02
1.020563e-01
1.603213e-01
2.424761e-01
3.498503e-01
4.786863e-01
6.249560e-01
7.585656e-01
8.542565e-01
9.179775e-01
9.571462e-01
9.793267e-01
9.908354e-01
9.962810e-01
9.986232e-01
9.995366e-01
9.998588e-01
9.999613e-01
9.999905e-01
9.999979e-01
9.999996e-01
9.999999e-01
1.000000e+00
1.000000e+00
1.000000e+00
1.000000e+00
1.000000e+00
2.873407e-03
3.120229e-03
3.530152e-03
4.161667e-03
5.110565e-03
6.531444e-03
8.673071e-03
1.193522e-02
1.695691e-02
2.474596e-02
3.685213e-02
5.556234e-02
8.404602e-02
1.262988e-01
1.866469e-01
2.685541e-01
3.726595e-01
4.945371e-01
6.249777e-01
7.592281e-01
8.552054e-01
9.188031e-01
9.577571e-01
9.797112e-01
9.910368e-01
9.963682e-01
9.986536e-01
9.995446e-01
9.998599e-01
9.999610e-01
9.999902e-01
9.999978e-01
9.999996e-01
9.999999e-01
1.000000e+00
1.000000e+00
1.000000e+00
1.000000e+00
1.000000e+00
1.000000e+00
9.363245e-03
1.007483e-02
1.123144e-02
1.296859e-02
1.549921e-02
1.914954e-02
2.441306e-02
3.202798e-02
4.308151e-02
5.913567e-02
8.234968e-02
1.155360e-01
1.620329e-01
2.252212e-01
3.075080e-01
4.087546e-01
5.245577e-01
6.455317e-01
7.623039e-01
8.596614e-01
9.222355e-01
9.600197e-01
9.809934e-01
9.916710e-01
9.966444e-01
9.987596e-01
9.995802e-01
9.998702e-01
9.999635e-01
9.999907e-01
9.999979e-01
9.999996e-01
9.999999e-01
1.000000e+00
1.000000e+00
1.000000e+00
1.000000e+00
1.000000e+00
1.000000e+00
1.000000e+00
2.582940e-02
2.755834e-02
3.030240e-02
3.431899e-02
3.999631e-02
4.789890e-02
5.882870e-02
7.389992e-02
9.461774e-02
1.229347e-01
1.612324e-01
2.121401e-01
2.780726e-01
3.603790e-01
4.581210e-01
5.668143e-01
6.779636e-01
7.804671e-01
8.697596e-01
9.288481e-01
9.639062e-01
9.830483e-01
9.926546e-01
9.970688e-01
9.989239e-01
9.996370e-01
9.998877e-01
9.999682e-01
9.999918e-01
9.999981e-01
9.999996e-01
9.999999e-01
1.000000e+00
1.000000e+00
1.000000e+00
1.000000e+00
1.000000e+00
1.000000e+00
1.000000e+00
1.000000e+00
6.122731e-02
6.481439e-02
7.035493e-02
7.825069e-02
8.908247e-02
1.036489e-01
1.230089e-01
1.485157e-01
1.818167e-01
2.247790e-01
2.792764e-01
3.467653e-01
4.275972e-01
5.201242e-01
6.198845e-01
7.194759e-01
8.098402e-01
8.830332e-01
9.374728e-01
9.688122e-01
9.856075e-01
9.938629e-01
9.975836e-01
9.991220e-01
9.997058e-01
9.999092e-01
9.999742e-01
9.999933e-01
9.999984e-01
9.999997e-01
9.999999e-01
1.000000e+00
1.000000e+00
1.000000e+00
1.000000e+00
1.000000e+00
1.000000e+00
1.000000e+00
1.000000e+00
1.000000e+00
1.263284e-01
1.327402e-01
1.423371e-01
1.556313e-01
1.733264e-01
1.963259e-01
2.257263e-01
2.627745e-01
3.087573e-01
3.647824e-01
4.314132e-01
5.081480e-01
5.928206e-01
6.811637e-01
7.669562e-01
8.431811e-01
9.041131e-01
9.473416e-01
9.743450e-01
9.884039e-01
9.951457e-01
9.981188e-01
9.993252e-01
9.997760e-01
9.999313e-01
9.999805e-01
9.999949e-01
9.999988e-01
9.999997e-01
9.999999e-01
1.000000e+00
1.000000e+00
1.000000e+00
1.000000e+00
1.000000e+00
1.000000e+00
1.000000e+00
1.000000e+00
1.000000e+00
1.000000e+00
2.293372e-01
2.392402e-01
2.535357e-01
2.727455e-01
2.975298e-01
3.286475e-01
3.668857e-01
4.129363e-01
4.671978e-01
5.294890e-01
5.986922e-01
6.724103e-01
7.468198e-01
8.169853e-01
8.778340e-01
9.256152e-01
9.591386e-01
9.799507e-01
9.911234e-01
9.963572e-01
9.986133e-01
9.995101e-01
9.998394e-01
9.999511e-01
9.999862e-01
9.999964e-01
9.999991e-01
9.999998e-01
1.000000e+00
1.000000e+00
1.000000e+00
1.000000e+00
1.000000e+00
1.000000e+00
1.000000e+00
1.000000e+00
1.000000e+00
1.000000e+00
1.000000e+00
1.000000e+00
3.696265e-01
3.827732e-01
4.010011e-01
4.247099e-01
4.543123e-01
4.901549e-01
5.324060e-01
5.809010e-01
6.349467e-01
6.931165e-01
7.531061e-01
8.117750e-01
8.655110e-01
9.109703e-01
9.460007e-01
9.702895e-01
9.853003e-01
9.935134e-01
9.973945e-01
9.990277e-01
9.996625e-01
9.998910e-01
9.999672e-01
9.999908e-01
9.999976e-01
9.999994e-01
9.999999e-01
1.000000e+00
1.000000e+00
1.000000e+00
1.000000e+00
1.000000e+00
1.000000e+00
1.000000e+00
1.000000e+00
1.000000e+00
1.000000e+00
1.000000e+00
1.000000e+00
1.000000e+00
5.331760e-01
5.479590e-01
5.676139e-01
5.923226e-01
6.221212e-01
6.568252e-01
6.959345e-01
7.385296e-01
7.831873e-01
8.279678e-01
8.705416e-01
9.085100e-01
9.398976e-01
9.636619e-01
9.799624e-01
9.900031e-01
9.955202e-01
9.982096e-01
9.993476e-01
9.997783e-01
9.999297e-01
9.999792e-01
9.999943e-01
9.999985e-01
9.999996e-01
9.999999e-01
1.000000e+00
1.000000e+00
1.000000e+00
1.000000e+00
1.000000e+00
1.000000e+00
1.000000e+00
1.000000e+00
1.000000e+00
1.000000e+00
1.000000e+00
1.000000e+00
1.000000e+00
1.000000e+00
6.946255e-01
7.083940e-01
7.260070e-01
7.474106e-01
7.723003e-01
8.000974e-01
8.299233e-01
8.605966e-01
8.906843e-01
9.186374e-01
9.430197e-01
9.627904e-01
9.775428e-01
9.875772e-01
9.937486e-01
9.971579e-01
9.988403e-01
9.995779e-01
9.998603e-01
9.999567e-01
9.999874e-01
9.999966e-01
9.999991e-01
9.999998e-01
1.000000e+00
1.000000e+00
1.000000e+00
1.000000e+00
1.000000e+00
1.000000e+00
1.000000e+00
1.000000e+00
1.000000e+00
1.000000e+00
1.000000e+00
1.000000e+00
1.000000e+00
1.000000e+00
1.000000e+00
1.000000e+00
8.276866e-01
8.380522e-01
8.509301e-01
8.660915e-01
8.830747e-01
9.012144e-01
9.196792e-01
9.375390e-01
9.538693e-01
9.678891e-01
9.791008e-01
9.873828e-01
9.929881e-01
9.964384e-01
9.983575e-01
9.993166e-01
9.997450e-01
9.999152e-01
9.999745e-01
9.999928e-01
9.999981e-01
9.999995e-01
9.999999e-01
1.000000e+00
1.000000e+00
1.000000e+00
1.000000e+00
1.000000e+00
1.000000e+00
1.000000e+00
1.000000e+00
1.000000e+00
1.000000e+00
1.000000e+00
1.000000e+00
1.000000e+00
1.000000e+00
1.000000e+00
1.000000e+00
1.000000e+00
9.179055e-01
9.240929e-01
9.316589e-01
9.403217e-01
9.496692e-01
9.592025e-01
9.683898e-01
9.767328e-01
9.838389e-01
9.894815e-01
9.936309e-01
9.964372e-01
9.981712e-01
9.991441e-01
9.996370e-01
9.998613e-01
9.999525e-01
9.999855e-01
9.999960e-01
9.999990e-01
9.999997e-01
9.999999e-01
1.000000e+00
1.000000e+00
1.000000e+00
1.000000e+00
1.000000e+00
1.000000e+00
1.000000e+00
1.000000e+00
1.000000e+00
1.000000e+00
1.000000e+00
1.000000e+00
1.000000e+00
1.000000e+00
1.000000e+00
1.000000e+00
1.000000e+00
1.000000e+00
9.675722e-01
9.704714e-01
9.740059e-01
9.779583e-01
9.820709e-01
9.860759e-01
9.897300e-01
9.928479e-01
9.953261e-01
9.971522e-01
9.983925e-01
9.991647e-01
9.996029e-01
9.998283e-01
9.999328e-01
9.999764e-01
9.999926e-01
9.999979e-01
9.999995e-01
9.999999e-01
1.000000e+00
1.000000e+00
1.000000e+00
1.000000e+00
1.000000e+00
1.000000e+00
1.000000e+00
1.000000e+00
1.000000e+00
1.000000e+00
1.000000e+00
1.000000e+00
1.000000e+00
1.000000e+00
1.000000e+00
1.000000e+00
1.000000e+00
1.000000e+00
1.000000e+00
1.000000e+00
9.895409e-01
9.906049e-01
9.919089e-01
9.933380e-01
9.947745e-01
9.961122e-01
9.972697e-01
9.981998e-01
9.988918e-01
9.993668e-01
9.996661e-01
9.998385e-01
9.999287e-01
9.999714e-01
9.999897e-01
9.999966e-01
9.999990e-01
9.999997e-01
9.999999e-01
1.000000e+00
1.000000e+00
1.000000e+00
1.000000e+00
1.000000e+00
1.000000e+00
1.000000e+00
1.000000e+00
1.000000e+00
1.000000e+00
1.000000e+00
1.000000e+00
1.000000e+00
1.000000e+00
1.000000e+00
1.000000e+00
1.000000e+00
1.000000e+00
1.000000e+00
1.000000e+00
1.000000e+00
9.972845e-01
9.975902e-01
9.979677e-01
9.983741e-01
9.987696e-01
9.991224e-01
9.994127e-01
9.996329e-01
9.997868e-01
9.998856e-01
9.999435e-01
9.999745e-01
9.999895e-01
9.999961e-01
9.999987e-01
9.999996e-01
9.999999e-01
1.000000e+00
1.000000e+00
1.000000e+00
1.000000e+00
1.000000e+00
1.000000e+00
1.000000e+00
1.000000e+00
1.000000e+00
1.000000e+00
1.000000e+00
1.000000e+00
1.000000e+00
1.000000e+00
1.000000e+00
1.000000e+00
1.000000e+00
1.000000e+00
1.000000e+00
1.000000e+00
1.000000e+00
1.000000e+00
1.000000e+00
9.994417e-01
9.995101e-01
9.995951e-01
9.996849e-01
9.997698e-01
9.998424e-01
9.998994e-01
9.999403e-01
9.999672e-01
9.999835e-01
9.999923e-01
9.999968e-01
9.999988e-01
9.999996e-01
9.999999e-01
1.000000e+00
1.000000e+00
1.000000e+00
1.000000e+00
1.000000e+00
1.000000e+00
1.000000e+00
1.000000e+00
1.000000e+00
1.000000e+00
1.000000e+00
1.000000e+00
1.000000e+00
1.000000e+00
1.000000e+00
1.000000e+00
1.000000e+00
1.000000e+00
1.000000e+00
1.000000e+00
1.000000e+00
1.000000e+00
1.000000e+00
1.000000e+00
1.000000e+00
9.999112e-01
9.999229e-01
9.999375e-01
9.999527e-01
9.999666e-01
9.999780e-01
9.999866e-01
9.999924e-01
9.999961e-01
9.999981e-01
9.999992e-01
9.999997e-01
9.999999e-01
1.000000e+00
1.000000e+00
1.000000e+00
1.000000e+00
1.000000e+00
1.000000e+00
1.000000e+00
1.000000e+00
1.000000e+00
1.000000e+00
1.000000e+00
1.000000e+00
1.000000e+00
1.000000e+00
1.000000e+00
1.000000e+00
1.000000e+00
1.000000e+00
1.000000e+00
1.000000e+00
1.000000e+00
1.000000e+00
1.000000e+00
1.000000e+00
1.000000e+00
1.000000e+00
1.000000e+00
9.999894e-01
9.999909e-01
9.999928e-01
9.999947e-01
9.999964e-01
9.999977e-01
9.999987e-01
9.999993e-01
9.999996e-01
9.999998e-01
9.999999e-01
1.000000e+00
1.000000e+00
1.000000e+00
1.000000e+00
1.000000e+00
1.000000e+00
1.000000e+00
1.000000e+00
1.000000e+00
1.000000e+00
1.000000e+00
1.000000e+00
1.000000e+00
1.000000e+00
1.000000e+00
1.000000e+00
1.000000e+00
1.000000e+00
1.000000e+00
1.000000e+00
1.000000e+00
1.000000e+00
1.000000e+00
1.000000e+00
1.000000e+00
1.000000e+00
1.000000e+00
1.000000e+00
1.000000e+00
9.999991e-01
9.999992e-01
9.999994e-01
9.999996e-01
9.999997e-01
9.999998e-01
9.999999e-01
1.000000e+00
1.000000e+00
1.000000e+00
1.000000e+00
1.000000e+00
1.000000e+00
1.000000e+00
1.000000e+00
1.000000e+00
1.000000e+00
1.000000e+00
1.000000e+00
1.000000e+00
1.000000e+00
1.000000e+00
1.000000e+00
1.000000e+00
1.000000e+00
1.000000e+00
1.000000e+00
1.000000e+00
1.000000e+00
1.000000e+00
1.000000e+00
1.000000e+00
1.000000e+00
1.000000e+00
1.000000e+00
1.000000e+00
1.000000e+00
1.000000e+00
1.000000e+00
1.000000e+00
1.000000e+00
1.000000e+00
1.000000e+00
1.000000e+00
1.000000e+00
1.000000e+00
1.000000e+00
1.000000e+00
1.000000e+00
1.000000e+00
1.000000e+00
1.000000e+00
1.000000e+00
1.000000e+00
1.000000e+00
1.000000e+00
1.000000e+00
1.000000e+00
1.000000e+00
1.000000e+00
1.000000e+00
1.000000e+00
1.000000e+00
1.000000e+00
1.000000e+00
1.000000e+00
1.000000e+00
1.000000e+00
1.000000e+00
1.000000e+00
1.000000e+00
1.000000e+00
1.000000e+00
1.000000e+00
1.000000e+00
1.000000e+00
1.000000e+00
1.000000e+00
1.000000e+00
1.000000e+00
1.000000e+00
1.000000e+00
1.000000e+00
1.000000e+00
1.000000e+00
1.000000e+00
1.000000e+00
1.000000e+00
1.000000e+00
1.000000e+00
1.000000e+00
1.000000e+00
1.000000e+00
1.000000e+00
1.000000e+00
1.000000e+00
1.000000e+00
1.000000e+00
1.000000e+00
1.000000e+00
1.000000e+00
1.000000e+00
1.000000e+00
1.000000e+00
1.000000e+00
1.000000e+00
1.000000e+00
1.000000e+00
1.000000e+00
1.000000e+00
1.000000e+00
1.000000e+00
1.000000e+00
1.000000e+00
1.000000e+00
1.000000e+00
1.000000e+00
1.000000e+00
1.000000e+00
1.000000e+00
