2.003074e+06
2.002731e+06
2.002523e+06
2.002379e+06
2.002269e+06
2.002181e+06
2.002107e+06
2.002044e+06
2.001988e+06
2.001938e+06
2.001893e+06
2.001852e+06
2.001813e+06
2.001778e+06
2.001744e+06
2.001712e+06
2.001682e+06
2.001654e+06
2.001626e+06
2.001599e+06
2.001574e+06
2.001548e+06
2.001524e+06
2.001500e+06
2.001477e+06
2.001454e+06
2.001431e+06
2.001408e+06
2.001384e+06
2.001359e+06
2.001332e+06
2.001302e+06
2.001268e+06
2.001228e+06
2.001181e+06
2.001123e+06
2.001050e+06
2.000953e+06
2.000810e+06
2.000572e+06
2.002723e+06
2.002587e+06
2.002451e+06
2.002336e+06
2.002240e+06
2.002159e+06
2.002089e+06
2.002028e+06
2.001974e+06
2.001926e+06
2.001881e+06
2.001841e+06
2.001803e+06
2.001767e+06
2.001734e+06
2.001703e+06
2.001673e+06
2.001644e+06
2.001617e+06
2.001591e+06
2.001565e+06
2.001540e+06
2.001515e+06
2.001491e+06
2.001468e+06
2.001444e+06
2.001421e+06
2.001397e+06
2.001373e+06
2.001347e+06
2.001320e+06
2.001290e+06
2.001256e+06
2.001217e+06
2.001172e+06
2.001119e+06
2.001055e+06
2.000976e+06
2.000883e+06
2.000789e+06
2.002508e+06
2.002444e+06
2.002359e+06
2.002274e+06
2.002195e+06
2.002125e+06
2.002062e+06
2.002006e+06
2.001955e+06
2.001909e+06
2.001866e+06
2.001827e+06
2.001790e+06
2.001755e+06
2.001723e+06
2.001692e+06
2.001662e+06
2.001634e+06
2.001607e+06
2.001581e+06
2.001556e+06
2.001531e+06
2.001506e+06
2.001482e+06
2.001459e+06
2.001435e+06
2.001412e+06
2.001388e+06
2.001364e+06
2.001338e+06
2.001311e+06
2.001282e+06
2.001249e+06
2.001213e+06
2.001172e+06
2.001125e+06
2.001072e+06
2.001014e+06
2.000956e+06
2.000912e+06
2.002356e+06
2.002321e+06
2.002267e+06
2.002205e+06
2.002143e+06
2.002084e+06
2.002029e+06
2.001978e+06
2.001931e+06
2.001888e+06
2.001848e+06
2.001810e+06
2.001774e+06
2.001741e+06
2.001709e+06
2.001679e+06
2.001651e+06
2.001623e+06
2.001596e+06
2.001571e+06
2.001546e+06
2.001521e+06
2.001497e+06
2.001474e+06
2.001450e+06
2.001427e+06
2.001404e+06
2.001380e+06
2.001356e+06
2.001331e+06
2.001305e+06
2.001277e+06
2.001246e+06
2.001213e+06
2.001176e+06
2.001136e+06
2.001094e+06
2.001052e+06
2.001015e+06
2.000991e+06
2.002240e+06
2.002218e+06
2.002181e+06
2.002136e+06
2.002088e+06
2.002039e+06
2.001992e+06
2.001947e+06
2.001904e+06
2.001864e+06
2.001826e+06
2.001791e+06
2.001757e+06
2.001725e+06
2.001695e+06
2.001666e+06
2.001638e+06
2.001611e+06
2.001585e+06
2.001560e+06
2.001535e+06
2.001511e+06
2.001488e+06
2.001465e+06
2.001442e+06
2.001419e+06
2.001396e+06
2.001373e+06
2.001350e+06
2.001326e+06
2.001300e+06
2.001273e+06
2.001245e+06
2.001215e+06
2.001183e+06
2.001150e+06
2.001117e+06
2.001086e+06
2.001060e+06
2.001045e+06
2.002146e+06
2.002131e+06
2.002105e+06
2.002071e+06
2.002032e+06
2.001992e+06
2.001952e+06
2.001913e+06
2.001875e+06
2.001838e+06
2.001803e+06
2.001770e+06
2.001738e+06
2.001708e+06
2.001679e+06
2.001651e+06
2.001624e+06
2.001598e+06
2.001573e+06
2.001548e+06
2.001524e+06
2.001501e+06
2.001478e+06
2.001455e+06
2.001433e+06
2.001411e+06
2.001389e+06
2.001367e+06
2.001344e+06
2.001321e+06
2.001296e+06
2.001271e+06
2.001245e+06
2.001218e+06
2.001191e+06
2.001163e+06
2.001136e+06
2.001113e+06
2.001095e+06
2.001085e+06
2.002066e+06
2.002055e+06
2.002036e+06
2.002009e+06
2.001979e+06
2.001946e+06
2.001911e+06
2.001877e+06
2.001843e+06
2.001810e+06
2.001778e+06
2.001747e+06
2.001718e+06
2.001689e+06
2.001661e+06
2.001635e+06
2.001609e+06
2.001584e+06
2.001560e+06
2.001536e+06
2.001513e+06
2.001490e+06
2.001468e+06
2.001446e+06
2.001425e+06
2.001403e+06
2.001382e+06
2.001360e+06
2.001338e+06
2.001316e+06
2.001293e+06
2.001270e+06
2.001246e+06
2.001222e+06
2.001198e+06
2.001175e+06
2.001153e+06
2.001135e+06
2.001121e+06
2.001114e+06
2.001996e+06
2.001988e+06
2.001973e+06
2.001953e+06
2.001928e+06
2.001900e+06
2.001871e+06
2.001841e+06
2.001811e+06
2.001781e+06
2.001752e+06
2.001724e+06
2.001696e+06
2.001669e+06
2.001643e+06
2.001618e+06
2.001593e+06
2.001569e+06
2.001546e+06
2.001523e+06
2.001501e+06
2.001479e+06
2.001458e+06
2.001437e+06
2.001416e+06
2.001395e+06
2.001374e+06
2.001354e+06
2.001333e+06
2.001312e+06
2.001290e+06
2.001268e+06
2.001247e+06
2.001225e+06
2.001204e+06
2.001185e+06
2.001167e+06
2.001152e+06
2.001142e+06
2.001136e+06
2.001935e+06
2.001928e+06
2.001917e+06
2.001900e+06
2.001880e+06
2.001856e+06
2.001832e+06
2.001805e+06
2.001779e+06
2.001752e+06
2.001726e+06
2.001699e+06
2.001674e+06
2.001649e+06
2.001624e+06
2.001600e+06
2.001577e+06
2.001554e+06
2.001532e+06
2.001510e+06
2.001488e+06
2.001468e+06
2.001447e+06
2.001427e+06
2.001407e+06
2.001387e+06
2.001367e+06
2.001347e+06
2.001327e+06
2.001307e+06
2.001287e+06
2.001266e+06
2.001247e+06
2.001227e+06
2.001209e+06
2.001192e+06
2.001178e+06
2.001166e+06
2.001157e+06
2.001153e+06
2.001879e+06
2.001874e+06
2.001865e+06
2.001851e+06
2.001834e+06
2.001814e+06
2.001793e+06
2.001770e+06
2.001747e+06
2.001723e+06
2.001699e+06
2.001675e+06
2.001651e+06
2.001627e+06
2.001604e+06
2.001582e+06
2.001560e+06
2.001538e+06
2.001517e+06
2.001496e+06
2.001476e+06
2.001456e+06
2.001436e+06
2.001417e+06
2.001398e+06
2.001378e+06
2.001359e+06
2.001340e+06
2.001321e+06
2.001302e+06
2.001283e+06
2.001264e+06
2.001246e+06
2.001229e+06
2.001213e+06
2.001198e+06
2.001186e+06
2.001176e+06
2.001169e+06
2.001165e+06
2.001829e+06
2.001825e+06
2.001817e+06
2.001805e+06
2.001791e+06
2.001774e+06
2.001756e+06
2.001736e+06
2.001715e+06
2.001693e+06
2.001672e+06
2.001650e+06
2.001628e+06
2.001606e+06
2.001584e+06
2.001563e+06
2.001542e+06
2.001522e+06
2.001502e+06
2.001482e+06
2.001463e+06
2.001443e+06
2.001425e+06
2.001406e+06
2.001388e+06
2.001369e+06
2.001351e+06
2.001332e+06
2.001314e+06
2.001296e+06
2.001278e+06
2.001261e+06
2.001244e+06
2.001229e+06
2.001214e+06
2.001202e+06
2.001191e+06
2.001182e+06
2.001176e+06
2.001173e+06
2.001783e+06
2.001779e+06
2.001772e+06
2.001763e+06
2.001751e+06
2.001736e+06
2.001720e+06
2.001702e+06
2.001684e+06
2.001664e+06
2.001644e+06
2.001624e+06
2.001604e+06
2.001584e+06
2.001564e+06
2.001544e+06
2.001525e+06
2.001505e+06
2.001486e+06
2.001467e+06
2.001449e+06
2.001431e+06
2.001413e+06
2.001395e+06
2.001378e+06
2.001360e+06
2.001342e+06
2.001324e+06
2.001307e+06
2.001289e+06
2.001273e+06
2.001257e+06
2.001242e+06
2.001228e+06
2.001215e+06
2.001203e+06
2.001194e+06
2.001187e+06
2.001182e+06
2.001179e+06
2.001740e+06
2.001737e+06
2.001731e+06
2.001723e+06
2.001712e+06
2.001700e+06
2.001685e+06
2.001670e+06
2.001653e+06
2.001636e+06
2.001618e+06
2.001599e+06
2.001581e+06
2.001562e+06
2.001544e+06
2.001525e+06
2.001507e+06
2.001488e+06
2.001470e+06
2.001453e+06
2.001435e+06
2.001418e+06
2.001401e+06
2.001384e+06
2.001367e+06
2.001349e+06
2.001332e+06
2.001315e+06
2.001298e+06
2.001282e+06
2.001267e+06
2.001252e+06
2.001238e+06
2.001225e+06
2.001213e+06
2.001203e+06
2.001195e+06
2.001189e+06
2.001184e+06
2.001182e+06
2.001700e+06
2.001697e+06
2.001692e+06
2.001685e+06
2.001676e+06
2.001665e+06
2.001652e+06
2.001638e+06
2.001623e+06
2.001608e+06
2.001591e+06
2.001575e+06
2.001557e+06
2.001540e+06
2.001523e+06
2.001506e+06
2.001488e+06
2.001471e+06
2.001454e+06
2.001438e+06
2.001421e+06
2.001405e+06
2.001389e+06
2.001372e+06
2.001355e+06
2.001338e+06
2.001322e+06
2.001305e+06
2.001290e+06
2.001274e+06
2.001260e+06
2.001246e+06
2.001233e+06
2.001221e+06
2.001211e+06
2.001202e+06
2.001194e+06
2.001188e+06
2.001184e+06
2.001182e+06
2.001662e+06
2.001660e+06
2.001656e+06
2.001649e+06
2.001641e+06
2.001632e+06
2.001620e+06
2.001608e+06
2.001595e+06
2.001580e+06
2.001565e+06
2.001550e+06
2.001534e+06
2.001518e+06
2.001502e+06
2.001486e+06
2.001470e+06
2.001454e+06
2.001438e+06
2.001422e+06
2.001406e+06
2.001391e+06
2.001375e+06
2.001359e+06
2.001343e+06
2.001326e+06
2.001310e+06
2.001295e+06
2.001280e+06
2.001265e+06
2.001252e+06
2.001239e+06
2.001227e+06
2.001216e+06
2.001207e+06
2.001198e+06
2.001192e+06
2.001186e+06
2.001183e+06
2.001181e+06
2.001627e+06
2.001625e+06
2.001621e+06
2.001616e+06
2.001608e+06
2.001600e+06
2.001590e+06
2.001579e+06
2.001567e+06
2.001554e+06
2.001540e+06
2.001526e+06
2.001511e+06
2.001497e+06
2.001482e+06
2.001467e+06
2.001451e+06
2.001436e+06
2.001421e+06
2.001406e+06
2.001391e+06
2.001377e+06
2.001361e+06
2.001345e+06
2.001329e+06
2.001314e+06
2.001298e+06
2.001284e+06
2.001269e+06
2.001256e+06
2.001243e+06
2.001231e+06
2.001220e+06
2.001210e+06
2.001201e+06
2.001194e+06
2.001187e+06
2.001183e+06
2.001180e+06
2.001178e+06
2.001593e+06
2.001592e+06
2.001588e+06
2.001583e+06
2.001577e+06
2.001569e+06
2.001560e+06
2.001550e+06
2.001539e+06
2.001528e+06
2.001515e+06
2.001502e+06
2.001489e+06
2.001475e+06
2.001461e+06
2.001447e+06
2.001433e+06
2.001419e+06
2.001404e+06
2.001390e+06
2.001376e+06
2.001361e+06
2.001346e+06
2.001331e+06
2.001315e+06
2.001300e+06
2.001286e+06
2.001271e+06
2.001258e+06
2.001245e+06
2.001233e+06
2.001222e+06
2.001212e+06
2.001203e+06
2.001194e+06
2.001188e+06
2.001182e+06
2.001178e+06
2.001175e+06
2.001173e+06
2.001562e+06
2.001560e+06
2.001557e+06
2.001553e+06
2.001547e+06
2.001540e+06
2.001532e+06
2.001523e+06
2.001513e+06
2.001502e+06
2.001491e+06
2.001479e+06
2.001466e+06
2.001454e+06
2.001441e+06
2.001428e+06
2.001414e+06
2.001401e+06
2.001387e+06
2.001374e+06
2.001360e+06
2.001345e+06
2.001330e+06
2.001315e+06
2.001301e+06
2.001286e+06
2.001272e+06
2.001259e+06
2.001246e+06
2.001234e+06
2.001223e+06
2.001212e+06
2.001203e+06
2.001194e+06
2.001187e+06
2.001180e+06
2.001175e+06
2.001171e+06
2.001168e+06
2.001167e+06
2.001531e+06
2.001530e+06
2.001527e+06
2.001523e+06
2.001518e+06
2.001512e+06
2.001505e+06
2.001496e+06
2.001487e+06
2.001477e+06
2.001467e+06
2.001456e+06
2.001444e+06
2.001433e+06
2.001421e+06
2.001408e+06
2.001396e+06
2.001383e+06
2.001370e+06
2.001357e+06
2.001343e+06
2.001328e+06
2.001314e+06
2.001299e+06
2.001285e+06
2.001271e+06
2.001258e+06
2.001245e+06
2.001233e+06
2.001222e+06
2.001211e+06
2.001201e+06
2.001192e+06
2.001184e+06
2.001177e+06
2.001172e+06
2.001167e+06
2.001163e+06
2.001161e+06
2.001159e+06
2.001502e+06
2.001501e+06
2.001499e+06
2.001495e+06
2.001490e+06
2.001485e+06
2.001478e+06
2.001471e+06
2.001462e+06
2.001453e+06
2.001444e+06
2.001433e+06
2.001423e+06
2.001412e+06
2.001400e+06
2.001389e+06
2.001377e+06
2.001364e+06
2.001352e+06
2.001339e+06
2.001325e+06
2.001311e+06
2.001296e+06
2.001282e+06
2.001269e+06
2.001256e+06
2.001243e+06
2.001231e+06
2.001220e+06
2.001209e+06
2.001199e+06
2.001190e+06
2.001181e+06
2.001174e+06
2.001167e+06
2.001162e+06
2.001157e+06
2.001154e+06
2.001152e+06
2.001151e+06
2.001475e+06
2.001473e+06
2.001471e+06
2.001468e+06
2.001464e+06
2.001459e+06
2.001453e+06
2.001446e+06
2.001438e+06
2.001430e+06
2.001421e+06
2.001411e+06
2.001401e+06
2.001391e+06
2.001380e+06
2.001369e+06
2.001357e+06
2.001345e+06
2.001333e+06
2.001320e+06
2.001306e+06
2.001292e+06
2.001278e+06
2.001265e+06
2.001252e+06
2.001239e+06
2.001227e+06
2.001216e+06
2.001205e+06
2.001195e+06
2.001186e+06
2.001177e+06
2.001169e+06
2.001162e+06
2.001156e+06
2.001151e+06
2.001147e+06
2.001144e+06
2.001142e+06
2.001141e+06
2.001448e+06
2.001447e+06
2.001445e+06
2.001442e+06
2.001438e+06
2.001433e+06
2.001428e+06
2.001421e+06
2.001414e+06
2.001407e+06
2.001398e+06
2.001389e+06
2.001380e+06
2.001370e+06
2.001360e+06
2.001349e+06
2.001338e+06
2.001326e+06
2.001313e+06
2.001300e+06
2.001286e+06
2.001273e+06
2.001260e+06
2.001247e+06
2.001235e+06
2.001223e+06
2.001211e+06
2.001201e+06
2.001190e+06
2.001181e+06
2.001172e+06
2.001164e+06
2.001157e+06
2.001150e+06
2.001144e+06
2.001139e+06
2.001136e+06
2.001133e+06
2.001131e+06
2.001130e+06
2.001422e+06
2.001421e+06
2.001419e+06
2.001417e+06
2.001413e+06
2.001409e+06
2.001404e+06
2.001398e+06
2.001391e+06
2.001384e+06
2.001376e+06
2.001367e+06
2.001358e+06
2.001349e+06
2.001339e+06
2.001328e+06
2.001317e+06
2.001305e+06
2.001293e+06
2.001279e+06
2.001266e+06
2.001253e+06
2.001241e+06
2.001229e+06
2.001217e+06
2.001206e+06
2.001195e+06
2.001185e+06
2.001175e+06
2.001166e+06
2.001158e+06
2.001150e+06
2.001143e+06
2.001137e+06
2.001131e+06
2.001127e+06
2.001123e+06
2.001120e+06
2.001119e+06
2.001118e+06
2.001397e+06
2.001396e+06
2.001395e+06
2.001392e+06
2.001389e+06
2.001385e+06
2.001380e+06
2.001374e+06
2.001368e+06
2.001361e+06
2.001354e+06
2.001345e+06
2.001337e+06
2.001327e+06
2.001317e+06
2.001306e+06
2.001295e+06
2.001283e+06
2.001271e+06
2.001258e+06
2.001245e+06
2.001233e+06
2.001221e+06
2.001210e+06
2.001198e+06
2.001188e+06
2.001178e+06
2.001168e+06
2.001159e+06
2.001150e+06
2.001142e+06
2.001135e+06
2.001129e+06
2.001123e+06
2.001118e+06
2.001113e+06
2.001110e+06
2.001107e+06
2.001106e+06
2.001105e+06
2.001373e+06
2.001372e+06
2.001370e+06
2.001368e+06
2.001365e+06
2.001361e+06
2.001356e+06
2.001351e+06
2.001345e+06
2.001338e+06
2.001331e+06
2.001323e+06
2.001314e+06
2.001305e+06
2.001294e+06
2.001284e+06
2.001272e+06
2.001260e+06
2.001248e+06
2.001236e+06
2.001224e+06
2.001213e+06
2.001201e+06
2.001190e+06
2.001180e+06
2.001170e+06
2.001160e+06
2.001151e+06
2.001142e+06
2.001134e+06
2.001126e+06
2.001120e+06
2.001113e+06
2.001108e+06
2.001103e+06
2.001099e+06
2.001096e+06
2.001093e+06
2.001092e+06
2.001091e+06
2.001349e+06
2.001348e+06
2.001346e+06
2.001344e+06
2.001341e+06
2.001337e+06
2.001333e+06
2.001328e+06
2.001322e+06
2.001315e+06
2.001308e+06
2.001299e+06
2.001291e+06
2.001281e+06
2.001271e+06
2.001260e+06
2.001249e+06
2.001237e+06
2.001225e+06
2.001214e+06
2.001203e+06
2.001192e+06
2.001181e+06
2.001171e+06
2.001160e+06
2.001151e+06
2.001142e+06
2.001133e+06
2.001125e+06
2.001117e+06
2.001110e+06
2.001103e+06
2.001098e+06
2.001092e+06
2.001088e+06
2.001084e+06
2.001081e+06
2.001079e+06
2.001077e+06
2.001076e+06
2.001324e+06
2.001324e+06
2.001322e+06
2.001320e+06
2.001317e+06
2.001313e+06
2.001309e+06
2.001303e+06
2.001297e+06
2.001291e+06
2.001283e+06
2.001275e+06
2.001266e+06
2.001256e+06
2.001246e+06
2.001236e+06
2.001225e+06
2.001214e+06
2.001203e+06
2.001192e+06
2.001181e+06
2.001170e+06
2.001160e+06
2.001150e+06
2.001141e+06
2.001132e+06
2.001123e+06
2.001115e+06
2.001107e+06
2.001100e+06
2.001093e+06
2.001087e+06
2.001081e+06
2.001076e+06
2.001072e+06
2.001068e+06
2.001065e+06
2.001063e+06
2.001062e+06
2.001061e+06
2.001300e+06
2.001299e+06
2.001297e+06
2.001295e+06
2.001292e+06
2.001288e+06
2.001284e+06
2.001278e+06
2.001272e+06
2.001265e+06
2.001257e+06
2.001249e+06
2.001240e+06
2.001231e+06
2.001221e+06
2.001211e+06
2.001200e+06
2.001190e+06
2.001179e+06
2.001169e+06
2.001159e+06
2.001149e+06
2.001139e+06
2.001130e+06
2.001121e+06
2.001112e+06
2.001104e+06
2.001096e+06
2.001088e+06
2.001082e+06
2.001075e+06
2.001069e+06
2.001064e+06
2.001059e+06
2.001055e+06
2.001052e+06
2.001049e+06
2.001047e+06
2.001046e+06
2.001045e+06
2.001274e+06
2.001273e+06
2.001271e+06
2.001269e+06
2.001266e+06
2.001262e+06
2.001257e+06
2.001252e+06
2.001246e+06
2.001239e+06
2.001231e+06
2.001223e+06
2.001214e+06
2.001205e+06
2.001195e+06
2.001186e+06
2.001176e+06
2.001166e+06
2.001156e+06
2.001146e+06
2.001137e+06
2.001127e+06
2.001118e+06
2.001109e+06
2.001101e+06
2.001092e+06
2.001084e+06
2.001077e+06
2.001070e+06
2.001063e+06
2.001057e+06
2.001051e+06
2.001046e+06
2.001042e+06
2.001038e+06
2.001035e+06
2.001032e+06
2.001030e+06
2.001029e+06
2.001028e+06
2.001247e+06
2.001246e+06
2.001244e+06
2.001242e+06
2.001239e+06
2.001235e+06
2.001230e+06
2.001224e+06
2.001218e+06
2.001211e+06
2.001204e+06
2.001196e+06
2.001188e+06
2.001179e+06
2.001170e+06
2.001161e+06
2.001152e+06
2.001142e+06
2.001133e+06
2.001124e+06
2.001114e+06
2.001105e+06
2.001097e+06
2.001088e+06
2.001080e+06
2.001072e+06
2.001064e+06
2.001057e+06
2.001050e+06
2.001044e+06
2.001038e+06
2.001033e+06
2.001028e+06
2.001024e+06
2.001020e+06
2.001017e+06
2.001014e+06
2.001012e+06
2.001011e+06
2.001011e+06
2.001219e+06
2.001218e+06
2.001216e+06
2.001214e+06
2.001211e+06
2.001207e+06
2.001202e+06
2.001197e+06
2.001191e+06
2.001184e+06
2.001177e+06
2.001169e+06
2.001161e+06
2.001153e+06
2.001145e+06
2.001136e+06
2.001127e+06
2.001118e+06
2.001109e+06
2.001101e+06
2.001092e+06
2.001083e+06
2.001075e+06
2.001067e+06
2.001059e+06
2.001051e+06
2.001044e+06
2.001037e+06
2.001031e+06
2.001024e+06
2.001019e+06
2.001014e+06
2.001009e+06
2.001005e+06
2.001001e+06
2.000998e+06
2.000996e+06
2.000994e+06
2.000993e+06
2.000992e+06
2.001190e+06
2.001190e+06
2.001188e+06
2.001186e+06
2.001183e+06
2.001179e+06
2.001174e+06
2.001169e+06
2.001163e+06
2.001157e+06
2.001150e+06
2.001143e+06
2.001135e+06
2.001128e+06
2.001120e+06
2.001111e+06
2.001103e+06
2.001094e+06
2.001086e+06
2.001078e+06
2.001069e+06
2.001061e+06
2.001053e+06
2.001045e+06
2.001038e+06
2.001030e+06
2.001023e+06
2.001017e+06
2.001010e+06
2.001005e+06
2.000999e+06
2.000994e+06
2.000990e+06
2.000986e+06
2.000982e+06
2.000979e+06
2.000977e+06
2.000975e+06
2.000974e+06
2.000974e+06
2.001162e+06
2.001161e+06
2.001160e+06
2.001157e+06
2.001154e+06
2.001151e+06
2.001147e+06
2.001142e+06
2.001136e+06
2.001130e+06
2.001124e+06
2.001117e+06
2.001110e+06
2.001102e+06
2.001095e+06
2.001087e+06
2.001079e+06
2.001071e+06
2.001063e+06
2.001054e+06
2.001046e+06
2.001039e+06
2.001031e+06
2.001023e+06
2.001016e+06
2.001009e+06
2.001002e+06
2.000996e+06
2.000990e+06
2.000984e+06
2.000979e+06
2.000974e+06
2.000970e+06
2.000966e+06
2.000963e+06
2.000960e+06
2.000958e+06
2.000956e+06
2.000955e+06
2.000954e+06
2.001134e+06
2.001133e+06
2.001132e+06
2.001130e+06
2.001127e+06
2.001123e+06
2.001119e+06
2.001115e+06
2.001109e+06
2.001104e+06
2.001098e+06
2.001091e+06
2.001084e+06
2.001077e+06
2.001070e+06
2.001062e+06
2.001055e+06
2.001047e+06
2.001039e+06
2.001031e+06
2.001024e+06
2.001016e+06
2.001008e+06
2.001001e+06
2.000994e+06
2.000987e+06
2.000981e+06
2.000975e+06
2.000969e+06
2.000963e+06
2.000958e+06
2.000954e+06
2.000949e+06
2.000946e+06
2.000943e+06
2.000940e+06
2.000938e+06
2.000936e+06
2.000935e+06
2.000934e+06
2.001107e+06
2.001106e+06
2.001105e+06
2.001103e+06
2.001100e+06
2.001097e+06
2.001093e+06
2.001088e+06
2.001083e+06
2.001078e+06
2.001072e+06
2.001066e+06
2.001059e+06
2.001052e+06
2.001045e+06
2.001038e+06
2.001031e+06
2.001023e+06
2.001016e+06
2.001008e+06
2.001001e+06
2.000993e+06
2.000986e+06
2.000979e+06
2.000972e+06
2.000965e+06
2.000959e+06
2.000953e+06
2.000947e+06
2.000942e+06
2.000937e+06
2.000933e+06
2.000929e+06
2.000925e+06
2.000922e+06
2.000919e+06
2.000917e+06
2.000916e+06
2.000915e+06
2.000914e+06
2.001080e+06
2.001080e+06
2.001078e+06
2.001076e+06
2.001074e+06
2.001070e+06
2.001067e+06
2.001062e+06
2.001058e+06
2.001052e+06
2.001047e+06
2.001041e+06
2.001034e+06
2.001028e+06
2.001021e+06
2.001014e+06
2.001007e+06
2.000999e+06
2.000992e+06
2.000985e+06
2.000977e+06
2.000970e+06
2.000963e+06
2.000956e+06
2.000950e+06
2.000943e+06
2.000937e+06
2.000931e+06
2.000926e+06
2.000920e+06
2.000916e+06
2.000911e+06
2.000907e+06
2.000904e+06
2.000901e+06
2.000898e+06
2.000896e+06
2.000895e+06
2.000894e+06
2.000893e+06
2.001054e+06
2.001054e+06
2.001052e+06
2.001050e+06
2.001048e+06
2.001045e+06
2.001041e+06
2.001037e+06
2.001032e+06
2.001027e+06
2.001022e+06
2.001016e+06
2.001010e+06
2.001003e+06
2.000997e+06
2.000990e+06
2.000983e+06
2.000976e+06
2.000968e+06
2.000961e+06
2.000954e+06
2.000947e+06
2.000940e+06
2.000934e+06
2.000927e+06
2.000921e+06
2.000915e+06
2.000909e+06
2.000903e+06
2.000898e+06
2.000894e+06
2.000889e+06
2.000886e+06
2.000882e+06
2.000879e+06
2.000877e+06
2.000875e+06
2.000873e+06
2.000872e+06
2.000872e+06
2.001029e+06
2.001028e+06
2.001027e+06
2.001025e+06
2.001023e+06
2.001020e+06
2.001016e+06
2.001012e+06
2.001008e+06
2.001003e+06
2.000997e+06
2.000991e+06
2.000985e+06
2.000979e+06
2.000973e+06
2.000966e+06
2.000959e+06
2.000952e+06
2.000945e+06
2.000938e+06
2.000931e+06
2.000924e+06
2.000917e+06
2.000911e+06
2.000904e+06
2.000898e+06
2.000892e+06
2.000886e+06
2.000881e+06
2.000876e+06
2.000871e+06
2.000867e+06
2.000863e+06
2.000860e+06
2.000857e+06
2.000855e+06
2.000853e+06
2.000851e+06
2.000850e+06
2.000850e+06
2.001004e+06
2.001004e+06
2.001002e+06
2.001000e+06
2.000998e+06
2.000995e+06
2.000992e+06
2.000988e+06
2.000983e+06
2.000978e+06
2.000973e+06
2.000967e+06
2.000961e+06
2.000955e+06
2.000949e+06
2.000942e+06
2.000935e+06
2.000928e+06
2.000921e+06
2.000915e+06
2.000908e+06
2.000901e+06
2.000894e+06
2.000888e+06
2.000881e+06
2.000875e+06
2.000869e+06
2.000863e+06
2.000858e+06
2.000853e+06
2.000849e+06
2.000844e+06
2.000841e+06
2.000837e+06
2.000834e+06
2.000832e+06
2.000830e+06
2.000829e+06
2.000828e+06
2.000827e+06
2.000980e+06
2.000979e+06
2.000978e+06
2.000976e+06
2.000974e+06
2.000971e+06
2.000968e+06
2.000964e+06
2.000959e+06
2.000954e+06
2.000949e+06
2.000944e+06
2.000938e+06
2.000931e+06
2.000925e+06
2.000918e+06
2.000912e+06
2.000905e+06
2.000898e+06
2.000891e+06
2.000884e+06
2.000877e+06
2.000871e+06
2.000864e+06
2.000858e+06
2.000852e+06
2.000846e+06
2.000840e+06
2.000835e+06
2.000830e+06
2.000826e+06
2.000821e+06
2.000818e+06
2.000814e+06
2.000811e+06
2.000809e+06
2.000807e+06
2.000806e+06
2.000805e+06
2.000804e+06
