       Inf
2.557229e+03
1.258756e+03
8.348385e+02
6.240420e+02
4.979944e+02
4.142148e+02
3.545083e+02
3.098027e+02
2.750763e+02
2.473243e+02
2.246383e+02
2.057477e+02
1.897738e+02
1.760898e+02
1.642363e+02
1.538690e+02
1.447251e+02
1.366000e+02
1.293325e+02
1.227936e+02
1.168790e+02
1.115035e+02
1.065964e+02
1.020992e+02
9.796254e+01
9.414476e+01
9.061035e+01
8.732889e+01
8.427418e+01
8.142349e+01
7.875704e+01
7.625754e+01
7.390979e+01
7.170036e+01
6.961740e+01
6.765033e+01
6.578976e+01
6.402726e+01
6.235528e+01
6.076702e+01
5.925634e+01
5.781770e+01
5.644606e+01
5.513685e+01
5.388590e+01
5.268941e+01
5.154390e+01
5.044617e+01
4.939330e+01
4.838260e+01
4.741158e+01
4.647794e+01
4.557958e+01
4.471452e+01
4.388096e+01
4.307720e+01
4.230166e+01
4.155290e+01
4.082954e+01
4.013032e+01
3.945405e+01
3.879961e+01
3.816597e+01
3.755214e+01
3.695723e+01
3.638035e+01
3.582071e+01
3.527754e+01
3.475013e+01
3.423781e+01
3.373992e+01
3.325588e+01
3.278511e+01
3.232707e+01
3.188126e+01
3.144719e+01
3.102440e+01
3.061246e+01
3.021096e+01
2.981950e+01
2.943771e+01
2.906524e+01
2.870176e+01
2.834693e+01
2.800046e+01
2.766205e+01
2.733143e+01
2.700832e+01
2.669248e+01
2.638367e+01
2.608164e+01
2.578619e+01
2.549709e+01
2.521415e+01
2.493717e+01
2.466596e+01
2.440035e+01
2.414016e+01
2.388523e+01
2.363540e+01
2.339052e+01
2.315045e+01
2.291504e+01
2.268416e+01
2.245768e+01
2.223547e+01
2.201742e+01
2.180342e+01
2.159334e+01
2.138708e+01
2.118454e+01
2.098562e+01
2.079022e+01
2.059825e+01
2.040962e+01
2.022424e+01
2.004204e+01
1.986292e+01
1.968682e+01
1.951365e+01
1.934335e+01
1.917584e+01
1.901105e+01
1.884893e+01
1.868939e+01
1.853240e+01
1.837787e+01
1.822576e+01
1.807601e+01
1.792857e+01
1.778338e+01
1.764038e+01
1.749954e+01
1.736081e+01
1.722412e+01
1.708945e+01
1.695675e+01
1.682597e+01
1.669707e+01
1.657002e+01
1.644476e+01
1.632128e+01
1.619952e+01
1.607945e+01
1.596104e+01
1.584425e+01
1.572905e+01
1.561541e+01
1.550329e+01
1.539267e+01
1.528352e+01
1.517580e+01
1.506949e+01
1.496456e+01
1.486099e+01
1.475874e+01
1.465780e+01
1.455813e+01
1.445972e+01
1.436254e+01
1.426657e+01
1.417178e+01
1.407816e+01
1.398568e+01
1.389432e+01
1.380406e+01
1.371488e+01
1.362676e+01
1.353969e+01
1.345364e+01
1.336860e+01
1.328455e+01
1.320147e+01
1.311934e+01
1.303816e+01
1.295789e+01
1.287854e+01
1.280007e+01
1.272249e+01
1.264576e+01
1.256988e+01
1.249484e+01
1.242062e+01
1.234720e+01
1.227458e+01
1.220274e+01
1.213167e+01
1.206135e+01
1.199178e+01
1.192294e+01
1.185483e+01
1.178742e+01
1.172071e+01
1.165469e+01
1.158934e+01
1.152467e+01
1.146064e+01
1.139727e+01
1.133453e+01
1.127243e+01
1.121093e+01
1.115005e+01
1.108977e+01
1.103008e+01
1.097097e+01
1.091244e+01
1.085447e+01
1.079706e+01
1.074020e+01
1.068388e+01
1.062809e+01
1.057283e+01
1.051809e+01
1.046386e+01
1.041014e+01
1.035691e+01
1.030418e+01
1.025192e+01
1.020015e+01
1.014884e+01
1.009800e+01
1.004762e+01
9.997694e+00
9.948210e+00
9.899167e+00
9.850557e+00
9.802376e+00
9.754617e+00
9.707276e+00
9.660347e+00
9.613823e+00
9.567701e+00
9.521975e+00
9.476640e+00
9.431691e+00
9.387123e+00
9.342931e+00
9.299110e+00
9.255657e+00
9.212565e+00
9.169831e+00
9.127450e+00
9.085418e+00
9.043731e+00
9.002384e+00
8.961374e+00
8.920695e+00
8.880345e+00
8.840318e+00
8.800612e+00
8.761223e+00
8.722146e+00
8.683378e+00
8.644916e+00
8.606755e+00
8.568892e+00
8.531324e+00
8.494047e+00
8.457059e+00
8.420354e+00
8.383931e+00
8.347787e+00
8.311917e+00
8.276318e+00
8.240989e+00
8.205925e+00
8.171124e+00
8.136583e+00
8.102298e+00
8.068268e+00
8.034489e+00
8.000958e+00
7.967673e+00
7.934631e+00
7.901829e+00
7.869265e+00
7.836936e+00
7.804839e+00
7.772973e+00
7.741335e+00
7.709921e+00
7.678731e+00
7.647761e+00
7.617009e+00
7.586473e+00
7.556150e+00
7.526039e+00
7.496137e+00
7.466442e+00
7.436952e+00
7.407664e+00
7.378578e+00
7.349689e+00
7.320997e+00
7.292500e+00
7.264196e+00
7.236082e+00
7.208156e+00
7.180418e+00
7.152864e+00
7.125494e+00
7.098305e+00
7.071295e+00
7.044463e+00
7.017807e+00
6.991326e+00
6.965016e+00
6.938878e+00
6.912909e+00
6.887107e+00
6.861472e+00
6.836001e+00
6.810692e+00
6.785545e+00
6.760557e+00
6.735728e+00
6.711055e+00
6.686538e+00
6.662174e+00
6.637962e+00
6.613902e+00
6.589991e+00
6.566228e+00
6.542611e+00
6.519140e+00
6.495813e+00
6.472629e+00
6.449586e+00
6.426683e+00
6.403919e+00
6.381292e+00
6.358802e+00
6.336447e+00
6.314226e+00
6.292138e+00
6.270181e+00
6.248354e+00
6.226656e+00
6.205087e+00
6.183644e+00
6.162327e+00
6.141135e+00
6.120067e+00
6.099121e+00
6.078296e+00
6.057592e+00
6.037007e+00
6.016540e+00
5.996191e+00
5.975958e+00
5.955840e+00
5.935837e+00
5.915947e+00
5.896169e+00
5.876503e+00
5.856947e+00
5.837501e+00
5.818164e+00
5.798934e+00
5.779811e+00
5.760794e+00
5.741882e+00
5.723075e+00
5.704370e+00
5.685768e+00
5.667268e+00
5.648869e+00
5.630570e+00
5.612369e+00
5.594268e+00
5.576264e+00
5.558356e+00
5.540545e+00
5.522829e+00
5.505207e+00
5.487680e+00
5.470245e+00
5.452902e+00
5.435651e+00
5.418491e+00
5.401421e+00
5.384440e+00
5.367548e+00
5.350744e+00
5.334027e+00
5.317397e+00
5.300853e+00
5.284394e+00
5.268020e+00
5.251729e+00
5.235522e+00
5.219398e+00
5.203356e+00
5.187395e+00
5.171515e+00
5.155716e+00
5.139995e+00
5.124354e+00
5.108792e+00
5.093307e+00
5.077899e+00
5.062568e+00
5.047313e+00
5.032134e+00
5.017030e+00
5.002000e+00
4.987044e+00
4.972161e+00
4.957351e+00
4.942614e+00
4.927948e+00
4.913353e+00
4.898829e+00
4.884375e+00
4.869991e+00
4.855676e+00
4.841429e+00
4.827251e+00
4.813141e+00
4.799097e+00
4.785121e+00
4.771211e+00
4.757366e+00
4.743587e+00
4.729873e+00
4.716223e+00
4.702637e+00
4.689114e+00
4.675655e+00
4.662258e+00
4.648924e+00
4.635651e+00
4.622439e+00
4.609289e+00
4.596199e+00
4.583169e+00
4.570198e+00
4.557287e+00
4.544435e+00
4.531641e+00
4.518905e+00
4.506227e+00
4.493606e+00
4.481042e+00
4.468535e+00
4.456083e+00
4.443688e+00
4.431347e+00
4.419062e+00
4.406832e+00
4.394655e+00
4.382533e+00
4.370464e+00
4.358448e+00
4.346485e+00
4.334575e+00
4.322717e+00
4.310910e+00
4.299155e+00
4.287452e+00
4.275799e+00
4.264196e+00
4.252644e+00
4.241142e+00
4.229689e+00
4.218285e+00
4.206930e+00
4.195624e+00
4.184366e+00
4.173156e+00
4.161994e+00
4.150878e+00
4.139810e+00
4.128789e+00
4.117814e+00
4.106886e+00
4.096003e+00
4.085166e+00
4.074374e+00
4.063627e+00
4.052925e+00
4.042268e+00
4.031654e+00
4.021085e+00
4.010559e+00
4.000077e+00
3.989637e+00
3.979241e+00
3.968887e+00
3.958575e+00
3.948306e+00
3.938078e+00
3.927892e+00
3.917747e+00
3.907644e+00
3.897581e+00
3.887559e+00
3.877577e+00
3.867635e+00
3.857733e+00
3.847870e+00
3.838047e+00
3.828264e+00
3.818519e+00
3.808812e+00
3.799145e+00
3.789515e+00
3.779924e+00
3.770370e+00
3.760854e+00
3.751375e+00
3.741933e+00
3.732528e+00
3.723160e+00
3.713829e+00
3.704534e+00
3.695274e+00
3.686051e+00
3.676864e+00
3.667711e+00
3.658594e+00
3.649513e+00
3.640466e+00
3.631453e+00
3.622475e+00
3.613532e+00
3.604622e+00
3.595747e+00
3.586905e+00
3.578096e+00
3.569321e+00
3.560579e+00
3.551870e+00
3.543194e+00
3.534550e+00
3.525939e+00
3.517360e+00
3.508813e+00
3.500298e+00
3.491815e+00
3.483363e+00
3.474943e+00
3.466554e+00
3.458195e+00
3.449868e+00
3.441571e+00
3.433305e+00
3.425069e+00
3.416864e+00
3.408688e+00
3.400543e+00
3.392427e+00
3.384340e+00
3.376283e+00
3.368255e+00
3.360257e+00
3.352287e+00
3.344346e+00
3.336434e+00
3.328550e+00
3.320695e+00
3.312867e+00
3.305068e+00
3.297297e+00
3.289553e+00
3.281837e+00
3.274148e+00
3.266487e+00
3.258853e+00
3.251246e+00
3.243666e+00
3.236113e+00
3.228586e+00
3.221086e+00
3.213612e+00
3.206164e+00
3.198743e+00
3.191347e+00
3.183977e+00
3.176633e+00
3.169315e+00
3.162022e+00
3.154754e+00
3.147511e+00
3.140294e+00
3.133101e+00
3.125934e+00
3.118791e+00
3.111672e+00
3.104578e+00
3.097509e+00
3.090463e+00
3.083442e+00
3.076444e+00
3.069471e+00
3.062521e+00
3.055595e+00
3.048692e+00
3.041813e+00
3.034957e+00
3.028124e+00
3.021314e+00
3.014528e+00
3.007764e+00
3.001022e+00
2.994304e+00
2.987608e+00
2.980934e+00
2.974283e+00
2.967654e+00
2.961047e+00
2.954462e+00
2.947899e+00
2.941357e+00
2.934838e+00
2.928339e+00
2.921863e+00
2.915408e+00
2.908974e+00
2.902561e+00
2.896169e+00
2.889798e+00
2.883449e+00
2.877120e+00
2.870811e+00
2.864524e+00
2.858256e+00
2.852010e+00
2.845783e+00
2.839577e+00
2.833391e+00
2.827225e+00
2.821079e+00
2.814953e+00
2.808847e+00
2.802760e+00
2.796693e+00
2.790645e+00
2.784617e+00
2.778608e+00
2.772619e+00
2.766649e+00
2.760697e+00
2.754765e+00
2.748852e+00
2.742957e+00
2.737082e+00
2.731225e+00
2.725386e+00
2.719566e+00
2.713765e+00
2.707981e+00
2.702217e+00
2.696470e+00
2.690741e+00
2.685031e+00
2.679338e+00
2.673664e+00
2.668007e+00
2.662368e+00
2.656746e+00
2.651142e+00
2.645556e+00
2.639987e+00
2.634435e+00
2.628901e+00
2.623384e+00
2.617884e+00
2.612401e+00
2.606935e+00
2.601486e+00
2.596054e+00
2.590639e+00
2.585240e+00
2.579858e+00
2.574493e+00
2.569144e+00
2.563811e+00
2.558495e+00
2.553196e+00
2.547912e+00
2.542645e+00
2.537393e+00
2.532158e+00
2.526939e+00
2.521736e+00
2.516548e+00
2.511377e+00
2.506221e+00
2.501080e+00
2.495956e+00
2.490846e+00
2.485753e+00
2.480674e+00
2.475611e+00
2.470564e+00
2.465531e+00
2.460514e+00
2.455512e+00
2.450524e+00
2.445552e+00
2.440595e+00
2.435653e+00
2.430725e+00
2.425812e+00
2.420914e+00
2.416031e+00
2.411162e+00
2.406307e+00
2.401467e+00
2.396642e+00
2.391830e+00
2.387033e+00
2.382251e+00
2.377482e+00
2.372728e+00
2.367988e+00
2.363261e+00
2.358549e+00
2.353851e+00
2.349166e+00
2.344496e+00
2.339839e+00
2.335195e+00
2.330566e+00
2.325950e+00
2.321347e+00
2.316758e+00
2.312183e+00
2.307621e+00
2.303072e+00
2.298537e+00
2.294014e+00
2.289505e+00
2.285010e+00
2.280527e+00
2.276057e+00
2.271600e+00
2.267157e+00
2.262726e+00
2.258308e+00
2.253903e+00
2.249510e+00
2.245131e+00
2.240764e+00
2.236409e+00
2.232067e+00
2.227738e+00
2.223421e+00
2.219117e+00
2.214825e+00
2.210545e+00
2.206278e+00
2.202023e+00
2.197780e+00
2.193550e+00
2.189331e+00
2.185125e+00
2.180930e+00
2.176748e+00
2.172578e+00
2.168419e+00
2.164273e+00
2.160138e+00
2.156015e+00
2.151903e+00
2.147804e+00
2.143716e+00
2.139640e+00
2.135575e+00
2.131522e+00
2.127480e+00
2.123450e+00
2.119431e+00
2.115424e+00
2.111428e+00
2.107443e+00
2.103470e+00
2.099507e+00
2.095556e+00
2.091616e+00
2.087688e+00
2.083770e+00
2.079863e+00
2.075967e+00
2.072083e+00
2.068209e+00
2.064346e+00
2.060493e+00
2.056652e+00
2.052822e+00
2.049002e+00
2.045192e+00
2.041394e+00
2.037606e+00
2.033829e+00
2.030062e+00
2.026306e+00
2.022560e+00
2.018824e+00
2.015099e+00
2.011385e+00
2.007681e+00
2.003987e+00
2.000303e+00
1.996629e+00
1.992966e+00
1.989313e+00
1.985670e+00
1.982037e+00
1.978414e+00
1.974802e+00
1.971199e+00
1.967606e+00
1.964023e+00
1.960450e+00
1.956887e+00
1.953333e+00
1.949790e+00
1.946256e+00
1.942732e+00
1.939218e+00
1.935713e+00
1.932218e+00
1.928732e+00
1.925257e+00
1.921790e+00
1.918333e+00
1.914886e+00
1.911448e+00
1.908019e+00
1.904600e+00
1.901191e+00
1.897790e+00
1.894399e+00
1.891017e+00
1.887644e+00
1.884281e+00
1.880927e+00
1.877581e+00
1.874245e+00
1.870918e+00
1.867600e+00
1.864292e+00
1.860992e+00
1.857701e+00
1.854419e+00
1.851146e+00
1.847881e+00
1.844626e+00
1.841380e+00
1.838142e+00
1.834913e+00
1.831693e+00
1.828481e+00
1.825278e+00
1.822084e+00
1.818898e+00
1.815722e+00
1.812553e+00
1.809393e+00
1.806242e+00
1.803099e+00
1.799965e+00
1.796839e+00
1.793721e+00
1.790612e+00
1.787511e+00
1.784419e+00
1.781335e+00
1.778259e+00
1.775191e+00
1.772132e+00
1.769081e+00
1.766038e+00
