0.000000e+00
1.734571e-04
4.630895e-04
8.139851e-04
1.201859e-03
1.612050e-03
2.035365e-03
2.466429e-03
2.902103e-03
3.340511e-03
3.780527e-03
4.221480e-03
4.662966e-03
5.104749e-03
5.546685e-03
5.988692e-03
6.430721e-03
6.872745e-03
7.314749e-03
7.756722e-03
8.198662e-03
8.640564e-03
9.082430e-03
9.524258e-03
9.966049e-03
1.040780e-02
1.084953e-02
1.129121e-02
1.173287e-02
1.217449e-02
1.261608e-02
1.305764e-02
1.349918e-02
1.394068e-02
1.438216e-02
1.482362e-02
1.526504e-02
1.570644e-02
1.614782e-02
1.658918e-02
1.703051e-02
1.747181e-02
1.791310e-02
1.835437e-02
1.879561e-02
1.923683e-02
1.967804e-02
2.011922e-02
2.056039e-02
2.100154e-02
2.144267e-02
2.188378e-02
2.232487e-02
2.276595e-02
2.320701e-02
2.364805e-02
2.408908e-02
2.453009e-02
2.497108e-02
2.541206e-02
2.585303e-02
2.629398e-02
2.673492e-02
2.717584e-02
2.761675e-02
2.805764e-02
2.849852e-02
2.893939e-02
2.938025e-02
2.982109e-02
3.026192e-02
3.070274e-02
3.114354e-02
3.158433e-02
3.202511e-02
3.246588e-02
3.290664e-02
3.334739e-02
3.378812e-02
3.422885e-02
3.466956e-02
3.511026e-02
3.555096e-02
3.599164e-02
3.643231e-02
3.687297e-02
3.731362e-02
3.775426e-02
3.819489e-02
3.863551e-02
3.907613e-02
3.951673e-02
3.995732e-02
4.039791e-02
4.083848e-02
4.127905e-02
4.171961e-02
4.216016e-02
4.260070e-02
4.304123e-02
4.348175e-02
4.392227e-02
4.436277e-02
4.480327e-02
4.524376e-02
4.568424e-02
4.612472e-02
4.656518e-02
4.700564e-02
4.744609e-02
4.788654e-02
4.832697e-02
4.876740e-02
4.920782e-02
4.964824e-02
5.008865e-02
5.052905e-02
5.096944e-02
5.140982e-02
5.185020e-02
5.229057e-02
5.273094e-02
5.317130e-02
5.361165e-02
5.405200e-02
5.449233e-02
5.493267e-02
5.537299e-02
5.581331e-02
5.625362e-02
5.669393e-02
5.713423e-02
5.757453e-02
5.801481e-02
5.845510e-02
5.889537e-02
5.933564e-02
5.977591e-02
6.021617e-02
6.065642e-02
6.109667e-02
6.153691e-02
6.197714e-02
6.241737e-02
6.285760e-02
6.329782e-02
6.373803e-02
6.417824e-02
6.461844e-02
6.505864e-02
6.549883e-02
6.593902e-02
6.637920e-02
6.681938e-02
6.725955e-02
6.769972e-02
6.813988e-02
6.858003e-02
6.902018e-02
6.946033e-02
6.990047e-02
7.034061e-02
7.078074e-02
7.122087e-02
7.166099e-02
7.210111e-02
7.254122e-02
7.298133e-02
7.342143e-02
7.386153e-02
7.430162e-02
7.474171e-02
7.518180e-02
7.562188e-02
7.606195e-02
7.650203e-02
7.694209e-02
7.738216e-02
7.782221e-02
7.826227e-02
7.870232e-02
7.914236e-02
7.958241e-02
8.002244e-02
8.046248e-02
8.090250e-02
8.134253e-02
8.178255e-02
8.222257e-02
8.266258e-02
8.310259e-02
8.354259e-02
8.398259e-02
8.442259e-02
8.486258e-02
8.530257e-02
8.574256e-02
8.618254e-02
8.662251e-02
8.706249e-02
8.750246e-02
8.794242e-02
8.838239e-02
8.882234e-02
8.926230e-02
8.970225e-02
9.014220e-02
9.058214e-02
9.102208e-02
9.146202e-02
9.190195e-02
9.234188e-02
9.278181e-02
9.322173e-02
9.366165e-02
9.410156e-02
9.454148e-02
9.498139e-02
9.542129e-02
9.586119e-02
9.630109e-02
9.674099e-02
9.718088e-02
9.762077e-02
9.806065e-02
9.850053e-02
9.894041e-02
9.938029e-02
9.982016e-02
1.002600e-01
1.006999e-01
1.011398e-01
1.015796e-01
1.020195e-01
1.024593e-01
1.028992e-01
1.033390e-01
1.037789e-01
1.042187e-01
1.046585e-01
1.050984e-01
1.055382e-01
1.059780e-01
1.064179e-01
1.068577e-01
1.072975e-01
1.077373e-01
1.081771e-01
1.086169e-01
1.090568e-01
1.094966e-01
1.099364e-01
1.103762e-01
1.108160e-01
1.112558e-01
1.116955e-01
1.121353e-01
1.125751e-01
1.130149e-01
1.134547e-01
1.138945e-01
1.143342e-01
1.147740e-01
1.152138e-01
1.156535e-01
1.160933e-01
1.165331e-01
1.169728e-01
1.174126e-01
1.178523e-01
1.182921e-01
1.187318e-01
1.191716e-01
1.196113e-01
1.200511e-01
1.204908e-01
1.209305e-01
1.213703e-01
1.218100e-01
1.222497e-01
1.226895e-01
1.231292e-01
1.235689e-01
1.240086e-01
1.244483e-01
1.248880e-01
1.253278e-01
1.257675e-01
1.262072e-01
1.266469e-01
1.270866e-01
1.275263e-01
1.279660e-01
1.284057e-01
1.288454e-01
1.292850e-01
1.297247e-01
1.301644e-01
1.306041e-01
1.310438e-01
1.314835e-01
1.319231e-01
1.323628e-01
1.328025e-01
1.332421e-01
1.336818e-01
1.341215e-01
1.345611e-01
1.350008e-01
1.354404e-01
1.358801e-01
1.363198e-01
1.367594e-01
1.371991e-01
1.376387e-01
1.380783e-01
1.385180e-01
1.389576e-01
1.393973e-01
1.398369e-01
1.402765e-01
1.407162e-01
1.411558e-01
1.415954e-01
1.420351e-01
1.424747e-01
1.429143e-01
1.433539e-01
1.437935e-01
1.442332e-01
1.446728e-01
1.451124e-01
1.455520e-01
1.459916e-01
1.464312e-01
1.468708e-01
1.473104e-01
1.477500e-01
1.481896e-01
1.486292e-01
1.490688e-01
1.495084e-01
1.499480e-01
1.503876e-01
1.508272e-01
1.512667e-01
1.517063e-01
1.521459e-01
1.525855e-01
1.530251e-01
1.534646e-01
1.539042e-01
1.543438e-01
1.547834e-01
1.552229e-01
1.556625e-01
1.561021e-01
1.565416e-01
1.569812e-01
1.574208e-01
1.578603e-01
1.582999e-01
1.587394e-01
1.591790e-01
1.596185e-01
1.600581e-01
1.604976e-01
1.609372e-01
1.613767e-01
1.618163e-01
1.622558e-01
1.626953e-01
1.631349e-01
1.635744e-01
1.640139e-01
1.644535e-01
1.648930e-01
1.653325e-01
1.657721e-01
1.662116e-01
1.666511e-01
1.670906e-01
1.675302e-01
1.679697e-01
1.684092e-01
1.688487e-01
1.692882e-01
1.697277e-01
1.701672e-01
1.706068e-01
1.710463e-01
1.714858e-01
1.719253e-01
1.723648e-01
1.728043e-01
1.732438e-01
1.736833e-01
1.741228e-01
1.745623e-01
1.750018e-01
1.754413e-01
1.758807e-01
1.763202e-01
1.767597e-01
1.771992e-01
1.776387e-01
1.780782e-01
1.785176e-01
1.789571e-01
1.793966e-01
1.798361e-01
1.802755e-01
1.807150e-01
1.811545e-01
1.815940e-01
1.820334e-01
1.824729e-01
1.829123e-01
1.833518e-01
1.837913e-01
1.842307e-01
1.846702e-01
1.851096e-01
1.855491e-01
1.859885e-01
1.864280e-01
1.868674e-01
1.873069e-01
1.877463e-01
1.881857e-01
1.886252e-01
1.890646e-01
1.895041e-01
1.899435e-01
1.903829e-01
1.908223e-01
1.912618e-01
1.917012e-01
1.921406e-01
1.925800e-01
1.930195e-01
1.934589e-01
1.938983e-01
1.943377e-01
1.947771e-01
1.952165e-01
1.956559e-01
1.960953e-01
1.965347e-01
1.969741e-01
1.974135e-01
1.978529e-01
1.982923e-01
1.987317e-01
1.991711e-01
1.996105e-01
2.000498e-01
2.004892e-01
2.009286e-01
2.013680e-01
2.018073e-01
2.022467e-01
2.026861e-01
2.031254e-01
2.035648e-01
2.040041e-01
2.044435e-01
2.048828e-01
2.053222e-01
2.057615e-01
2.062009e-01
2.066402e-01
2.070795e-01
2.075189e-01
2.079582e-01
2.083975e-01
2.088368e-01
2.092761e-01
2.097155e-01
2.101548e-01
2.105941e-01
2.110334e-01
2.114727e-01
2.119120e-01
2.123512e-01
2.127905e-01
2.132298e-01
2.136691e-01
2.141083e-01
2.145476e-01
2.149869e-01
2.154261e-01
2.158654e-01
2.163046e-01
2.167439e-01
2.171831e-01
2.176223e-01
2.180616e-01
2.185008e-01
2.189400e-01
2.193792e-01
2.198184e-01
2.202576e-01
2.206968e-01
2.211360e-01
2.215752e-01
2.220143e-01
2.224535e-01
2.228927e-01
2.233318e-01
2.237710e-01
2.242101e-01
2.246492e-01
2.250884e-01
2.255275e-01
2.259666e-01
2.264057e-01
2.268448e-01
2.272839e-01
2.277230e-01
2.281621e-01
2.286011e-01
2.290402e-01
2.294792e-01
2.299183e-01
2.303573e-01
2.307963e-01
2.312353e-01
2.316743e-01
2.321133e-01
2.325523e-01
2.329913e-01
2.334303e-01
2.338692e-01
2.343082e-01
2.347471e-01
2.351860e-01
2.356249e-01
2.360638e-01
2.365027e-01
2.369416e-01
2.373805e-01
2.378193e-01
2.382582e-01
2.386970e-01
2.391358e-01
2.395746e-01
2.400134e-01
2.404522e-01
2.408910e-01
2.413297e-01
2.417685e-01
2.422072e-01
2.426459e-01
2.430846e-01
2.435233e-01
2.439620e-01
2.444006e-01
2.448392e-01
2.452779e-01
2.457165e-01
2.461550e-01
2.465936e-01
2.470322e-01
2.474707e-01
2.479092e-01
2.483477e-01
2.487862e-01
2.492247e-01
2.496631e-01
2.501016e-01
2.505400e-01
2.509784e-01
2.514167e-01
2.518551e-01
2.522934e-01
2.527317e-01
2.531700e-01
2.536083e-01
2.540466e-01
2.544848e-01
2.549230e-01
2.553612e-01
2.557993e-01
2.562375e-01
2.566756e-01
2.571137e-01
2.575517e-01
2.579898e-01
2.584278e-01
2.588658e-01
2.593038e-01
2.597417e-01
2.601796e-01
2.606175e-01
2.610554e-01
2.614932e-01
2.619310e-01
2.623688e-01
2.628065e-01
2.632443e-01
2.636820e-01
2.641196e-01
2.645573e-01
2.649949e-01
2.654324e-01
2.658700e-01
2.663075e-01
2.667450e-01
2.671824e-01
2.676198e-01
2.680572e-01
2.684945e-01
2.689318e-01
2.693691e-01
2.698064e-01
2.702436e-01
2.706807e-01
2.711179e-01
2.715550e-01
2.719920e-01
2.724290e-01
2.728660e-01
2.733030e-01
2.737399e-01
2.741767e-01
2.746136e-01
2.750504e-01
2.754871e-01
2.759238e-01
2.763605e-01
2.767971e-01
2.772337e-01
2.776702e-01
2.781067e-01
2.785431e-01
2.789795e-01
2.794159e-01
2.798522e-01
2.802884e-01
2.807247e-01
2.811608e-01
2.815969e-01
2.820330e-01
2.824690e-01
2.829050e-01
2.833409e-01
2.837768e-01
2.842126e-01
2.846484e-01
2.850841e-01
2.855198e-01
2.859554e-01
2.863909e-01
2.868264e-01
2.872619e-01
2.876972e-01
2.881326e-01
2.885678e-01
2.890031e-01
2.894382e-01
2.898733e-01
2.903083e-01
2.907433e-01
2.911782e-01
2.916131e-01
2.920479e-01
2.924826e-01
2.929173e-01
2.933519e-01
2.937864e-01
2.942209e-01
2.946553e-01
2.950897e-01
2.955239e-01
2.959581e-01
2.963923e-01
2.968264e-01
2.972604e-01
2.976943e-01
2.981282e-01
2.985620e-01
2.989957e-01
2.994293e-01
2.998629e-01
3.002964e-01
3.007298e-01
3.011632e-01
3.015964e-01
3.020296e-01
3.024627e-01
3.028958e-01
3.033287e-01
3.037616e-01
3.041944e-01
3.046271e-01
3.050598e-01
3.054923e-01
3.059248e-01
3.063572e-01
3.067895e-01
3.072217e-01
3.076538e-01
3.080859e-01
3.085178e-01
3.089497e-01
3.093815e-01
3.098132e-01
3.102448e-01
3.106763e-01
3.111077e-01
3.115390e-01
3.119703e-01
3.124014e-01
3.128325e-01
3.132634e-01
3.136943e-01
3.141250e-01
3.145557e-01
3.149862e-01
3.154167e-01
3.158471e-01
3.162773e-01
3.167075e-01
3.171375e-01
3.175675e-01
3.179974e-01
3.184271e-01
3.188567e-01
3.192863e-01
3.197157e-01
3.201450e-01
3.205742e-01
3.210033e-01
3.214323e-01
3.218612e-01
3.222900e-01
3.227187e-01
3.231472e-01
3.235756e-01
3.240040e-01
3.244322e-01
3.248602e-01
3.252882e-01
3.257160e-01
3.261438e-01
3.265714e-01
3.269989e-01
3.274263e-01
3.278535e-01
3.282806e-01
3.287076e-01
3.291345e-01
3.295613e-01
3.299879e-01
3.304144e-01
3.308408e-01
3.312670e-01
3.316932e-01
3.321191e-01
3.325450e-01
3.329707e-01
3.333963e-01
3.338218e-01
3.342471e-01
3.346723e-01
3.350974e-01
3.355223e-01
3.359471e-01
3.363717e-01
3.367962e-01
3.372206e-01
3.376448e-01
3.380689e-01
3.384928e-01
3.389166e-01
3.393403e-01
3.397638e-01
3.401872e-01
3.406104e-01
3.410334e-01
3.414564e-01
3.418791e-01
3.423018e-01
3.427242e-01
3.431465e-01
3.435687e-01
3.439907e-01
3.444126e-01
3.448343e-01
3.452559e-01
3.456772e-01
3.460985e-01
3.465196e-01
3.469405e-01
3.473613e-01
3.477819e-01
3.482023e-01
3.486226e-01
3.490427e-01
3.494626e-01
3.498824e-01
3.503021e-01
3.507215e-01
3.511408e-01
3.515599e-01
3.519789e-01
3.523976e-01
3.528162e-01
3.532347e-01
3.536530e-01
3.540710e-01
3.544890e-01
3.549067e-01
3.553243e-01
3.557417e-01
3.561589e-01
3.565759e-01
3.569928e-01
3.574095e-01
3.578260e-01
3.582423e-01
3.586584e-01
3.590744e-01
3.594901e-01
3.599057e-01
3.603211e-01
3.607363e-01
3.611513e-01
3.615662e-01
3.619808e-01
3.623953e-01
3.628095e-01
3.632236e-01
3.636375e-01
3.640512e-01
3.644647e-01
3.648780e-01
3.652911e-01
3.657040e-01
3.661167e-01
3.665292e-01
3.669415e-01
3.673536e-01
3.677656e-01
3.681773e-01
3.685888e-01
3.690001e-01
3.694112e-01
3.698221e-01
3.702328e-01
3.706433e-01
3.710536e-01
3.714637e-01
3.718735e-01
3.722832e-01
3.726927e-01
3.731019e-01
3.735109e-01
3.739198e-01
3.743284e-01
3.747368e-01
3.751449e-01
3.755529e-01
3.759606e-01
3.763682e-01
3.767755e-01
3.771826e-01
3.775894e-01
3.779961e-01
3.784025e-01
3.788087e-01
3.792147e-01
3.796205e-01
3.800260e-01
3.804313e-01
