2.000000e-06
2.000796e-06
1.211194e-06
8.401868e-07
6.374141e-07
5.127502e-07
4.292016e-07
3.696006e-07
3.250906e-07
2.906896e-07
2.633932e-07
2.412876e-07
2.230978e-07
2.079437e-07
1.951996e-07
1.844092e-07
1.752326e-07
1.674100e-07
1.607360e-07
1.550401e-07
1.501770e-07
1.460399e-07
1.426201e-07
1.401254e-07
1.391566e-07
1.393181e-07
1.418593e-07
1.473506e-07
1.564384e-07
1.698486e-07
1.884364e-07
2.133019e-07
2.460319e-07
2.891656e-07
3.470833e-07
4.278440e-07
5.474139e-07
7.405885e-07
1.092602e-06
1.841034e-06
1.782009e-06
-0.000000e+00
7.915316e-07
7.923772e-07
6.718834e-07
5.592769e-07
4.716207e-07
4.052456e-07
3.545039e-07
3.149779e-07
2.835818e-07
2.582002e-07
2.373699e-07
2.200605e-07
2.055325e-07
1.932446e-07
1.827944e-07
1.738780e-07
1.662629e-07
1.597704e-07
1.542646e-07
1.496514e-07
1.458865e-07
1.429901e-07
1.410434e-07
1.401120e-07
1.408601e-07
1.434861e-07
1.486503e-07
1.571113e-07
1.697060e-07
1.873214e-07
2.109385e-07
2.417955e-07
2.816727e-07
3.332827e-07
4.006895e-07
4.892806e-07
6.028093e-07
7.257272e-07
7.364512e-07
0.000000e+00
-0.000000e+00
3.727160e-07
4.948576e-07
4.956689e-07
4.561754e-07
4.092015e-07
3.656510e-07
3.281879e-07
2.967330e-07
2.704580e-07
2.484548e-07
2.299302e-07
2.142412e-07
2.008805e-07
1.894516e-07
1.796456e-07
1.712217e-07
1.639929e-07
1.578165e-07
1.525890e-07
1.482461e-07
1.447643e-07
1.421579e-07
1.404633e-07
1.397158e-07
1.406345e-07
1.433196e-07
1.483978e-07
1.566304e-07
1.687910e-07
1.855488e-07
2.074535e-07
2.350183e-07
2.687954e-07
3.092793e-07
3.563162e-07
4.072140e-07
4.514849e-07
4.577491e-07
3.485465e-07
0.000000e+00
-0.000000e+00
2.044148e-07
3.186444e-07
3.597469e-07
3.605465e-07
3.433535e-07
3.199651e-07
2.958612e-07
2.733061e-07
2.530609e-07
2.352296e-07
2.196543e-07
2.060931e-07
1.942961e-07
1.840352e-07
1.751143e-07
1.673700e-07
1.606703e-07
1.549130e-07
1.500248e-07
1.459630e-07
1.427145e-07
1.402920e-07
1.387273e-07
1.380780e-07
1.390764e-07
1.418554e-07
1.470320e-07
1.552786e-07
1.671109e-07
1.827532e-07
2.021556e-07
2.250621e-07
2.509641e-07
2.787860e-07
3.060922e-07
3.274417e-07
3.314118e-07
2.965857e-07
1.915601e-07
0.000000e+00
-0.000000e+00
1.262807e-07
2.155461e-07
2.641202e-07
2.829051e-07
2.836973e-07
2.749920e-07
2.619837e-07
2.475679e-07
2.332489e-07
2.197474e-07
2.073635e-07
1.961803e-07
1.861751e-07
1.772786e-07
1.694062e-07
1.624735e-07
1.564054e-07
1.511403e-07
1.466342e-07
1.428630e-07
1.398245e-07
1.375385e-07
1.360480e-07
1.354383e-07
1.365565e-07
1.395555e-07
1.450208e-07
1.534017e-07
1.647783e-07
1.788378e-07
1.950013e-07
2.124948e-07
2.302405e-07
2.465256e-07
2.584069e-07
2.608282e-07
2.456542e-07
2.016715e-07
1.185825e-07
0.000000e+00
-0.000000e+00
8.515541e-08
1.531326e-07
1.982782e-07
2.232532e-07
2.335360e-07
2.343200e-07
2.295120e-07
2.217318e-07
2.126184e-07
2.031469e-07
1.938714e-07
1.850889e-07
1.769449e-07
1.694977e-07
1.627580e-07
1.567123e-07
1.513375e-07
1.466101e-07
1.425128e-07
1.390403e-07
1.362048e-07
1.340421e-07
1.326201e-07
1.320628e-07
1.334477e-07
1.368742e-07
1.427976e-07
1.512794e-07
1.618820e-07
1.738518e-07
1.863231e-07
1.983450e-07
2.087355e-07
2.158153e-07
2.170682e-07
2.088208e-07
1.862233e-07
1.441836e-07
8.029001e-08
0.000000e+00
-0.000000e+00
6.120549e-08
1.135477e-07
1.526039e-07
1.782913e-07
1.928716e-07
1.992387e-07
2.000115e-07
1.972280e-07
1.923451e-07
1.863499e-07
1.798857e-07
1.733587e-07
1.670176e-07
1.610091e-07
1.554156e-07
1.502801e-07
1.456229e-07
1.414529e-07
1.377768e-07
1.346081e-07
1.319781e-07
1.299506e-07
1.286408e-07
1.282435e-07
1.301424e-07
1.342348e-07
1.406834e-07
1.490451e-07
1.584455e-07
1.679249e-07
1.766013e-07
1.836153e-07
1.879676e-07
1.883302e-07
1.828881e-07
1.693012e-07
1.449672e-07
1.078584e-07
5.812941e-08
0.000000e+00
-0.000000e+00
4.611755e-08
8.724681e-08
1.202968e-07
1.444350e-07
1.604191e-07
1.697506e-07
1.740665e-07
1.748228e-07
1.731836e-07
1.700214e-07
1.659623e-07
1.614422e-07
1.567573e-07
1.521052e-07
1.476150e-07
1.433698e-07
1.394225e-07
1.358078e-07
1.325530e-07
1.296901e-07
1.272735e-07
1.254083e-07
1.242993e-07
1.243284e-07
1.270513e-07
1.319795e-07
1.388299e-07
1.466833e-07
1.544553e-07
1.612346e-07
1.663165e-07
1.690749e-07
1.688042e-07
1.645933e-07
1.552678e-07
1.394574e-07
1.158741e-07
8.387821e-08
4.428297e-08
0.000000e+00
-0.000000e+00
3.601718e-08
6.902425e-08
9.690022e-08
1.187318e-07
1.346185e-07
1.452773e-07
1.516803e-07
1.548124e-07
1.555447e-07
1.545894e-07
1.524997e-07
1.496901e-07
1.464641e-07
1.430393e-07
1.395694e-07
1.361621e-07
1.328923e-07
1.298142e-07
1.269725e-07
1.244183e-07
1.222297e-07
1.205498e-07
1.197065e-07
1.208162e-07
1.245816e-07
1.303029e-07
1.372046e-07
1.440812e-07
1.499016e-07
1.539796e-07
1.558749e-07
1.552273e-07
1.516185e-07
1.444909e-07
1.331399e-07
1.168089e-07
9.491314e-08
6.739132e-08
3.509665e-08
0.000000e+00
-0.000000e+00
2.892649e-08
5.593217e-08
7.954736e-08
9.897282e-08
1.140451e-07
1.250592e-07
1.325646e-07
1.372013e-07
1.395931e-07
1.402916e-07
1.397564e-07
1.383542e-07
1.363695e-07
1.340182e-07
1.314614e-07
1.288182e-07
1.261766e-07
1.236054e-07
1.211678e-07
1.189392e-07
1.170238e-07
1.155460e-07
1.145384e-07
1.187472e-07
1.230240e-07
1.291738e-07
1.356218e-07
1.410944e-07
1.448025e-07
1.463578e-07
1.455853e-07
1.423552e-07
1.364714e-07
1.276243e-07
1.154112e-07
9.943167e-08
7.945601e-08
5.563798e-08
2.870367e-08
0.000000e+00
-0.000000e+00
2.375635e-08
4.623020e-08
6.638375e-08
8.356651e-08
9.752949e-08
1.083493e-07
1.163173e-07
1.218349e-07
1.253342e-07
1.272274e-07
1.278800e-07
1.276007e-07
1.266414e-07
1.252025e-07
1.234403e-07
1.214756e-07
1.194031e-07
1.173044e-07
1.152673e-07
1.134134e-07
1.119331e-07
1.111232e-07
1.114753e-07
1.160405e-07
1.219141e-07
1.282805e-07
1.338197e-07
1.376048e-07
1.392134e-07
1.385531e-07
1.356655e-07
1.305835e-07
1.232518e-07
1.135097e-07
1.011304e-07
8.591016e-08
6.779063e-08
4.698700e-08
2.407744e-08
0.000000e+00
-0.000000e+00
1.986855e-08
3.884825e-08
5.619064e-08
7.137965e-08
8.415669e-08
9.449088e-08
1.025201e-07
1.084866e-07
1.126812e-07
1.154035e-07
1.169351e-07
1.175269e-07
1.173928e-07
1.167103e-07
1.156233e-07
1.142482e-07
1.126828e-07
1.110223e-07
1.093863e-07
1.079583e-07
1.070388e-07
1.071247e-07
1.090460e-07
1.149458e-07
1.215138e-07
1.274179e-07
1.316019e-07
1.335628e-07
1.332255e-07
1.307299e-07
1.262594e-07
1.199345e-07
1.117680e-07
1.016757e-07
8.952721e-08
7.522475e-08
5.878950e-08
4.043722e-08
2.061830e-08
0.000000e+00
-0.000000e+00
1.686950e-08
3.310343e-08
4.815068e-08
6.160451e-08
7.322649e-08
8.293717e-08
9.078546e-08
9.690974e-08
1.015005e-07
1.047699e-07
1.069301e-07
1.081789e-07
1.086927e-07
1.086235e-07
1.080995e-07
1.072300e-07
1.061162e-07
1.048717e-07
1.036558e-07
1.027177e-07
1.024608e-07
1.036168e-07
1.082810e-07
1.151772e-07
1.215462e-07
1.263063e-07
1.288237e-07
1.289791e-07
1.269542e-07
1.230304e-07
1.174537e-07
1.103675e-07
1.018019e-07
9.170522e-08
7.999982e-08
6.664545e-08
5.169810e-08
3.535257e-08
1.795834e-08
0.000000e+00
-0.000000e+00
1.450592e-08
2.854519e-08
4.170397e-08
5.366104e-08
6.420740e-08
7.324566e-08
8.077465e-08
8.686627e-08
9.164093e-08
9.524557e-08
9.783628e-08
9.956595e-08
1.005766e-07
1.009954e-07
1.009356e-07
1.005019e-07
9.980545e-08
9.898929e-08
9.826235e-08
9.793257e-08
9.840455e-08
9.988602e-08
1.107811e-07
1.163892e-07
1.215165e-07
1.246438e-07
1.253959e-07
1.239135e-07
1.205275e-07
1.155723e-07
1.092910e-07
1.018063e-07
9.313805e-08
8.324723e-08
7.208665e-08
5.964866e-08
4.600234e-08
3.131617e-08
1.586241e-08
0.000000e+00
-0.000000e+00
1.260894e-08
2.486734e-08
3.645885e-08
4.712816e-08
5.669628e-08
6.506329e-08
7.220105e-08
7.813962e-08
8.295129e-08
8.673512e-08
8.960373e-08
9.167316e-08
9.305618e-08
9.385946e-08
9.418597e-08
9.414500e-08
9.387223e-08
9.355839e-08
9.348072e-08
9.404703e-08
9.600474e-08
1.018412e-07
1.106306e-07
1.168352e-07
1.207475e-07
1.221871e-07
1.213060e-07
1.184694e-07
1.140765e-07
1.084475e-07
1.017803e-07
9.415671e-08
8.557906e-08
7.601462e-08
6.543661e-08
5.385641e-08
4.134561e-08
2.804725e-08
1.417509e-08
0.000000e+00
-0.000000e+00
1.106244e-08
2.185634e-08
3.213584e-08
4.169636e-08
5.038616e-08
5.811009e-08
6.482659e-08
7.053987e-08
7.528964e-08
7.914047e-08
8.217214e-08
8.447202e-08
8.613060e-08
8.724145e-08
8.790812e-08
8.826027e-08
8.847862e-08
8.881992e-08
8.961685e-08
9.117836e-08
9.329831e-08
1.064097e-07
1.123617e-07
1.169684e-07
1.191464e-07
1.189135e-07
1.166441e-07
1.127875e-07
1.077268e-07
1.017211e-07
9.490483e-08
8.731875e-08
7.895143e-08
6.977689e-08
5.978340e-08
4.899349e-08
3.747619e-08
2.535208e-08
1.279068e-08
0.000000e+00
-0.000000e+00
9.784479e-09
1.935970e-08
2.853178e-08
3.713529e-08
4.504193e-08
5.216442e-08
5.845563e-08
6.390426e-08
6.852840e-08
7.236847e-08
7.548068e-08
7.793248e-08
7.980148e-08
8.118015e-08
8.218873e-08
8.299721e-08
8.385307e-08
8.510731e-08
8.723445e-08
9.086848e-08
9.696595e-08
1.068778e-07
1.129699e-07
1.160889e-07
1.165730e-07
1.148929e-07
1.115625e-07
1.070232e-07
1.015865e-07
9.543064e-08
8.862982e-08
8.119446e-08
7.310743e-08
6.435098e-08
5.492479e-08
4.485758e-08
3.421352e-08
2.309419e-08
1.163554e-08
0.000000e+00
-0.000000e+00
8.715816e-09
1.726628e-08
2.549650e-08
3.327141e-08
4.048246e-08
4.705111e-08
5.292922e-08
5.809685e-08
6.255854e-08
6.633918e-08
6.948064e-08
7.204092e-08
7.409773e-08
7.575866e-08
7.717867e-08
7.858245e-08
8.028392e-08
8.269240e-08
8.630301e-08
9.179130e-08
1.013087e-07
1.088760e-07
1.129872e-07
1.142037e-07
1.131125e-07
1.102956e-07
1.062472e-07
1.013229e-07
9.573604e-08
8.958822e-08
8.290924e-08
7.569309e-08
6.792385e-08
5.959235e-08
5.070665e-08
4.129839e-08
3.142609e-08
2.117561e-08
1.065728e-08
0.000000e+00
-0.000000e+00
7.812839e-09
1.549380e-08
2.291773e-08
2.997334e-08
3.656855e-08
4.263358e-08
4.812213e-08
5.301075e-08
5.729733e-08
6.099977e-08
6.415620e-08
6.682846e-08
6.911049e-08
7.114233e-08
7.312751e-08
7.534705e-08
7.815706e-08
8.193876e-08
8.691201e-08
9.250826e-08
1.077635e-07
1.106135e-07
1.119802e-07
1.113027e-07
1.089322e-07
1.053350e-07
1.008809e-07
9.580382e-08
9.022370e-08
8.418509e-08
7.769222e-08
7.073399e-08
6.329945e-08
5.538718e-08
4.701093e-08
3.820319e-08
2.901685e-08
1.952487e-08
9.817947e-09
0.000000e+00
-0.000000e+00
7.043242e-09
1.398137e-08
2.071230e-08
2.714366e-08
3.319724e-08
3.881207e-08
4.394620e-08
4.857756e-08
5.270467e-08
5.634831e-08
5.955547e-08
6.240685e-08
6.502821e-08
6.760380e-08
7.038665e-08
7.369605e-08
7.788511e-08
8.325667e-08
9.005872e-08
9.990839e-08
1.073882e-07
1.096960e-07
1.094346e-07
1.074418e-07
1.042450e-07
1.002220e-07
9.561227e-08
9.054345e-08
8.506834e-08
7.919861e-08
7.292821e-08
6.624759e-08
5.915188e-08
5.164576e-08
4.374663e-08
3.548659e-08
2.691323e-08
1.808907e-08
9.089633e-09
0.000000e+00
-0.000000e+00
6.384115e-09
1.268652e-08
1.882339e-08
2.471780e-08
3.030395e-08
3.553044e-08
4.036295e-08
4.478662e-08
4.880911e-08
5.246514e-08
5.582343e-08
5.899606e-08
6.214860e-08
6.550683e-08
6.935123e-08
7.398109e-08
7.960810e-08
8.610148e-08
9.237766e-08
1.062669e-07
1.075927e-07
1.074737e-07
1.057804e-07
1.029383e-07
9.931304e-08
9.513971e-08
9.054436e-08
8.558177e-08
8.026749e-08
7.459944e-08
6.857045e-08
6.217525e-08
5.541448e-08
4.829730e-08
4.084324e-08
3.308331e-08
2.506038e-08
1.682855e-08
8.451507e-09
0.000000e+00
-0.000000e+00
5.822417e-09
1.158673e-08
1.722393e-08
2.267052e-08
2.787298e-08
3.279160e-08
3.740417e-08
4.170991e-08
4.573448e-08
4.953627e-08
5.321410e-08
5.691461e-08
6.083612e-08
6.522142e-08
7.032399e-08
7.632200e-08
8.317893e-08
9.063565e-08
9.951193e-08
1.045272e-07
1.051611e-07
1.038405e-07
1.013528e-07
9.811422e-08
9.436161e-08
9.021734e-08
8.573486e-08
8.093115e-08
7.580681e-08
7.035711e-08
6.457779e-08
5.846821e-08
5.203342e-08
4.528571e-08
3.824569e-08
3.094301e-08
2.341643e-08
1.571322e-08
7.887840e-09
0.000000e+00
-0.000000e+00
5.357569e-09
1.068467e-08
1.592480e-08
2.102723e-08
2.595198e-08
3.067430e-08
3.518905e-08
3.951572e-08
4.370390e-08
4.783928e-08
5.204866e-08
5.650108e-08
6.139835e-08
6.694093e-08
7.324681e-08
8.020508e-08
8.726705e-08
9.307575e-08
1.032314e-07
1.028213e-07
1.016018e-07
9.943368e-08
9.658171e-08
9.324947e-08
8.954846e-08
8.552877e-08
8.120777e-08
7.658814e-08
7.166753e-08
6.644332e-08
6.091511e-08
5.508630e-08
4.896527e-08
4.256641e-08
3.591079e-08
2.902661e-08
2.194911e-08
1.472005e-08
7.386629e-09
0.000000e+00
-0.000000e+00
5.004240e-09
1.001311e-08
1.498106e-08
1.987037e-08
2.465648e-08
2.933247e-08
3.391355e-08
3.844147e-08
4.298876e-08
4.766132e-08
5.259663e-08
5.795109e-08
6.386585e-08
7.039856e-08
7.742432e-08
8.455753e-08
9.122366e-08
9.711448e-08
9.946314e-08
9.887160e-08
9.710909e-08
9.467135e-08
9.177394e-08
8.852105e-08
8.495936e-08
8.110659e-08
7.696761e-08
7.254256e-08
6.783088e-08
6.283329e-08
5.755298e-08
5.199658e-08
4.617494e-08
4.010384e-08
3.380444e-08
2.730352e-08
2.063334e-08
1.383122e-08
6.938624e-09
0.000000e+00
-0.000000e+00
4.790861e-09
9.630876e-09
1.448329e-08
1.932321e-08
2.414220e-08
2.895161e-08
3.378554e-08
3.870293e-08
4.378757e-08
4.914281e-08
5.487566e-08
6.106250e-08
6.769108e-08
7.458782e-08
8.137078e-08
8.750013e-08
9.247806e-08
9.613802e-08
9.568669e-08
9.434070e-08
9.235090e-08
8.991142e-08
8.711994e-08
8.402058e-08
8.063179e-08
7.696081e-08
7.301052e-08
6.878276e-08
6.427992e-08
5.950591e-08
5.446692e-08
4.917208e-08
4.363407e-08
3.786957e-08
3.189961e-08
2.574966e-08
1.944952e-08
1.303288e-08
6.536636e-09
0.000000e+00
-0.000000e+00
4.750842e-09
9.603226e-09
1.452418e-08
1.949964e-08
2.453520e-08
2.965611e-08
3.490644e-08
4.034597e-08
4.604170e-08
5.205009e-08
5.838579e-08
6.497677e-08
7.161747e-08
7.795040e-08
8.351842e-08
8.790265e-08
9.088289e-08
9.248309e-08
9.125486e-08
8.964436e-08
8.765922e-08
8.533822e-08
8.270873e-08
7.978606e-08
7.657868e-08
7.309197e-08
6.933024e-08
6.529788e-08
6.100009e-08
5.644349e-08
5.163668e-08
4.659074e-08
4.131967e-08
3.584075e-08
3.017474e-08
2.434598e-08
1.838219e-08
1.231412e-08
6.175040e-09
0.000000e+00
-0.000000e+00
4.912077e-09
9.973189e-09
1.514815e-08
2.042991e-08
2.583143e-08
3.137970e-08
3.710887e-08
4.304961e-08
4.921194e-08
5.556018e-08
6.198291e-08
6.826906e-08
7.411111e-08
7.915699e-08
8.310894e-08
8.582164e-08
8.732703e-08
8.774951e-08
8.654741e-08
8.501934e-08
8.317558e-08
8.102408e-08
7.857316e-08
7.583052e-08
7.280318e-08
6.949767e-08
6.592047e-08
6.207839e-08
5.797904e-08
5.363127e-08
4.904557e-08
4.423452e-08
3.921311e-08
3.399899e-08
2.861263e-08
2.307734e-08
1.741912e-08
1.166635e-08
5.849403e-09
0.000000e+00
-0.000000e+00
5.279818e-09
1.071680e-08
1.627710e-08
2.195687e-08
2.776492e-08
3.371114e-08
3.979492e-08
4.599077e-08
5.223120e-08
5.839040e-08
6.427733e-08
6.965019e-08
7.426048e-08
7.791759e-08
8.054256e-08
8.217494e-08
8.292453e-08
8.289675e-08
8.193846e-08
8.061637e-08
7.896420e-08
7.699700e-08
7.472531e-08
7.215850e-08
6.930550e-08
6.617497e-08
6.277554e-08
5.911615e-08
5.520641e-08
5.105695e-08
4.667979e-08
4.208865e-08
3.729924e-08
3.232945e-08
2.719944e-08
2.193162e-08
1.655058e-08
1.108277e-08
5.556215e-09
0.000000e+00
-0.000000e+00
5.788884e-09
1.166598e-08
1.761836e-08
2.364390e-08
2.973634e-08
3.587497e-08
4.201494e-08
4.807794e-08
5.394635e-08
5.946597e-08
6.446265e-08
6.877373e-08
7.228535e-08
7.495786e-08
7.682399e-08
7.796019e-08
7.844800e-08
7.834539e-08
7.762798e-08
7.651929e-08
7.505958e-08
7.327179e-08
7.117178e-08
6.877246e-08
6.608531e-08
6.312114e-08
5.989055e-08
5.640425e-08
5.267349e-08
4.871033e-08
4.452797e-08
4.014103e-08
3.556575e-08
3.082014e-08
2.592404e-08
2.089913e-08
1.576879e-08
1.055794e-08
5.292681e-09
0.000000e+00
-0.000000e+00
6.268687e-09
1.249394e-08
1.869917e-08
2.488300e-08
3.102185e-08
3.706891e-08
4.295254e-08
4.857714e-08
5.382955e-08
5.859251e-08
6.276399e-08
6.627637e-08
6.910704e-08
7.127485e-08
7.282430e-08
7.380597e-08
7.426184e-08
7.422075e-08
7.369301e-08
7.276796e-08
7.148141e-08
6.985832e-08
6.791745e-08
6.567420e-08
6.314210e-08
6.033373e-08
5.726125e-08
5.393681e-08
5.037296e-08
4.658288e-08
4.258071e-08
3.838174e-08
3.400258e-08
2.946129e-08
2.477744e-08
1.997205e-08
1.506753e-08
1.008750e-08
5.056567e-09
0.000000e+00
-0.000000e+00
6.521177e-09
1.288216e-08
1.912509e-08
2.524530e-08
3.120916e-08
3.696198e-08
4.243375e-08
4.754618e-08
5.222214e-08
5.639647e-08
6.002531e-08
6.309035e-08
6.559644e-08
6.756384e-08
6.901874e-08
6.998597e-08
7.048587e-08
7.053561e-08
7.015213e-08
6.937715e-08
6.823950e-08
6.676254e-08
6.496548e-08
6.286477e-08
6.047517e-08
5.781043e-08
5.488389e-08
5.170878e-08
4.829863e-08
4.466752e-08
4.083025e-08
3.680263e-08
3.260153e-08
2.824501e-08
2.375237e-08
1.914408e-08
1.444176e-08
9.667968e-09
4.846080e-09
0.000000e+00
-0.000000e+00
6.471491e-09
1.274336e-08
1.883896e-08
2.474444e-08
3.042425e-08
3.583022e-08
4.090860e-08
4.560675e-08
4.987926e-08
5.369275e-08
5.702800e-08
5.987895e-08
6.224944e-08
6.414899e-08
6.558925e-08
6.658206e-08
6.713921e-08
6.727375e-08
6.700219e-08
6.634886e-08
6.533686e-08
6.398685e-08
6.231714e-08
6.034423e-08
5.808335e-08
5.554894e-08
5.275507e-08
4.971577e-08
4.644528e-08
4.295828e-08
3.927014e-08
3.539699e-08
3.135588e-08
2.716484e-08
2.284293e-08
1.841015e-08
1.388744e-08
9.296532e-09
4.659783e-09
0.000000e+00
-0.000000e+00
6.207786e-09
1.224267e-08
1.809133e-08
2.372767e-08
2.911653e-08
3.421829e-08
3.899326e-08
4.340538e-08
4.742512e-08
5.103084e-08
5.420893e-08
5.695267e-08
5.926056e-08
6.113476e-08
6.257989e-08
6.360249e-08
6.421100e-08
6.441622e-08
6.423396e-08
6.367922e-08
6.277224e-08
6.153086e-08
5.997201e-08
5.811167e-08
5.596505e-08
5.354690e-08
5.087169e-08
4.795395e-08
4.480840e-08
4.145019e-08
3.789503e-08
3.415929e-08
3.026014e-08
2.621555e-08
2.204434e-08
1.776614e-08
1.340132e-08
8.970930e-09
4.496518e-09
0.000000e+00
-0.000000e+00
5.872343e-09
1.161796e-08
1.719626e-08
2.257069e-08
2.770520e-08
3.256458e-08
3.711591e-08
4.133011e-08
4.518296e-08
4.865555e-08
5.173421e-08
5.440996e-08
5.667791e-08
5.853662e-08
5.998758e-08
6.103495e-08
6.168540e-08
6.194828e-08
6.183584e-08
6.136181e-08
6.054203e-08
5.939234e-08
5.792836e-08
5.616536e-08
5.411830e-08
5.180189e-08
4.923084e-08
4.641991e-08
4.338417e-08
4.013905e-08
3.670048e-08
3.308501e-08
2.930983e-08
2.539287e-08
2.135274e-08
1.720873e-08
1.298077e-08
8.689346e-09
4.355354e-09
0.000000e+00
-0.000000e+00
5.559866e-09
1.102960e-08
1.635775e-08
2.150186e-08
2.642426e-08
3.109071e-08
3.547035e-08
3.953609e-08
4.326493e-08
4.663815e-08
4.964125e-08
5.226381e-08
5.449912e-08
5.634390e-08
5.779798e-08
5.886401e-08
5.954729e-08
5.985566e-08
5.979930e-08
5.939017e-08
5.864172e-08
5.756810e-08
5.618373e-08
5.450313e-08
5.254087e-08
5.031153e-08
4.782984e-08
4.511069e-08
4.216932e-08
3.902134e-08
3.568282e-08
3.217040e-08
2.850131e-08
2.469336e-08
2.076500e-08
1.673525e-08
1.262369e-08
8.450325e-09
4.235548e-09
0.000000e+00
-0.000000e+00
5.304623e-09
1.054120e-08
1.565754e-08
2.060941e-08
2.535811e-08
2.986921e-08
3.411213e-08
3.806012e-08
4.169026e-08
4.498355e-08
4.792490e-08
5.050297e-08
5.271000e-08
5.454157e-08
5.599633e-08
5.707579e-08
5.778409e-08
5.812777e-08
5.811553e-08
5.775785e-08
5.706660e-08
5.605461e-08
5.473531e-08
5.312257e-08
5.123051e-08
4.907353e-08
4.666628e-08
4.402369e-08
4.116108e-08
3.809414e-08
3.483905e-08
3.141247e-08
2.783162e-08
2.411424e-08
2.027863e-08
1.634360e-08
1.232840e-08
8.252711e-09
4.136511e-09
0.000000e+00
-0.000000e+00
5.109512e-09
1.016298e-08
1.511098e-08
1.990980e-08
2.452058e-08
2.890875e-08
3.304368e-08
3.689856e-08
4.045034e-08
4.367976e-08
4.657127e-08
4.911294e-08
5.129627e-08
5.311602e-08
5.456998e-08
5.565876e-08
5.638553e-08
5.675582e-08
5.677722e-08
5.645911e-08
5.581223e-08
5.484842e-08
5.358035e-08
5.202132e-08
5.018507e-08
4.808580e-08
4.573803e-08
4.315671e-08
4.035715e-08
3.735510e-08
3.416676e-08
3.080881e-08
2.729845e-08
2.365335e-08
1.989169e-08
1.603209e-08
1.209360e-08
8.095604e-09
4.057783e-09
0.000000e+00
-0.000000e+00
4.969011e-09
9.888394e-09
1.471170e-08
1.939644e-08
2.390418e-08
2.820043e-08
3.225454e-08
3.603962e-08
3.953252e-08
4.271376e-08
4.556745e-08
4.808124e-08
5.024612e-08
5.205627e-08
5.350884e-08
5.460376e-08
5.534347e-08
5.573275e-08
5.577843e-08
5.548915e-08
5.487479e-08
5.394650e-08
5.271637e-08
5.119726e-08
4.940266e-08
4.734654e-08
4.504335e-08
4.250796e-08
3.975570e-08
3.680233e-08
3.366405e-08
3.035756e-08
2.690001e-08
2.330902e-08
1.960268e-08
1.579947e-08
1.191829e-08
7.978320e-09
3.999016e-09
0.000000e+00
-0.000000e+00
4.877949e-09
9.709646e-09
1.445075e-08
1.905988e-08
2.349911e-08
2.773413e-08
3.173435e-08
3.547285e-08
3.892638e-08
4.207530e-08
4.490355e-08
4.739847e-08
4.955073e-08
5.135412e-08
5.280538e-08
5.390397e-08
5.465186e-08
5.505330e-08
5.511463e-08
5.484426e-08
5.425129e-08
5.334641e-08
5.214135e-08
5.064871e-08
4.888176e-08
4.685435e-08
4.458085e-08
4.207608e-08
3.935537e-08
3.643445e-08
3.332956e-08
3.005736e-08
2.663499e-08
2.308004e-08
1.941051e-08
1.564483e-08
1.180176e-08
7.900367e-09
3.959958e-09
0.000000e+00
-0.000000e+00
4.833123e-09
9.621474e-09
1.432176e-08
1.889322e-08
2.329824e-08
2.750265e-08
3.147590e-08
3.519107e-08
3.862486e-08
4.175756e-08
4.457300e-08
4.705839e-08
4.920423e-08
5.100413e-08
5.245461e-08
5.355490e-08
5.430671e-08
5.471398e-08
5.478254e-08
5.452197e-08
5.393972e-08
5.304649e-08
5.185392e-08
5.037447e-08
4.862132e-08
4.660826e-08
4.434960e-08
4.186015e-08
3.915522e-08
3.625055e-08
3.316236e-08
2.990732e-08
2.650255e-08
2.296561e-08
1.931450e-08
1.556757e-08
1.174355e-08
7.861426e-09
3.940448e-09
0.000000e+00
