1.000000e+00
1.000000e+00
1.000000e+00
1.000000e+00
1.000000e+00
1.000000e+00
1.000000e+00
1.000000e+00
1.000000e+00
1.000000e+00
1.000000e+00
1.000000e+00
1.000000e+00
1.000000e+00
1.000000e+00
9.999995e-01
9.999951e-01
9.999639e-01
9.997924e-01
9.990496e-01
9.964683e-01
9.891706e-01
9.722410e-01
9.398269e-01
8.883033e-01
8.188693e-01
7.380361e-01
6.545605e-01
5.757912e-01
5.058306e-01
4.457601e-01
3.947768e-01
3.512172e-01
3.131115e-01
2.783319e-01
2.445113e-01
2.089369e-01
1.688420e-01
1.230148e-01
7.437823e-02
1.000000e+00
1.000000e+00
1.000000e+00
1.000000e+00
1.000000e+00
1.000000e+00
1.000000e+00
1.000000e+00
1.000000e+00
1.000000e+00
1.000000e+00
1.000000e+00
1.000000e+00
1.000000e+00
1.000000e+00
9.999995e-01
9.999950e-01
9.999638e-01
9.997985e-01
9.991093e-01
9.968053e-01
9.905377e-01
9.764915e-01
9.501848e-01
9.081416e-01
8.503439e-01
7.803090e-01
7.036246e-01
6.257060e-01
5.503753e-01
4.796495e-01
4.141808e-01
3.537612e-01
2.976936e-01
2.450764e-01
1.951042e-01
1.474643e-01
1.028051e-01
6.296331e-02
3.013699e-02
1.000000e+00
1.000000e+00
1.000000e+00
1.000000e+00
1.000000e+00
1.000000e+00
1.000000e+00
1.000000e+00
1.000000e+00
1.000000e+00
1.000000e+00
1.000000e+00
1.000000e+00
1.000000e+00
1.000000e+00
9.999994e-01
9.999944e-01
9.999614e-01
9.997928e-01
9.991158e-01
9.969280e-01
9.911438e-01
9.784327e-01
9.548095e-01
9.167907e-01
8.631230e-01
7.952130e-01
7.165562e-01
6.316599e-01
5.450699e-01
4.606583e-01
3.811955e-01
3.082786e-01
2.425797e-01
1.842559e-01
1.333589e-01
9.012106e-02
5.501290e-02
2.848960e-02
1.048412e-02
1.000000e+00
1.000000e+00
1.000000e+00
1.000000e+00
1.000000e+00
1.000000e+00
1.000000e+00
1.000000e+00
1.000000e+00
1.000000e+00
1.000000e+00
1.000000e+00
1.000000e+00
1.000000e+00
9.999999e-01
9.999992e-01
9.999933e-01
9.999560e-01
9.997730e-01
9.990640e-01
9.968411e-01
9.910953e-01
9.786285e-01
9.554904e-01
9.177341e-01
8.628614e-01
7.907037e-01
7.038821e-01
6.076259e-01
5.085628e-01
4.129147e-01
3.251917e-01
2.479095e-01
1.820214e-01
1.275417e-01
8.403431e-02
5.085548e-02
2.717042e-02
1.184282e-02
3.364369e-03
1.000000e+00
1.000000e+00
1.000000e+00
1.000000e+00
1.000000e+00
1.000000e+00
1.000000e+00
1.000000e+00
1.000000e+00
1.000000e+00
1.000000e+00
1.000000e+00
1.000000e+00
1.000000e+00
9.999999e-01
9.999990e-01
9.999915e-01
9.999461e-01
9.997334e-01
9.989382e-01
9.965150e-01
9.903747e-01
9.771877e-01
9.526815e-01
9.119628e-01
8.512688e-01
7.696564e-01
6.706253e-01
5.619184e-01
4.528941e-01
3.514534e-01
2.625375e-01
1.882676e-01
1.287991e-01
8.316115e-02
4.981696e-02
2.694716e-02
1.256780e-02
4.607500e-03
1.029885e-03
1.000000e+00
1.000000e+00
1.000000e+00
1.000000e+00
1.000000e+00
1.000000e+00
1.000000e+00
1.000000e+00
1.000000e+00
1.000000e+00
1.000000e+00
1.000000e+00
1.000000e+00
1.000000e+00
9.999999e-01
9.999985e-01
9.999881e-01
9.999288e-01
9.996629e-01
9.987052e-01
9.958699e-01
9.888281e-01
9.738656e-01
9.460165e-01
8.989263e-01
8.278996e-01
7.327581e-01
6.200303e-01
5.010114e-01
3.870711e-01
2.862140e-01
2.023634e-01
1.362647e-01
8.670936e-02
5.148731e-02
2.798007e-02
1.349815e-02
5.489255e-03
1.699190e-03
3.054939e-04
1.000000e+00
1.000000e+00
1.000000e+00
1.000000e+00
1.000000e+00
1.000000e+00
1.000000e+00
1.000000e+00
1.000000e+00
1.000000e+00
1.000000e+00
1.000000e+00
1.000000e+00
1.000000e+00
9.999997e-01
9.999975e-01
9.999820e-01
9.998980e-01
9.995399e-01
9.983010e-01
9.947471e-01
9.861201e-01
9.680384e-01
9.343815e-01
8.769353e-01
7.912943e-01
6.804216e-01
5.555493e-01
4.309719e-01
3.182197e-01
2.237316e-01
1.494393e-01
9.430300e-02
5.569411e-02
3.034377e-02
1.492713e-02
6.413602e-03
2.276237e-03
5.988317e-04
8.834030e-05
1.000000e+00
1.000000e+00
1.000000e+00
1.000000e+00
1.000000e+00
1.000000e+00
1.000000e+00
1.000000e+00
1.000000e+00
1.000000e+00
1.000000e+00
1.000000e+00
1.000000e+00
1.000000e+00
9.999995e-01
9.999955e-01
9.999700e-01
9.998411e-01
9.993213e-01
9.976037e-01
9.928542e-01
9.816449e-01
9.585934e-01
9.158006e-01
8.434827e-01
7.400272e-01
6.140606e-01
4.815147e-01
3.575489e-01
2.517804e-01
1.679852e-01
1.057752e-01
6.240727e-02
3.412372e-02
1.701999e-02
7.566977e-03
2.895018e-03
8.989069e-04
2.025097e-04
2.492755e-05
1.000000e+00
1.000000e+00
1.000000e+00
1.000000e+00
1.000000e+00
1.000000e+00
1.000000e+00
1.000000e+00
1.000000e+00
1.000000e+00
1.000000e+00
1.000000e+00
1.000000e+00
9.999999e-01
9.999989e-01
9.999911e-01
9.999451e-01
9.997307e-01
9.989203e-01
9.963825e-01
9.896684e-01
9.743789e-01
9.437498e-01
8.872340e-01
7.958354e-01
6.737962e-01
5.366985e-01
4.029295e-01
2.857871e-01
1.915505e-01
1.210072e-01
7.164633e-02
3.941519e-02
1.990292e-02
9.069797e-03
3.640894e-03
1.241275e-03
3.383484e-04
6.577141e-05
6.849807e-06
1.000000e+00
1.000000e+00
1.000000e+00
1.000000e+00
1.000000e+00
1.000000e+00
1.000000e+00
1.000000e+00
1.000000e+00
1.000000e+00
1.000000e+00
1.000000e+00
1.000000e+00
9.999997e-01
9.999971e-01
9.999800e-01
9.998898e-01
9.995056e-01
9.981591e-01
9.942013e-01
9.842761e-01
9.626663e-01
9.208547e-01
8.449120e-01
7.318370e-01
5.942629e-01
4.528417e-01
3.248323e-01
2.196537e-01
1.398111e-01
8.339846e-02
4.629167e-02
2.367621e-02
1.101334e-02
4.578029e-03
1.658805e-03
5.046708e-04
1.212261e-04
2.047848e-05
1.825306e-06
1.000000e+00
1.000000e+00
1.000000e+00
1.000000e+00
1.000000e+00
1.000000e+00
1.000000e+00
1.000000e+00
1.000000e+00
1.000000e+00
1.000000e+00
1.000000e+00
9.999999e-01
9.999989e-01
9.999917e-01
9.999507e-01
9.997597e-01
9.990269e-01
9.966728e-01
9.902478e-01
9.751286e-01
9.439460e-01
8.860745e-01
7.857278e-01
6.519506e-01
5.056144e-01
3.678044e-01
2.516315e-01
1.618553e-01
9.755203e-02
5.476405e-02
2.840055e-02
1.346331e-02
5.755902e-03
2.179826e-03
7.130282e-04
1.939329e-04
4.120944e-05
6.088424e-06
4.689086e-07
1.000000e+00
1.000000e+00
1.000000e+00
1.000000e+00
1.000000e+00
1.000000e+00
1.000000e+00
1.000000e+00
1.000000e+00
1.000000e+00
1.000000e+00
9.999999e-01
9.999993e-01
9.999955e-01
9.999736e-01
9.998679e-01
9.994404e-01
9.979799e-01
9.937274e-01
9.830607e-01
9.597345e-01
9.145491e-01
8.344676e-01
7.079289e-01
5.596252e-01
4.134815e-01
2.866455e-01
1.866317e-01
1.138517e-01
6.474228e-02
3.407347e-02
1.644949e-02
7.205884e-03
2.825616e-03
9.740627e-04
2.877577e-04
7.010209e-05
1.322514e-05
1.718537e-06
1.152791e-07
1.000000e+00
1.000000e+00
1.000000e+00
1.000000e+00
1.000000e+00
1.000000e+00
1.000000e+00
1.000000e+00
1.000000e+00
1.000000e+00
9.999999e-01
9.999993e-01
9.999964e-01
9.999811e-01
9.999109e-01
9.996283e-01
9.986433e-01
9.956742e-01
9.879076e-01
9.701588e-01
9.343948e-01
8.697969e-01
7.606566e-01
6.135211e-01
4.606847e-01
3.237347e-01
2.134597e-01
1.318791e-01
7.600891e-02
4.060626e-02
1.995046e-02
8.932693e-03
3.605724e-03
1.294521e-03
4.059505e-04
1.083711e-04
2.369064e-05
3.980964e-06
4.572093e-07
2.689167e-08
1.000000e+00
1.000000e+00
1.000000e+00
1.000000e+00
1.000000e+00
1.000000e+00
1.000000e+00
1.000000e+00
9.999999e-01
9.999997e-01
9.999988e-01
9.999952e-01
9.999803e-01
9.999203e-01
9.996962e-01
9.989407e-01
9.966768e-01
9.906824e-01
9.766707e-01
9.476785e-01
8.942035e-01
8.047147e-01
6.637322e-01
5.072835e-01
3.615672e-01
2.414537e-01
1.510478e-01
8.820664e-02
4.780750e-02
2.387905e-02
1.090434e-02
4.511923e-03
1.673873e-03
5.493744e-04
1.566466e-04
3.781108e-05
7.429807e-06
1.115283e-06
1.136858e-07
5.896111e-09
1.000000e+00
1.000000e+00
1.000000e+00
1.000000e+00
9.999999e-01
9.999999e-01
9.999998e-01
9.999995e-01
9.999988e-01
9.999968e-01
9.999906e-01
9.999703e-01
9.999025e-01
9.996811e-01
9.989980e-01
9.970518e-01
9.920179e-01
9.803040e-01
9.558843e-01
9.102856e-01
8.335333e-01
7.141630e-01
5.529253e-01
3.992082e-01
2.696793e-01
1.706220e-01
1.008330e-01
5.537296e-02
2.807191e-02
1.304359e-02
5.512389e-03
2.100864e-03
7.146975e-04
2.141618e-04
5.550548e-05
1.212116e-05
2.144190e-06
2.882531e-07
2.617412e-08
1.202749e-09
9.999997e-01
9.999996e-01
9.999995e-01
9.999994e-01
9.999991e-01
9.999986e-01
9.999975e-01
9.999951e-01
9.999897e-01
9.999761e-01
9.999403e-01
9.998424e-01
9.995714e-01
9.988339e-01
9.969124e-01
9.922230e-01
9.816705e-01
9.600078e-01
9.197026e-01
8.518790e-01
7.478274e-01
5.967542e-01
4.361959e-01
2.972426e-01
1.897567e-01
1.132616e-01
6.289379e-02
3.228940e-02
1.522459e-02
6.548199e-03
2.550984e-03
8.929018e-04
2.780105e-04
7.598165e-05
1.789593e-05
3.537797e-06
5.641996e-07
6.808452e-08
5.524947e-09
2.258897e-10
9.999967e-01
9.999963e-01
9.999955e-01
9.999941e-01
9.999917e-01
9.999874e-01
9.999794e-01
9.999635e-01
9.999303e-01
9.998572e-01
9.996896e-01
9.992954e-01
9.983622e-01
9.961888e-01
9.913127e-01
9.809684e-01
9.605215e-01
9.232860e-01
8.613245e-01
7.673834e-01
6.359773e-01
4.677828e-01
3.220269e-01
2.073779e-01
1.247823e-01
6.988647e-02
3.622990e-02
1.727867e-02
7.534900e-03
2.986375e-03
1.068808e-03
3.427680e-04
9.752985e-05
2.429368e-05
5.199750e-06
9.311780e-07
1.340707e-07
1.455486e-08
1.058691e-09
3.865942e-11
9.999746e-01
9.999715e-01
9.999661e-01
9.999570e-01
9.999418e-01
9.999160e-01
9.998706e-01
9.997873e-01
9.996283e-01
9.993133e-01
9.986714e-01
9.973423e-01
9.945894e-01
9.889854e-01
9.779662e-01
9.573676e-01
9.212570e-01
8.625879e-01
7.750752e-01
6.552995e-01
4.999427e-01
3.450720e-01
2.228023e-01
1.345843e-01
7.577574e-02
3.953973e-02
1.900667e-02
8.369997e-03
3.359239e-03
1.222309e-03
4.008241e-04
1.175697e-04
3.054028e-05
6.930827e-06
1.348464e-06
2.189563e-07
2.850617e-08
2.790245e-09
1.824545e-10
5.972104e-12
9.998471e-01
9.998305e-01
9.998018e-01
9.997552e-01
9.996804e-01
9.995588e-01
9.993563e-01
9.990095e-01
9.983983e-01
9.972933e-01
9.952594e-01
9.914868e-01
9.845256e-01
9.719290e-01
9.498999e-01
9.131842e-01
8.556273e-01
7.718405e-01
6.597814e-01
5.214390e-01
3.602560e-01
2.336145e-01
1.416211e-01
7.997616e-02
4.185949e-02
2.020099e-02
8.945008e-03
3.618293e-03
1.331385e-03
4.435754e-04
1.330487e-04
3.565850e-05
8.453109e-06
1.748088e-06
3.093846e-07
4.560796e-08
5.379037e-09
4.758735e-10
2.805836e-11
8.261878e-13
9.992662e-01
9.991952e-01
9.990749e-01
9.988848e-01
9.985896e-01
9.981299e-01
9.974031e-01
9.962324e-01
9.943106e-01
9.911060e-01
9.857119e-01
9.766271e-01
9.614825e-01
9.367954e-01
8.979437e-01
8.396787e-01
7.575239e-01
6.501497e-01
5.213137e-01
3.750440e-01
2.414344e-01
1.457435e-01
8.202249e-02
4.285383e-02
2.067329e-02
9.164600e-03
3.718963e-03
1.376793e-03
4.633627e-04
1.411565e-04
3.870124e-05
9.476487e-06
2.050920e-06
3.868130e-07
6.235694e-08
8.360221e-09
8.952313e-10
7.177665e-11
3.828205e-12
1.017740e-13
9.971266e-01
9.968798e-01
9.964698e-01
9.958383e-01
9.948894e-01
9.934686e-01
9.913269e-01
9.880648e-01
9.830431e-01
9.752540e-01
9.631479e-01
9.444377e-01
9.159540e-01
8.737012e-01
8.133531e-01
7.314459e-01
6.273405e-01
5.054629e-01
3.750223e-01
2.407719e-01
1.447946e-01
8.119695e-02
4.224291e-02
2.028878e-02
8.963167e-03
3.631835e-03
1.346351e-03
4.554171e-04
1.401058e-04
3.902998e-05
9.787288e-06
2.191693e-06
4.336116e-07
7.470881e-08
1.099155e-08
1.343329e-09
1.309483e-10
9.543399e-12
4.619516e-13
1.112866e-14
9.906368e-01
9.899252e-01
9.887686e-01
9.870314e-01
9.845008e-01
9.808505e-01
9.755869e-01
9.679720e-01
9.569185e-01
9.408643e-01
9.176503e-01
8.844640e-01
8.379671e-01
7.747788e-01
6.924920e-01
5.912454e-01
4.754423e-01
3.544683e-01
2.376961e-01
1.403386e-01
7.776452e-02
3.998030e-02
1.900661e-02
8.329003e-03
3.355622e-03
1.240373e-03
4.198364e-04
1.298096e-04
3.654153e-05
9.322167e-06
2.141810e-06
4.394983e-07
7.966130e-08
1.256788e-08
1.691803e-09
1.889875e-10
1.681882e-11
1.117575e-12
4.925543e-14
1.078916e-15
9.741706e-01
9.724417e-01
9.696976e-01
9.656810e-01
9.600037e-01
9.521011e-01
9.411713e-01
9.261001e-01
9.053823e-01
8.770653e-01
8.387676e-01
7.878599e-01
7.219274e-01
6.396210e-01
5.418790e-01
4.331857e-01
3.220364e-01
2.195329e-01
1.302404e-01
7.115191e-02
3.609377e-02
1.695167e-02
7.345370e-03
2.931225e-03
1.076100e-03
3.630162e-04
1.123388e-04
3.180892e-05
8.210836e-06
1.922504e-06
4.055999e-07
7.643583e-08
1.272105e-08
1.841887e-09
2.273854e-10
2.327352e-11
1.895759e-12
1.151664e-13
4.634989e-15
9.260044e-17
9.387727e-01
9.351856e-01
9.296451e-01
9.217493e-01
9.109175e-01
8.963511e-01
8.769911e-01
8.514843e-01
8.181833e-01
7.752210e-01
7.207236e-01
6.532347e-01
5.724028e-01
4.798758e-01
3.801155e-01
2.805241e-01
1.901598e-01
1.169668e-01
6.252717e-02
3.118776e-02
1.439254e-02
6.137098e-03
2.416407e-03
8.780395e-04
2.942205e-04
9.080323e-05
2.575847e-05
6.696350e-06
1.588837e-06
3.422108e-07
6.644097e-08
1.152353e-08
1.764740e-09
2.350203e-10
2.666980e-11
2.507241e-12
1.874154e-13
1.043793e-14
3.847390e-16
7.032709e-18
8.736716e-01
8.672598e-01
8.576629e-01
8.443687e-01
8.266736e-01
8.036741e-01
7.742737e-01
7.372255e-01
6.912427e-01
6.352176e-01
5.685868e-01
4.918520e-01
4.071794e-01
3.188363e-01
2.330438e-01
1.568189e-01
9.588695e-02
5.265844e-02
2.565501e-02
1.159611e-02
4.854279e-03
1.881155e-03
6.747839e-04
2.239674e-04
6.872157e-05
1.946224e-05
5.074923e-06
1.214335e-06
2.654506e-07
5.270750e-08
9.436935e-09
1.509477e-09
2.131565e-10
2.616658e-11
2.735656e-12
2.367870e-13
1.628416e-14
8.337243e-16
2.822659e-17
4.735153e-19
7.706628e-01
7.607598e-01
7.464643e-01
7.272545e-01
7.024702e-01
6.713525e-01
6.331143e-01
5.870637e-01
5.328022e-01
4.705110e-01
4.013078e-01
3.275897e-01
2.531802e-01
1.830147e-01
1.221660e-01
7.438482e-02
4.086140e-02
2.004929e-02
8.876561e-03
3.642763e-03
1.386732e-03
4.899279e-04
1.606469e-04
4.886292e-05
1.376966e-05
3.587962e-06
8.620702e-07
1.902824e-07
3.840162e-08
7.043442e-09
1.165269e-09
1.722450e-10
2.247522e-11
2.548744e-12
2.460613e-13
1.965724e-14
1.246970e-15
5.885159e-17
1.835455e-18
2.834465e-20
6.303735e-01
6.172268e-01
5.989989e-01
5.752901e-01
5.456877e-01
5.098451e-01
4.675940e-01
4.190990e-01
3.650533e-01
3.068835e-01
2.468939e-01
1.882250e-01
1.344890e-01
8.902971e-02
5.399925e-02
2.971045e-02
1.469966e-02
6.486593e-03
2.605509e-03
9.723008e-04
3.374840e-04
1.090162e-04
3.276849e-05
9.157656e-06
2.375746e-06
5.708304e-07
1.266375e-07
2.583665e-08
4.823380e-09
8.188366e-10
1.254307e-10
1.716971e-11
2.074719e-12
2.178504e-13
1.946866e-14
1.439185e-15
8.444203e-17
3.684280e-18
1.061694e-19
1.514092e-21
4.668240e-01
4.520410e-01
4.323861e-01
4.076774e-01
3.778788e-01
3.431748e-01
3.040655e-01
2.614704e-01
2.168127e-01
1.720322e-01
1.294584e-01
9.149000e-02
6.010244e-02
3.633812e-02
2.003759e-02
9.996870e-03
4.479804e-03
1.790421e-03
6.523939e-04
2.216880e-04
7.030238e-05
2.080978e-05
5.746631e-06
1.478727e-06
3.538949e-07
7.856782e-08
1.612635e-08
3.047258e-09
5.273347e-10
8.303568e-11
1.180298e-11
1.499629e-12
1.682131e-13
1.639563e-14
1.359927e-15
9.328383e-17
5.077238e-18
2.054215e-19
5.487150e-21
7.250613e-23
3.053745e-01
2.916060e-01
2.739930e-01
2.525894e-01
2.276997e-01
1.999026e-01
1.700767e-01
1.394034e-01
1.093157e-01
8.136260e-02
5.698033e-02
3.720962e-02
2.245716e-02
1.242280e-02
6.251443e-03
2.842121e-03
1.159737e-03
4.220528e-04
1.396563e-04
4.327969e-05
1.256262e-05
3.414210e-06
8.679566e-07
2.060713e-07
4.559166e-08
9.372276e-09
1.783682e-09
3.128654e-10
5.030289e-11
7.364356e-12
9.737619e-13
1.151316e-13
1.202038e-14
1.090630e-15
8.420816e-17
5.376408e-18
2.723240e-19
1.025121e-20
2.546970e-22
3.129393e-24
1.723134e-01
1.619478e-01
1.490699e-01
1.339085e-01
1.169253e-01
9.878561e-02
8.032077e-02
6.246101e-02
4.613070e-02
3.211088e-02
2.089921e-02
1.261722e-02
7.011916e-03
3.561631e-03
1.642510e-03
6.833970e-04
2.549827e-04
8.482608e-05
2.554001e-05
7.232963e-06
1.925729e-06
4.815768e-07
1.129565e-07
2.480136e-08
5.084508e-09
9.701678e-10
1.716237e-10
2.801529e-11
4.196027e-12
5.727128e-13
7.064598e-14
7.795977e-15
7.599452e-16
6.439033e-17
4.643179e-18
2.768631e-19
1.309555e-20
4.602535e-22
1.067386e-23
1.223783e-25
8.209448e-02
7.590706e-02
6.834109e-02
5.967825e-02
5.033076e-02
4.079752e-02
3.161025e-02
2.326715e-02
1.616112e-02
1.051846e-02
6.369096e-03
3.562826e-03
1.828819e-03
8.558916e-04
3.629817e-04
1.386858e-04
4.747392e-05
1.448565e-05
3.979487e-06
1.032648e-06
2.528470e-07
5.833555e-08
1.265825e-08
2.577277e-09
4.909620e-10
8.720261e-11
1.438160e-11
2.191481e-12
3.067371e-13
3.915937e-14
4.521250e-15
4.672370e-16
4.266745e-17
3.387439e-18
2.288955e-19
1.278931e-20
5.667865e-22
1.866090e-23
4.053241e-25
4.351329e-27
3.242783e-02
2.952863e-02
2.599408e-02
2.204168e-02
1.792914e-02
1.392415e-02
1.026996e-02
7.152111e-03
4.673851e-03
2.847800e-03
1.607473e-03
8.352808e-04
3.971187e-04
1.717345e-04
6.717482e-05
2.364042e-05
7.448188e-06
2.091474e-06
5.260636e-07
1.254962e-07
2.835065e-08
6.054008e-09
1.219288e-09
2.309883e-10
4.103058e-11
6.807988e-12
1.050495e-12
1.499573e-13
1.968229e-14
2.358115e-15
2.556635e-16
2.482120e-17
2.130087e-18
1.589579e-19
1.009752e-20
5.304159e-22
2.209932e-23
6.840012e-25
1.396519e-26
1.409048e-28
1.045911e-02
9.395113e-03
8.091104e-03
6.662037e-03
5.225513e-03
3.887786e-03
2.730272e-03
1.800210e-03
1.108163e-03
6.331815e-04
3.338636e-04
1.615243e-04
7.130490e-05
2.856885e-05
1.033600e-05
3.360736e-06
9.778038e-07
2.535920e-07
5.863302e-08
1.291147e-08
2.702508e-09
5.364451e-10
1.007083e-10
1.782442e-11
2.963551e-12
4.609758e-13
6.676930e-14
8.956922e-15
1.105832e-15
1.247249e-16
1.273874e-17
1.165716e-18
9.433512e-20
6.640685e-21
3.980231e-22
1.973081e-23
7.758573e-25
2.266454e-26
4.367298e-28
4.158498e-30
2.715505e-03
2.409815e-03
2.032257e-03
1.625874e-03
1.230434e-03
8.775678e-04
5.873157e-04
3.670740e-04
2.131682e-04
1.144218e-04
5.647218e-05
2.549497e-05
1.047593e-05
3.899136e-06
1.308657e-06
3.944236e-07
1.063566e-07
2.557607e-08
5.470365e-09
1.118058e-09
2.178586e-10
4.036005e-11
7.087454e-12
1.175782e-12
1.835735e-13
2.685797e-14
3.664310e-15
4.635903e-16
5.403650e-17
5.759246e-18
5.562650e-19
4.816831e-20
3.690409e-21
2.460478e-22
1.397180e-23
6.563304e-25
2.446004e-26
6.772610e-28
1.236996e-29
1.116426e-31
5.582590e-04
4.898929e-04
4.049385e-04
3.150556e-04
2.302476e-04
1.575783e-04
1.006184e-04
5.969234e-05
3.275434e-05
1.654670e-05
7.659788e-06
3.234360e-06
1.240220e-06
4.300523e-07
1.343264e-07
3.766060e-08
9.448389e-09
2.115667e-09
4.219438e-10
8.033754e-11
1.462804e-11
2.539256e-12
4.188272e-13
6.540075e-14
9.629130e-15
1.330698e-15
1.717299e-16
2.057649e-17
2.273892e-18
2.299797e-19
2.109515e-20
1.735885e-21
1.264520e-22
8.019574e-24
4.333264e-25
1.937454e-26
6.873793e-28
1.812103e-29
3.151487e-31
2.708377e-33
8.882393e-05
7.711254e-05
6.252005e-05
4.734533e-05
3.344554e-05
2.198837e-05
1.341256e-05
7.563887e-06
3.928310e-06
1.871270e-06
8.142644e-07
3.223693e-07
1.156733e-07
3.748371e-08
1.093346e-08
2.862348e-09
6.709224e-10
1.405247e-10
2.626166e-11
4.682880e-12
8.008758e-13
1.309141e-13
2.038008e-14
3.009686e-15
4.198245e-16
5.505353e-17
6.751117e-18
7.695718e-19
8.099382e-20
7.808550e-21
6.832838e-22
5.367418e-23
3.734554e-24
2.263262e-25
1.169051e-26
4.998226e-28
1.696088e-29
4.277375e-31
7.117103e-33
5.852209e-35
1.055985e-05
9.070995e-06
7.217344e-06
5.323720e-06
3.638563e-06
2.300476e-06
1.342270e-06
7.206543e-07
3.548666e-07
1.597225e-07
6.548253e-08
2.437091e-08
8.207425e-09
2.493696e-09
6.817662e-10
1.673424e-10
3.681023e-11
7.246664e-12
1.275649e-12
2.142499e-13
3.460524e-14
5.355200e-15
7.909280e-16
1.110252e-16
1.474593e-17
1.843934e-18
2.159076e-19
2.352780e-20
2.369570e-21
2.188078e-22
1.835296e-23
1.382848e-24
9.234233e-26
5.373542e-27
2.666238e-28
1.095381e-29
3.572711e-31
8.661969e-33
1.385797e-34
1.095769e-36
8.843720e-07
7.517119e-07
5.871643e-07
4.221342e-07
2.793790e-07
1.700548e-07
9.503697e-08
4.865446e-08
2.275868e-08
9.699637e-09
3.755956e-09
1.317794e-09
4.178475e-10
1.194606e-10
3.073304e-11
7.103372e-12
1.473301e-12
2.740096e-13
4.568285e-14
7.270189e-15
1.115455e-15
1.643383e-16
2.315362e-17
3.105967e-18
3.948509e-19
4.732704e-20
5.318440e-21
5.568496e-22
5.393839e-23
4.794503e-24
3.874122e-25
2.813969e-26
1.812491e-27
1.017848e-28
4.875878e-30
1.934666e-31
6.096113e-33
1.428203e-34
2.208371e-36
1.687917e-38
4.663476e-08
3.922319e-08
3.008555e-08
2.109318e-08
1.352912e-08
7.936778e-09
4.254236e-09
2.080242e-09
9.261428e-10
3.746198e-10
1.373756e-10
4.557489e-11
1.365230e-11
3.686638e-12
8.962338e-13
1.959583e-13
3.851387e-14
6.803251e-15
1.080337e-15
1.639307e-16
2.403634e-17
3.391164e-18
4.583780e-19
5.909032e-20
7.229598e-21
8.350881e-22
9.054602e-23
9.156940e-24
8.575372e-25
7.375823e-26
5.771378e-27
4.062130e-28
2.536835e-29
1.381981e-30
6.424898e-32
2.475010e-33
7.573912e-35
1.723726e-36
2.589733e-38
1.923591e-40
1.167605e-09
9.717178e-10
7.320904e-10
5.007992e-10
3.115458e-10
1.763405e-10
9.078519e-11
4.247403e-11
1.803564e-11
6.940803e-12
2.417177e-12
7.606944e-13
2.160594e-13
5.533072e-14
1.276720e-14
2.653513e-15
4.967791e-16
8.380982e-17
1.275022e-17
1.856517e-18
2.617545e-19
3.557771e-20
4.640788e-21
5.782125e-22
6.846817e-23
7.663947e-24
8.061661e-25
7.917382e-26
7.207047e-27
6.030379e-28
4.593701e-29
3.149713e-30
1.917329e-31
1.018633e-32
4.620501e-34
1.737313e-35
5.190950e-37
1.153840e-38
1.693512e-40
1.229101e-42
