2.000000e-06
-0.000000e+00
-0.000000e+00
-0.000000e+00
-0.000000e+00
-0.000000e+00
-0.000000e+00
-0.000000e+00
-0.000000e+00
-0.000000e+00
-0.000000e+00
-0.000000e+00
-0.000000e+00
-0.000000e+00
-0.000000e+00
-0.000000e+00
-0.000000e+00
-0.000000e+00
-0.000000e+00
-0.000000e+00
-0.000000e+00
-0.000000e+00
-0.000000e+00
-0.000000e+00
-0.000000e+00
-0.000000e+00
-0.000000e+00
-0.000000e+00
-0.000000e+00
-0.000000e+00
-0.000000e+00
-0.000000e+00
-0.000000e+00
-0.000000e+00
-0.000000e+00
-0.000000e+00
-0.000000e+00
-0.000000e+00
-0.000000e+00
-1.955504e-06
1.999203e-06
7.899456e-07
3.711329e-07
2.028326e-07
1.246979e-07
8.357031e-08
5.961598e-08
4.452073e-08
3.440926e-08
2.730266e-08
2.211068e-08
1.819388e-08
1.515745e-08
1.274698e-08
1.079277e-08
9.178667e-09
7.824371e-09
6.675390e-09
5.696313e-09
4.860522e-09
4.125360e-09
3.385065e-09
2.412328e-09
8.040629e-10
-4.466533e-10
-2.977746e-09
-6.088901e-09
-9.829264e-09
-1.425942e-08
-1.950503e-08
-2.581730e-08
-3.369202e-08
-4.408715e-08
-5.884618e-08
-8.164486e-08
-1.203814e-07
-1.938659e-07
-3.525022e-07
-7.485697e-07
-1.896133e-06
1.208022e-06
7.892097e-07
4.916932e-07
3.154812e-07
2.123819e-07
1.499645e-07
1.103715e-07
8.405690e-08
6.581318e-08
5.269043e-08
4.294598e-08
3.550727e-08
2.968884e-08
2.503764e-08
2.124534e-08
1.809716e-08
1.544118e-08
1.316929e-08
1.120259e-08
9.471515e-09
7.879905e-09
6.252032e-09
4.291560e-09
1.603683e-09
-1.421769e-09
-5.953377e-09
-1.174262e-08
-1.891982e-08
-2.760767e-08
-3.796922e-08
-5.034261e-08
-6.547789e-08
-8.487521e-08
-1.113114e-07
-1.498148e-07
-2.096093e-07
-3.078743e-07
-4.757226e-07
-7.594168e-07
-1.159651e-06
8.354354e-07
6.671359e-07
4.909247e-07
3.550047e-07
2.593775e-07
1.935311e-07
1.478466e-07
1.155211e-07
9.209545e-08
7.469946e-08
6.147523e-08
5.120016e-08
4.305285e-08
3.646925e-08
3.105365e-08
2.652305e-08
2.267165e-08
1.934705e-08
1.643056e-08
1.381223e-08
1.135206e-08
8.831610e-09
5.925623e-09
2.234278e-09
-2.541750e-09
-8.952775e-09
-1.727122e-08
-2.774916e-08
-4.050124e-08
-5.556422e-08
-7.314071e-08
-9.393773e-08
-1.194978e-07
-1.525487e-07
-1.974825e-07
-2.609975e-07
-3.524916e-07
-4.821982e-07
-6.503107e-07
-8.111160e-07
6.310831e-07
5.529498e-07
4.498527e-07
3.542275e-07
2.765875e-07
2.169327e-07
1.719608e-07
1.380844e-07
1.123472e-07
9.253619e-08
7.705493e-08
6.476499e-08
5.485295e-08
4.673269e-08
3.997680e-08
3.426928e-08
2.937296e-08
2.510567e-08
2.131903e-08
1.787169e-08
1.459085e-08
1.122762e-08
7.431487e-09
2.770413e-09
-3.736479e-09
-1.204328e-08
-2.290323e-08
-3.660788e-08
-5.308707e-08
-7.205641e-08
-9.342657e-08
-1.176968e-07
-1.461681e-07
-1.810185e-07
-2.252982e-07
-2.827166e-07
-3.567025e-07
-4.475051e-07
-5.453371e-07
-6.195576e-07
5.048382e-07
4.637134e-07
4.013008e-07
3.354598e-07
2.758090e-07
2.256488e-07
1.849779e-07
1.525073e-07
1.266721e-07
1.060425e-07
8.944290e-08
7.595160e-08
6.486101e-08
5.563158e-08
4.785136e-08
4.120378e-08
3.544263e-08
3.037184e-08
2.582528e-08
2.164009e-08
1.761866e-08
1.348555e-08
8.860334e-09
3.261520e-09
-5.062658e-09
-1.537688e-08
-2.886126e-08
-4.564672e-08
-6.525636e-08
-8.698123e-08
-1.104538e-07
-1.359857e-07
-1.645933e-07
-1.978427e-07
-2.375743e-07
-2.854004e-07
-3.416822e-07
-4.035956e-07
-4.622702e-07
-5.009718e-07
4.197057e-07
3.957562e-07
3.561718e-07
3.104983e-07
2.655372e-07
2.248738e-07
1.897934e-07
1.602937e-07
1.357908e-07
1.155183e-07
9.872211e-08
8.473717e-08
7.300766e-08
6.308102e-08
5.459304e-08
4.725118e-08
4.081883e-08
3.510019e-08
2.992235e-08
2.510894e-08
2.044160e-08
1.561616e-08
1.021299e-08
3.685375e-09
-6.684157e-09
-1.918525e-08
-3.534002e-08
-5.484884e-08
-7.669256e-08
-9.982038e-08
-1.237507e-07
-1.487278e-07
-1.755630e-07
-2.053509e-07
-2.391159e-07
-2.773268e-07
-3.191743e-07
-3.615919e-07
-3.983841e-07
-4.206779e-07
3.585161e-07
3.434284e-07
3.171280e-07
2.848215e-07
2.509659e-07
2.185142e-07
1.890269e-07
1.630826e-07
1.406781e-07
1.215174e-07
1.051896e-07
9.126698e-08
7.935116e-08
6.909158e-08
6.018833e-08
5.238821e-08
4.547732e-08
3.927092e-08
3.359765e-08
2.827257e-08
2.305577e-08
1.760458e-08
1.143963e-08
3.922202e-09
-8.867799e-09
-2.373034e-08
-4.242439e-08
-6.399653e-08
-8.695598e-08
-1.101522e-07
-1.331923e-07
-1.563699e-07
-1.803869e-07
-2.060357e-07
-2.338717e-07
-2.638469e-07
-2.948886e-07
-3.244992e-07
-3.486567e-07
-3.625455e-07
3.124101e-07
3.023099e-07
2.840877e-07
2.606916e-07
2.349890e-07
2.091890e-07
1.847163e-07
1.623309e-07
1.423212e-07
1.246830e-07
1.092517e-07
9.578962e-08
8.403817e-08
7.374555e-08
6.468015e-08
5.663482e-08
4.942573e-08
4.288599e-08
3.685081e-08
3.112808e-08
2.545101e-08
1.941921e-08
1.244323e-08
3.688877e-09
-1.194644e-08
-2.920284e-08
-4.999862e-08
-7.269210e-08
-9.559840e-08
-1.177408e-07
-1.389566e-07
-1.596515e-07
-1.804804e-07
-2.020532e-07
-2.246735e-07
-2.480980e-07
-2.713295e-07
-2.925098e-07
-3.090612e-07
-3.182604e-07
2.764016e-07
2.693110e-07
2.562192e-07
2.388667e-07
2.191082e-07
1.985353e-07
1.783178e-07
1.592027e-07
1.415923e-07
1.256412e-07
1.113440e-07
9.860139e-08
8.726609e-08
7.717206e-08
6.815144e-08
6.004335e-08
5.269634e-08
4.596402e-08
3.968929e-08
3.367099e-08
2.760945e-08
2.103052e-08
1.314651e-08
2.306408e-09
-1.616245e-08
-3.557464e-08
-5.770718e-08
-8.044548e-08
-1.022672e-07
-1.225578e-07
-1.414336e-07
-1.594180e-07
-1.771372e-07
-1.950778e-07
-2.133992e-07
-2.318001e-07
-2.494451e-07
-2.649904e-07
-2.767660e-07
-2.831627e-07
2.474818e-07
2.423117e-07
2.326100e-07
2.194467e-07
2.040408e-07
1.875256e-07
1.708162e-07
1.545694e-07
1.392035e-07
1.249452e-07
1.118815e-07
1.000055e-07
8.925251e-08
7.952488e-08
7.070950e-08
6.268759e-08
5.533835e-08
4.853407e-08
4.212112e-08
3.588175e-08
2.948032e-08
2.241131e-08
1.396127e-08
-2.268748e-09
-2.101408e-08
-4.248484e-08
-6.502599e-08
-8.679786e-08
-1.067692e-07
-1.247573e-07
-1.411321e-07
-1.564976e-07
-1.714359e-07
-1.863260e-07
-2.012296e-07
-2.158374e-07
-2.294746e-07
-2.411733e-07
-2.498314e-07
-2.544585e-07
2.237307e-07
2.198430e-07
2.124612e-07
2.022683e-07
1.900818e-07
1.767094e-07
1.628514e-07
1.490546e-07
1.357068e-07
1.230543e-07
1.112309e-07
1.002865e-07
9.021327e-08
8.096508e-08
7.247278e-08
6.465302e-08
5.741061e-08
5.062976e-08
4.414762e-08
3.770646e-08
3.089283e-08
2.307985e-08
1.333392e-08
-7.320433e-09
-2.758841e-08
-4.970326e-08
-7.146653e-08
-9.142783e-08
-1.090860e-07
-1.246301e-07
-1.386048e-07
-1.516336e-07
-1.642218e-07
-1.766399e-07
-1.888735e-07
-2.006254e-07
-2.113575e-07
-2.203702e-07
-2.269220e-07
-2.303812e-07
2.038663e-07
2.008674e-07
1.951227e-07
1.870829e-07
1.773081e-07
1.663782e-07
1.548249e-07
1.430906e-07
1.315142e-07
1.203339e-07
1.097009e-07
9.969626e-08
9.034866e-08
8.164871e-08
7.356055e-08
6.602833e-08
5.897451e-08
5.228363e-08
4.576401e-08
3.908607e-08
3.170699e-08
2.278428e-08
1.101250e-08
-1.385201e-08
-3.497684e-08
-5.651982e-08
-7.654051e-08
-9.416041e-08
-1.093472e-07
-1.225505e-07
-1.343932e-07
-1.454524e-07
-1.561263e-07
-1.665785e-07
-1.767369e-07
-1.863270e-07
-1.949235e-07
-2.020185e-07
-2.071035e-07
-2.097634e-07
1.870002e-07
1.846367e-07
1.800786e-07
1.736321e-07
1.656889e-07
1.566701e-07
1.469789e-07
1.369684e-07
1.269253e-07
1.170661e-07
1.075422e-07
9.844872e-08
8.983591e-08
8.171879e-08
7.408497e-08
6.689697e-08
6.008381e-08
5.351404e-08
4.694393e-08
3.994310e-08
3.179923e-08
2.131568e-08
5.765012e-09
-2.152247e-08
-4.226004e-08
-6.220951e-08
-7.989117e-08
-9.498158e-08
-1.077981e-07
-1.189308e-07
-1.289902e-07
-1.384546e-07
-1.476007e-07
-1.564979e-07
-1.650374e-07
-1.729747e-07
-1.799772e-07
-1.856738e-07
-1.897100e-07
-1.918058e-07
1.724971e-07
1.706001e-07
1.669224e-07
1.616774e-07
1.551448e-07
1.476339e-07
1.394518e-07
1.308785e-07
1.221522e-07
1.134629e-07
1.049527e-07
9.672009e-08
8.882613e-08
8.130037e-08
7.414421e-08
6.732718e-08
6.076918e-08
5.430154e-08
4.760547e-08
4.013807e-08
3.107071e-08
1.937260e-08
-5.890443e-09
-2.805940e-08
-4.835487e-08
-6.622913e-08
-8.137647e-08
-9.403732e-08
-1.047650e-07
-1.141825e-07
-1.228172e-07
-1.310203e-07
-1.389535e-07
-1.466152e-07
-1.538799e-07
-1.605382e-07
-1.663319e-07
-1.709886e-07
-1.742573e-07
-1.759444e-07
1.598904e-07
1.583439e-07
1.553330e-07
1.510101e-07
1.455785e-07
1.392686e-07
1.323156e-07
1.249414e-07
1.173418e-07
1.096802e-07
1.020850e-07
9.465141e-08
8.744344e-08
8.049641e-08
7.381440e-08
6.735828e-08
6.101697e-08
5.455891e-08
4.756695e-08
3.935060e-08
2.871763e-08
1.285355e-08
-1.558218e-08
-3.525978e-08
-5.321632e-08
-6.846919e-08
-8.109708e-08
-9.160462e-08
-1.006143e-07
-1.086834e-07
-1.162121e-07
-1.234235e-07
-1.303864e-07
-1.370548e-07
-1.433038e-07
-1.489593e-07
-1.538223e-07
-1.576914e-07
-1.603863e-07
-1.617706e-07
1.488297e-07
1.475518e-07
1.450552e-07
1.414512e-07
1.368903e-07
1.315461e-07
1.256004e-07
1.192293e-07
1.125931e-07
1.058302e-07
9.905395e-08
9.235159e-08
8.578377e-08
7.938171e-08
7.313747e-08
6.698179e-08
6.074570e-08
5.411103e-08
4.656967e-08
3.743511e-08
2.600690e-08
-1.188270e-09
-2.257214e-08
-4.087717e-08
-5.626314e-08
-6.890185e-08
-7.928327e-08
-8.802669e-08
-9.570600e-08
-1.027523e-07
-1.094287e-07
-1.158506e-07
-1.220243e-07
-1.278826e-07
-1.333117e-07
-1.381706e-07
-1.423062e-07
-1.455686e-07
-1.478262e-07
-1.489812e-07
1.390467e-07
1.379780e-07
1.358845e-07
1.328490e-07
1.289848e-07
1.244247e-07
1.193102e-07
1.137815e-07
1.079695e-07
1.019903e-07
9.594120e-08
8.989771e-08
8.390941e-08
7.799069e-08
7.210224e-08
6.611891e-08
5.978483e-08
5.266476e-08
4.410950e-08
3.325383e-08
1.905052e-08
-1.212785e-08
-2.970787e-08
-4.492192e-08
-5.747319e-08
-6.772784e-08
-7.626751e-08
-8.366225e-08
-9.035640e-08
-9.663553e-08
-1.026439e-07
-1.084216e-07
-1.139401e-07
-1.191278e-07
-1.238869e-07
-1.281047e-07
-1.316635e-07
-1.344506e-07
-1.363690e-07
-1.373471e-07
1.303320e-07
1.294286e-07
1.276553e-07
1.250750e-07
1.217746e-07
1.178567e-07
1.134325e-07
1.086138e-07
1.035071e-07
9.820781e-08
9.279562e-08
8.732899e-08
8.183581e-08
7.629722e-08
7.062093e-08
6.460356e-08
5.788774e-08
4.992722e-08
3.997210e-08
2.696989e-08
8.373022e-09
-2.077028e-08
-3.480586e-08
-4.692396e-08
-5.693557e-08
-6.525896e-08
-7.241485e-08
-7.883650e-08
-8.481436e-08
-9.050633e-08
-9.597232e-08
-1.012086e-07
-1.061726e-07
-1.107977e-07
-1.150026e-07
-1.186979e-07
-1.217927e-07
-1.242016e-07
-1.258522e-07
-1.266914e-07
1.225195e-07
1.217480e-07
1.202315e-07
1.180194e-07
1.151790e-07
1.117908e-07
1.079424e-07
1.037225e-07
9.921583e-08
9.449717e-08
8.962493e-08
8.463186e-08
7.951044e-08
7.419049e-08
6.850838e-08
6.217210e-08
5.473513e-08
4.561371e-08
3.422140e-08
2.031803e-08
-8.100077e-09
-2.469331e-08
-3.701288e-08
-4.684169e-08
-5.494180e-08
-6.187493e-08
-6.806888e-08
-7.380893e-08
-7.925499e-08
-8.447601e-08
-8.948298e-08
-9.425234e-08
-9.873958e-08
-1.028869e-07
-1.066278e-07
-1.098916e-07
-1.126079e-07
-1.147112e-07
-1.161468e-07
-1.168750e-07
1.154747e-07
1.148080e-07
1.134984e-07
1.115852e-07
1.091217e-07
1.061708e-07
1.028008e-07
9.908033e-08
9.507252e-08
9.082867e-08
8.637891e-08
8.171905e-08
7.679152e-08
7.146028e-08
6.548271e-08
5.848799e-08
4.998547e-08
3.944612e-08
2.637109e-08
9.162477e-09
-1.666828e-08
-2.789409e-08
-3.738548e-08
-4.524835e-08
-5.197058e-08
-5.796631e-08
-6.351168e-08
-6.876220e-08
-7.378874e-08
-7.861003e-08
-8.321461e-08
-8.757326e-08
-9.164532e-08
-9.538221e-08
-9.873017e-08
-1.016331e-07
-1.040361e-07
-1.058886e-07
-1.071490e-07
-1.077870e-07
1.090829e-07
1.084973e-07
1.073520e-07
1.056796e-07
1.035218e-07
1.009268e-07
9.794530e-08
9.462538e-08
9.100640e-08
8.711039e-08
8.293021e-08
7.841345e-08
7.344208e-08
6.781056e-08
6.121074e-08
5.324551e-08
4.351919e-08
3.188500e-08
1.886697e-08
-5.956534e-09
-1.894048e-08
-2.843092e-08
-3.610281e-08
-4.263679e-08
-4.846180e-08
-5.384620e-08
-5.893869e-08
-6.380859e-08
-6.847828e-08
-7.294403e-08
-7.718716e-08
-8.117951e-08
-8.488601e-08
-8.826652e-08
-9.127764e-08
-9.387478e-08
-9.601475e-08
-9.765844e-08
-9.877360e-08
-9.933719e-08
1.032373e-07
1.027080e-07
1.016870e-07
1.002011e-07
9.828142e-08
9.596179e-08
9.327425e-08
9.024396e-08
8.688156e-08
8.317298e-08
7.906595e-08
7.445370e-08
6.915828e-08
6.292117e-08
5.541970e-08
4.634313e-08
3.554970e-08
2.318463e-08
8.724395e-09
-1.191927e-08
-2.023878e-08
-2.752189e-08
-3.384258e-08
-3.951148e-08
-4.476046e-08
-4.972337e-08
-5.446483e-08
-5.900857e-08
-6.335595e-08
-6.749586e-08
-7.140927e-08
-7.507137e-08
-7.845271e-08
-8.152034e-08
-8.423919e-08
-8.657371e-08
-8.848980e-08
-8.995689e-08
-9.094990e-08
-9.145103e-08
9.782168e-08
9.731906e-08
9.637916e-08
9.502222e-08
9.326810e-08
9.113410e-08
8.863096e-08
8.575688e-08
8.248901e-08
7.877268e-08
7.450866e-08
6.954133e-08
6.365458e-08
5.659203e-08
4.812918e-08
3.822428e-08
2.723754e-08
1.618621e-08
-2.426151e-09
-1.217141e-08
-1.941436e-08
-2.556734e-08
-3.109535e-08
-3.622608e-08
-4.107890e-08
-4.571152e-08
-5.014725e-08
-5.439087e-08
-5.843684e-08
-6.227305e-08
-6.588248e-08
-6.924402e-08
-7.233319e-08
-7.512302e-08
-7.758516e-08
-7.969115e-08
-8.141395e-08
-8.272950e-08
-8.361818e-08
-8.406611e-08
9.269177e-08
9.217713e-08
9.126683e-08
8.997243e-08
8.829943e-08
8.624569e-08
8.379748e-08
8.092326e-08
7.756543e-08
7.363134e-08
6.898605e-08
6.345361e-08
5.683926e-08
4.899021e-08
3.990374e-08
2.985156e-08
1.942358e-08
9.361904e-09
-5.383982e-09
-1.194102e-08
-1.784360e-08
-2.322164e-08
-2.823840e-08
-3.298984e-08
-3.752394e-08
-4.186178e-08
-4.601005e-08
-4.996725e-08
-5.372653e-08
-5.727686e-08
-6.060361e-08
-6.368910e-08
-6.651308e-08
-6.905349e-08
-7.128736e-08
-7.319186e-08
-7.474544e-08
-7.592906e-08
-7.672727e-08
-7.712919e-08
8.765721e-08
8.708034e-08
8.613824e-08
8.482942e-08
8.314128e-08
8.104978e-08
7.851586e-08
7.548025e-08
7.185800e-08
6.753594e-08
6.237867e-08
5.625183e-08
4.907217e-08
4.088385e-08
3.193212e-08
2.266855e-08
1.362153e-08
5.141560e-09
-5.249561e-09
-1.075791e-08
-1.593013e-08
-2.081513e-08
-2.546039e-08
-2.989600e-08
-3.413775e-08
-3.819243e-08
-4.206113e-08
-4.574083e-08
-4.922506e-08
-5.250425e-08
-5.556607e-08
-5.839576e-08
-6.097660e-08
-6.329056e-08
-6.531900e-08
-6.704355e-08
-6.844696e-08
-6.951410e-08
-7.023273e-08
-7.059426e-08
8.247914e-08
8.178038e-08
8.074066e-08
7.933834e-08
7.753974e-08
7.529968e-08
7.255921e-08
6.924349e-08
6.526295e-08
6.052217e-08
5.494157e-08
4.849564e-08
4.126252e-08
3.346209e-08
2.544309e-08
1.759093e-08
1.018348e-08
3.278561e-09
-4.152252e-09
-9.207222e-09
-1.397039e-08
-1.850446e-08
-2.283524e-08
-2.697551e-08
-3.093186e-08
-3.470703e-08
-3.830070e-08
-4.170980e-08
-4.492864e-08
-4.794907e-08
-5.076072e-08
-5.335132e-08
-5.570707e-08
-5.781321e-08
-5.965461e-08
-6.121642e-08
-6.248482e-08
-6.344770e-08
-6.409534e-08
-6.442091e-08
7.690020e-08
7.602684e-08
7.483867e-08
7.328541e-08
7.131332e-08
6.886421e-08
6.587463e-08
6.227860e-08
5.801645e-08
5.305223e-08
4.739950e-08
4.114933e-08
3.448471e-08
2.766090e-08
2.094311e-08
1.452532e-08
8.477965e-09
2.756492e-09
-2.994634e-09
-7.697770e-09
-1.213424e-08
-1.635629e-08
-2.038614e-08
-2.423424e-08
-2.790577e-08
-3.140278e-08
-3.472480e-08
-3.786906e-08
-4.083067e-08
-4.360272e-08
-4.617649e-08
-4.854177e-08
-5.068720e-08
-5.260066e-08
-5.426985e-08
-5.568275e-08
-5.682824e-08
-5.769660e-08
-5.828006e-08
-5.857319e-08
7.072511e-08
6.967343e-08
6.833543e-08
6.663189e-08
6.449882e-08
6.188100e-08
5.873169e-08
5.501822e-08
5.073310e-08
4.590868e-08
4.062987e-08
3.503593e-08
2.930227e-08
2.360241e-08
1.806523e-08
1.275081e-08
7.657322e-09
2.752606e-09
-2.049442e-09
-6.381119e-09
-1.048461e-08
-1.439065e-08
-1.811571e-08
-2.166865e-08
-2.505400e-08
-2.827351e-08
-3.132667e-08
-3.421102e-08
-3.692232e-08
-3.945468e-08
-4.180079e-08
-4.395213e-08
-4.589932e-08
-4.763244e-08
-4.914143e-08
-5.041655e-08
-5.144882e-08
-5.223044e-08
-5.275516e-08
-5.301864e-08
6.394483e-08
6.280200e-08
6.138688e-08
5.961201e-08
5.742136e-08
5.477892e-08
5.166759e-08
4.809321e-08
4.409070e-08
3.972791e-08
3.510272e-08
3.033016e-08
2.552150e-08
2.076322e-08
1.610595e-08
1.156774e-08
7.148179e-09
2.846223e-09
-1.335876e-09
-5.274409e-09
-9.026269e-09
-1.260405e-08
-1.601688e-08
-1.927051e-08
-2.236808e-08
-2.531061e-08
-2.809738e-08
-3.072607e-08
-3.319294e-08
-3.549294e-08
-3.761989e-08
-3.956668e-08
-4.132556e-08
-4.288837e-08
-4.424690e-08
-4.539323e-08
-4.632010e-08
-4.702121e-08
-4.749154e-08
-4.772760e-08
5.680461e-08
5.572445e-08
5.435444e-08
5.263450e-08
5.053342e-08
4.804063e-08
4.516491e-08
4.193518e-08
3.840034e-08
3.462592e-08
3.068634e-08
2.665429e-08
2.259076e-08
1.853956e-08
1.452807e-08
1.057277e-08
6.686376e-09
2.884542e-09
-8.097311e-10
-4.350595e-09
-7.740867e-09
-1.098210e-08
-1.407718e-08
-1.702847e-08
-1.983723e-08
-2.250352e-08
-2.502621e-08
-2.740298e-08
-2.963047e-08
-3.170428e-08
-3.361916e-08
-3.536919e-08
-3.694791e-08
-3.834862e-08
-3.956460e-08
-4.058942e-08
-4.141718e-08
-4.204279e-08
-4.246222e-08
-4.267266e-08
4.969149e-08
4.879987e-08
4.758267e-08
4.602772e-08
4.413302e-08
4.190836e-08
3.937590e-08
3.656969e-08
3.353342e-08
3.031641e-08
2.696845e-08
2.353501e-08
2.005421e-08
1.655635e-08
1.306546e-08
9.601795e-09
6.184456e-09
2.833432e-09
-4.274084e-10
-3.576736e-09
-6.604346e-09
-9.506294e-09
-1.228130e-08
-1.492897e-08
-1.744887e-08
-1.984007e-08
-2.210097e-08
-2.422922e-08
-2.622170e-08
-2.807456e-08
-2.978334e-08
-3.134303e-08
-3.274829e-08
-3.399361e-08
-3.507349e-08
-3.598268e-08
-3.671642e-08
-3.727059e-08
-3.764192e-08
-3.782817e-08
4.291284e-08
4.224252e-08
4.122774e-08
3.989316e-08
3.825751e-08
3.634168e-08
3.417148e-08
3.177780e-08
2.919521e-08
2.645980e-08
2.360681e-08
2.066897e-08
1.767558e-08
1.465251e-08
1.162281e-08
8.607438e-09
5.626085e-09
2.697773e-09
-1.569607e-10
-2.924523e-09
-5.593491e-09
-8.157447e-09
-1.061279e-08
-1.295728e-08
-1.518923e-08
-1.730693e-08
-1.930841e-08
-2.119125e-08
-2.295256e-08
-2.458896e-08
-2.609661e-08
-2.747132e-08
-2.870865e-08
-2.980406e-08
-3.075308e-08
-3.155143e-08
-3.219525e-08
-3.268123e-08
-3.300673e-08
-3.316995e-08
3.658277e-08
3.609615e-08
3.528065e-08
3.417300e-08
3.280012e-08
3.118638e-08
2.935677e-08
2.733775e-08
2.515697e-08
2.284248e-08
2.042180e-08
1.792119e-08
1.536524e-08
1.277667e-08
1.017640e-08
7.583693e-09
5.016467e-09
2.491447e-09
2.417615e-11
-2.370918e-09
-4.687671e-09
-6.917241e-09
-9.055132e-09
-1.109816e-08
-1.304387e-08
-1.489005e-08
-1.663450e-08
-1.827483e-08
-1.980837e-08
-2.123213e-08
-2.254285e-08
-2.373701e-08
-2.481094e-08
-2.576094e-08
-2.658335e-08
-2.727472e-08
-2.783195e-08
-2.825236e-08
-2.853385e-08
-2.867497e-08
3.067244e-08
3.031635e-08
2.967281e-08
2.877412e-08
2.764626e-08
2.631240e-08
2.479492e-08
2.311630e-08
2.129929e-08
1.936670e-08
1.734097e-08
1.524384e-08
1.309598e-08
1.091679e-08
8.724312e-09
6.535219e-09
4.364896e-09
2.227438e-09
1.354783e-10
-1.898045e-09
-3.869054e-09
-5.768733e-09
-7.592357e-09
-9.336391e-09
-1.099804e-08
-1.257491e-08
-1.406473e-08
-1.546522e-08
-1.677396e-08
-1.798836e-08
-1.910565e-08
-2.012293e-08
-2.103719e-08
-2.184541e-08
-2.254466e-08
-2.313218e-08
-2.360547e-08
-2.396242e-08
-2.420135e-08
-2.432111e-08
2.510279e-08
2.483781e-08
2.433710e-08
2.362375e-08
2.271887e-08
2.164209e-08
2.041234e-08
1.904832e-08
1.756869e-08
1.599202e-08
1.433658e-08
1.262010e-08
1.085952e-08
9.070874e-09
7.269102e-09
5.468059e-09
3.680476e-09
1.917921e-09
1.906796e-10
-1.490083e-09
-3.121785e-09
-4.696297e-09
-6.209189e-09
-7.657016e-09
-9.037013e-09
-1.034682e-08
-1.158430e-08
-1.274737e-08
-1.383390e-08
-1.484170e-08
-1.576849e-08
-1.661188e-08
-1.736948e-08
-1.803887e-08
-1.861772e-08
-1.910387e-08
-1.949535e-08
-1.979051e-08
-1.998803e-08
-2.008703e-08
1.979541e-08
1.959868e-08
1.921844e-08
1.866981e-08
1.796835e-08
1.712937e-08
1.616795e-08
1.509898e-08
1.393728e-08
1.269750e-08
1.139404e-08
1.004085e-08
8.651326e-09
7.238146e-09
5.813179e-09
4.387434e-09
2.971015e-09
1.573075e-09
2.017454e-10
-1.133579e-09
-2.431718e-09
-3.685494e-09
-4.891096e-09
-6.045484e-09
-7.146182e-09
-8.191085e-09
-9.178306e-09
-1.010606e-08
-1.097258e-08
-1.177607e-08
-1.251472e-08
-1.318665e-08
-1.378998e-08
-1.432286e-08
-1.478350e-08
-1.517023e-08
-1.548156e-08
-1.571624e-08
-1.587326e-08
-1.595194e-08
1.468440e-08
1.454374e-08
1.426900e-08
1.386960e-08
1.335621e-08
1.273988e-08
1.203172e-08
1.124284e-08
1.038425e-08
9.466844e-09
8.501298e-09
7.497969e-09
6.466795e-09
5.417200e-09
4.358024e-09
3.297470e-09
2.243063e-09
1.201609e-09
1.791562e-10
-8.166519e-10
-1.786023e-09
-2.722876e-09
-3.624225e-09
-4.487649e-09
-5.311153e-09
-6.093035e-09
-6.831784e-09
-7.525988e-09
-8.174281e-09
-8.775301e-09
-9.327675e-09
-9.830017e-09
-1.028094e-08
-1.067910e-08
-1.102318e-08
-1.131199e-08
-1.154444e-08
-1.171962e-08
-1.183682e-08
-1.189554e-08
9.714008e-09
9.622980e-09
9.444315e-09
9.183496e-09
8.847122e-09
8.442291e-09
7.976288e-09
7.456443e-09
6.890053e-09
6.284330e-09
5.646337e-09
4.982927e-09
4.300675e-09
3.605825e-09
2.904236e-09
2.201349e-09
1.502148e-09
8.111319e-10
1.322814e-10
-5.285520e-10
-1.172852e-09
-1.795767e-09
-2.395284e-09
-2.969741e-09
-3.517750e-09
-4.038123e-09
-4.529809e-09
-4.991832e-09
-5.423262e-09
-5.823178e-09
-6.190663e-09
-6.524801e-09
-6.824680e-09
-7.089412e-09
-7.318149e-09
-7.510104e-09
-7.664579e-09
-7.780982e-09
-7.858850e-09
-7.897865e-09
4.834624e-09
4.789849e-09
4.701780e-09
4.572944e-09
4.406487e-09
4.205869e-09
3.974687e-09
3.716580e-09
3.435180e-09
3.134076e-09
2.816784e-09
2.486716e-09
2.147144e-09
1.801178e-09
1.451738e-09
1.101534e-09
7.530422e-10
4.084832e-10
6.975521e-11
-2.593713e-10
-5.810708e-10
-8.920611e-10
-1.191407e-09
-1.478283e-09
-1.751984e-09
-2.011901e-09
-2.257496e-09
-2.488271e-09
-2.703755e-09
-2.903483e-09
-3.086998e-09
-3.253841e-09
-3.403561e-09
-3.535718e-09
-3.649892e-09
-3.745698e-09
-3.822790e-09
-3.880878e-09
-3.919734e-09
-3.939202e-09
0.000000e+00
0.000000e+00
0.000000e+00
0.000000e+00
0.000000e+00
0.000000e+00
0.000000e+00
0.000000e+00
0.000000e+00
0.000000e+00
0.000000e+00
0.000000e+00
0.000000e+00
0.000000e+00
0.000000e+00
0.000000e+00
0.000000e+00
0.000000e+00
0.000000e+00
0.000000e+00
0.000000e+00
0.000000e+00
0.000000e+00
0.000000e+00
0.000000e+00
0.000000e+00
0.000000e+00
0.000000e+00
0.000000e+00
0.000000e+00
0.000000e+00
0.000000e+00
0.000000e+00
0.000000e+00
0.000000e+00
0.000000e+00
0.000000e+00
0.000000e+00
0.000000e+00
0.000000e+00
