-0.000000e+00
-2.058397e-09
-4.127537e-09
-6.218170e-09
-8.341061e-09
-1.050699e-08
-1.272671e-08
-1.501095e-08
-1.737031e-08
-1.981540e-08
-2.235793e-08
-2.501523e-08
-2.782421e-08
-3.087277e-08
-3.434675e-08
-3.854848e-08
-4.378962e-08
-5.015079e-08
-5.738636e-08
-6.518310e-08
-7.344110e-08
-8.226104e-08
-9.181330e-08
-1.022813e-07
-1.138587e-07
-1.267658e-07
-1.412744e-07
-1.577350e-07
-1.766131e-07
-1.985422e-07
-2.244084e-07
-2.554908e-07
-2.937060e-07
-3.420588e-07
-4.055314e-07
-4.929784e-07
-6.215648e-07
-8.282809e-07
-1.203249e-06
-1.996825e-06
-2.000000e-06
-0.000000e+00
-2.047656e-09
-4.106047e-09
-6.185915e-09
-8.298030e-09
-1.045319e-08
-1.266221e-08
-1.493593e-08
-1.728517e-08
-1.972096e-08
-2.225566e-08
-2.490726e-08
-2.771227e-08
-3.075501e-08
-3.421237e-08
-3.837455e-08
-4.354774e-08
-4.982088e-08
-5.695856e-08
-6.464686e-08
-7.278269e-08
-8.146776e-08
-9.086992e-08
-1.011631e-07
-1.125268e-07
-1.251638e-07
-1.393219e-07
-1.553169e-07
-1.735614e-07
-1.946042e-07
-2.191910e-07
-2.483563e-07
-2.835656e-07
-3.269351e-07
-3.815503e-07
-4.518267e-07
-5.434094e-07
-6.599637e-07
-7.844222e-07
-7.875525e-07
0.000000e+00
-0.000000e+00
-2.026186e-09
-4.063081e-09
-6.121415e-09
-8.211955e-09
-1.034553e-08
-1.253303e-08
-1.478546e-08
-1.711390e-08
-1.952984e-08
-2.204607e-08
-2.468041e-08
-2.746671e-08
-3.048058e-08
-3.388061e-08
-3.793303e-08
-4.293511e-08
-4.900411e-08
-5.594690e-08
-6.345585e-08
-7.140158e-08
-7.986376e-08
-8.899751e-08
-9.896270e-08
-1.099189e-07
-1.220401e-07
-1.355320e-07
-1.506490e-07
-1.677107e-07
-1.871213e-07
-2.093941e-07
-2.351761e-07
-2.652626e-07
-3.005623e-07
-3.419024e-07
-3.893602e-07
-4.402682e-07
-4.837183e-07
-4.868811e-07
-3.687253e-07
0.000000e+00
-0.000000e+00
-1.994008e-09
-3.998681e-09
-6.024711e-09
-8.082849e-09
-1.018394e-08
-1.233895e-08
-1.455900e-08
-1.685548e-08
-1.924018e-08
-2.172613e-08
-2.433036e-08
-2.708253e-08
-3.004590e-08
-3.335355e-08
-3.723734e-08
-4.197996e-08
-4.773995e-08
-5.439353e-08
-6.164952e-08
-6.933608e-08
-7.749272e-08
-8.625315e-08
-9.575841e-08
-1.061432e-07
-1.175449e-07
-1.301166e-07
-1.440361e-07
-1.595104e-07
-1.767754e-07
-1.960868e-07
-2.176900e-07
-2.417445e-07
-2.681463e-07
-2.961331e-07
-3.234378e-07
-3.445765e-07
-3.477473e-07
-3.106342e-07
-2.004067e-07
0.000000e+00
-0.000000e+00
-1.951168e-09
-3.912927e-09
-5.895901e-09
-7.910794e-09
-9.968433e-09
-1.207982e-08
-1.425617e-08
-1.650904e-08
-1.885046e-08
-2.129349e-08
-2.385403e-08
-2.655681e-08
-2.945092e-08
-3.263949e-08
-3.631141e-08
-4.072482e-08
-4.608133e-08
-5.235000e-08
-5.927648e-08
-6.663877e-08
-7.441849e-08
-8.271923e-08
-9.165960e-08
-1.013467e-07
-1.118788e-07
-1.233530e-07
-1.358679e-07
-1.495188e-07
-1.643825e-07
-1.804867e-07
-1.977513e-07
-2.158773e-07
-2.341433e-07
-2.510430e-07
-2.636773e-07
-2.668473e-07
-2.520521e-07
-2.074888e-07
-1.222485e-07
0.000000e+00
-0.000000e+00
-1.897742e-09
-3.805960e-09
-5.735173e-09
-7.695994e-09
-9.699185e-09
-1.175571e-08
-1.387683e-08
-1.607415e-08
-1.835981e-08
-2.074674e-08
-2.324963e-08
-2.588835e-08
-2.869782e-08
-3.174985e-08
-3.518436e-08
-3.922123e-08
-4.409381e-08
-4.988014e-08
-5.639569e-08
-6.337336e-08
-7.071886e-08
-7.849512e-08
-8.679580e-08
-9.570036e-08
-1.052696e-07
-1.155482e-07
-1.265633e-07
-1.383139e-07
-1.507484e-07
-1.637255e-07
-1.769502e-07
-1.898689e-07
-2.015049e-07
-2.102161e-07
-2.133784e-07
-2.070796e-07
-1.861199e-07
-1.450136e-07
-8.109180e-08
0.000000e+00
-0.000000e+00
-1.833843e-09
-3.678001e-09
-5.542838e-09
-7.438825e-09
-9.376598e-09
-1.136703e-08
-1.342129e-08
-1.555096e-08
-1.776813e-08
-2.008552e-08
-2.251671e-08
-2.507736e-08
-2.778979e-08
-3.069624e-08
-3.388536e-08
-3.752414e-08
-4.185338e-08
-4.706167e-08
-5.307697e-08
-5.961166e-08
-6.647973e-08
-7.368888e-08
-8.130534e-08
-8.938283e-08
-9.794964e-08
-1.070065e-07
-1.165229e-07
-1.264248e-07
-1.365710e-07
-1.467159e-07
-1.564544e-07
-1.651422e-07
-1.717899e-07
-1.749363e-07
-1.725383e-07
-1.619703e-07
-1.403310e-07
-1.053502e-07
-5.710208e-08
0.000000e+00
-0.000000e+00
-1.759631e-09
-3.529364e-09
-5.319354e-09
-7.139870e-09
-9.001357e-09
-1.091450e-08
-1.289033e-08
-1.494025e-08
-1.707618e-08
-1.931054e-08
-2.165602e-08
-2.412511e-08
-2.673019e-08
-2.948835e-08
-3.243919e-08
-3.568539e-08
-3.944176e-08
-4.398661e-08
-4.940240e-08
-5.543158e-08
-6.179010e-08
-6.840982e-08
-7.532525e-08
-8.256698e-08
-9.013754e-08
-9.800466e-08
-1.060966e-07
-1.142909e-07
-1.223943e-07
-1.301122e-07
-1.370084e-07
-1.424547e-07
-1.455750e-07
-1.451998e-07
-1.398666e-07
-1.279306e-07
-1.078814e-07
-7.895213e-08
-4.196483e-08
0.000000e+00
-0.000000e+00
-1.675320e-09
-3.360473e-09
-5.065346e-09
-6.799945e-09
-8.574454e-09
-1.039931e-08
-1.228526e-08
-1.424346e-08
-1.628555e-08
-1.842358e-08
-2.066954e-08
-2.303384e-08
-2.552218e-08
-2.813276e-08
-3.086308e-08
-3.374694e-08
-3.693849e-08
-4.075915e-08
-4.546862e-08
-5.091688e-08
-5.673841e-08
-6.276266e-08
-6.898322e-08
-7.540973e-08
-8.202572e-08
-8.877733e-08
-9.556750e-08
-1.022477e-07
-1.086028e-07
-1.143296e-07
-1.190118e-07
-1.220925e-07
-1.228546e-07
-1.204202e-07
-1.137966e-07
-1.020025e-07
-8.431074e-08
-6.061080e-08
-3.180427e-08
0.000000e+00
-0.000000e+00
-1.581178e-09
-3.171862e-09
-4.781614e-09
-6.420111e-09
-8.097208e-09
-9.823007e-09
-1.160792e-08
-1.346274e-08
-1.539870e-08
-1.742742e-08
-1.956035e-08
-2.180680e-08
-2.416887e-08
-2.663302e-08
-2.916529e-08
-3.173528e-08
-3.441022e-08
-3.748884e-08
-4.138936e-08
-4.615974e-08
-5.141080e-08
-5.684375e-08
-6.239240e-08
-6.804560e-08
-7.377338e-08
-7.951036e-08
-8.514802e-08
-9.052928e-08
-9.543903e-08
-9.959132e-08
-1.026159e-07
-1.040483e-07
-1.033300e-07
-9.982904e-08
-9.289619e-08
-8.197117e-08
-6.674728e-08
-4.737527e-08
-2.464093e-08
0.000000e+00
-0.000000e+00
-1.477532e-09
-2.964186e-09
-4.469136e-09
-6.001674e-09
-7.571261e-09
-9.187592e-09
-1.086066e-08
-1.260081e-08
-1.441881e-08
-1.632575e-08
-1.833261e-08
-2.044827e-08
-2.267378e-08
-2.499061e-08
-2.734602e-08
-2.965878e-08
-3.189966e-08
-3.427705e-08
-3.729471e-08
-4.126661e-08
-4.589241e-08
-5.073953e-08
-5.564883e-08
-6.058382e-08
-6.550434e-08
-7.034093e-08
-7.498450e-08
-7.928205e-08
-8.303240e-08
-8.598031e-08
-8.781175e-08
-8.815428e-08
-8.658733e-08
-8.266911e-08
-7.598722e-08
-6.623798e-08
-5.333127e-08
-3.750153e-08
-1.938385e-08
0.000000e+00
-0.000000e+00
-1.364766e-09
-2.738213e-09
-4.129072e-09
-5.546187e-09
-6.998565e-09
-8.495438e-09
-1.004631e-08
-1.166102e-08
-1.334976e-08
-1.512306e-08
-1.699142e-08
-1.896362e-08
-2.104137e-08
-2.320654e-08
-2.540004e-08
-2.750916e-08
-2.941813e-08
-3.119779e-08
-3.332179e-08
-3.636572e-08
-4.027292e-08
-4.452742e-08
-4.883166e-08
-5.310841e-08
-5.730819e-08
-6.136161e-08
-6.516632e-08
-6.858170e-08
-7.142790e-08
-7.348540e-08
-7.449610e-08
-7.416926e-08
-7.219545e-08
-6.827232e-08
-6.214504e-08
-5.366171e-08
-4.283782e-08
-2.991535e-08
-1.539272e-08
0.000000e+00
-0.000000e+00
-1.243322e-09
-2.494828e-09
-3.762751e-09
-5.055434e-09
-6.381373e-09
-7.749279e-09
-9.168117e-09
-1.064715e-08
-1.219598e-08
-1.382451e-08
-1.554269e-08
-1.735927e-08
-1.927743e-08
-2.128292e-08
-2.332047e-08
-2.526681e-08
-2.694559e-08
-2.827896e-08
-2.959173e-08
-3.161026e-08
-3.465796e-08
-3.827975e-08
-4.200560e-08
-4.568078e-08
-4.924380e-08
-5.262630e-08
-5.573637e-08
-5.845016e-08
-6.061183e-08
-6.203695e-08
-6.251761e-08
-6.183079e-08
-5.975245e-08
-5.607920e-08
-5.065846e-08
-4.342556e-08
-3.444257e-08
-2.392904e-08
-1.227150e-08
0.000000e+00
-0.000000e+00
-1.113696e-09
-2.235025e-09
-3.371671e-09
-4.531420e-09
-5.722212e-09
-6.952184e-09
-8.229719e-09
-9.563476e-09
-1.096242e-08
-1.243579e-08
-1.399294e-08
-1.564251e-08
-1.738921e-08
-1.922414e-08
-2.110243e-08
-2.290852e-08
-2.443918e-08
-2.549398e-08
-2.617522e-08
-2.716532e-08
-2.918470e-08
-3.207297e-08
-3.522502e-08
-3.834449e-08
-4.134433e-08
-4.415688e-08
-4.670096e-08
-4.887031e-08
-5.053201e-08
-5.153267e-08
-5.170627e-08
-5.088349e-08
-4.890398e-08
-4.563319e-08
-4.098366e-08
-3.493914e-08
-2.757756e-08
-1.908651e-08
-9.764136e-09
0.000000e+00
-0.000000e+00
-9.764360e-10
-1.959904e-09
-2.957486e-09
-3.976362e-09
-5.023865e-09
-6.107519e-09
-7.235089e-09
-8.414601e-09
-9.654366e-09
-1.096296e-08
-1.234912e-08
-1.382121e-08
-1.538512e-08
-1.703721e-08
-1.874568e-08
-2.041502e-08
-2.184751e-08
-2.277061e-08
-2.306216e-08
-2.316762e-08
-2.403086e-08
-2.600653e-08
-2.853995e-08
-3.113110e-08
-3.362346e-08
-3.594935e-08
-3.803797e-08
-3.979753e-08
-4.111299e-08
-4.185517e-08
-4.189102e-08
-4.109257e-08
-3.934645e-08
-3.656560e-08
-3.270352e-08
-2.776948e-08
-2.184178e-08
-1.507514e-08
-7.698428e-09
0.000000e+00
-0.000000e+00
-8.321446e-10
-1.670670e-09
-2.522004e-09
-3.392675e-09
-4.289360e-09
-5.218934e-09
-6.188508e-09
-7.205460e-09
-8.277448e-09
-9.412401e-09
-1.061844e-08
-1.190356e-08
-1.327434e-08
-1.473135e-08
-1.625537e-08
-1.777629e-08
-1.912568e-08
-2.001492e-08
-2.015768e-08
-1.966498e-08
-1.939275e-08
-2.023080e-08
-2.200975e-08
-2.406594e-08
-2.608207e-08
-2.797882e-08
-2.970282e-08
-3.116854e-08
-3.226715e-08
-3.288380e-08
-3.290978e-08
-3.224904e-08
-3.082334e-08
-2.857891e-08
-2.549505e-08
-2.159325e-08
-1.694472e-08
-1.167370e-08
-5.954351e-09
0.000000e+00
-0.000000e+00
-6.814728e-10
-1.368626e-09
-2.067183e-09
-2.782968e-09
-3.521960e-09
-4.290340e-09
-5.094539e-09
-5.941269e-09
-6.837543e-09
-7.790667e-09
-8.808194e-09
-9.897727e-09
-1.106618e-08
-1.231702e-08
-1.364117e-08
-1.499327e-08
-1.624602e-08
-1.714011e-08
-1.731358e-08
-1.657318e-08
-1.541117e-08
-1.496214e-08
-1.573641e-08
-1.717746e-08
-1.871358e-08
-2.020012e-08
-2.163097e-08
-2.290826e-08
-2.390385e-08
-2.450316e-08
-2.461509e-08
-2.417021e-08
-2.311867e-08
-2.143139e-08
-1.910427e-08
-1.616351e-08
-1.266996e-08
-8.720479e-09
-4.445205e-09
0.000000e+00
-0.000000e+00
-5.251206e-10
-1.055176e-09
-1.595131e-09
-2.150051e-09
-2.725165e-09
-3.325919e-09
-3.958029e-09
-4.627522e-09
-5.340766e-09
-6.104482e-09
-6.925718e-09
-7.811739e-09
-8.769616e-09
-9.804691e-09
-1.091515e-08
-1.207593e-08
-1.320172e-08
-1.408864e-08
-1.438019e-08
-1.369382e-08
-1.206887e-08
-1.043173e-08
-9.921765e-09
-1.053065e-08
-1.150840e-08
-1.253217e-08
-1.373442e-08
-1.493761e-08
-1.593989e-08
-1.661097e-08
-1.687740e-08
-1.669793e-08
-1.604953e-08
-1.492347e-08
-1.332688e-08
-1.128638e-08
-8.850966e-09
-6.092933e-09
-3.105932e-09
0.000000e+00
-0.000000e+00
-3.638338e-10
-7.318232e-10
-1.108110e-09
-1.496935e-09
-1.902722e-09
-2.330132e-09
-2.784124e-09
-3.270010e-09
-3.793501e-09
-4.360746e-09
-4.978352e-09
-5.653340e-09
-6.392947e-09
-7.203842e-09
-8.089160e-09
-9.038768e-09
-1.000316e-08
-1.084098e-08
-1.125331e-08
-1.079504e-08
-9.143697e-09
-6.712658e-09
-4.924214e-09
-4.325796e-09
-4.481131e-09
-4.784042e-09
-5.886943e-09
-7.189709e-09
-8.316536e-09
-9.127294e-09
-9.587030e-09
-9.694941e-09
-9.458049e-09
-8.885908e-09
-7.993234e-09
-6.803998e-09
-5.354452e-09
-3.694259e-09
-1.885542e-09
0.000000e+00
-0.000000e+00
-1.983906e-10
-4.001716e-10
-6.085453e-10
-8.268530e-10
-1.058649e-09
-1.307753e-09
-1.578314e-09
-1.874879e-09
-2.202462e-09
-2.566626e-09
-2.973551e-09
-3.430088e-09
-3.943739e-09
-4.522351e-09
-5.172706e-09
-5.895297e-09
-6.668391e-09
-7.409406e-09
-7.898166e-09
-7.717191e-09
-6.311897e-09
-3.434035e-09
-1.238444e-10
2.048582e-09
2.686341e-09
3.785397e-09
2.106083e-09
3.396266e-10
-1.030599e-09
-2.004947e-09
-2.653028e-09
-3.038575e-09
-3.202443e-09
-3.169033e-09
-2.956117e-09
-2.581838e-09
-2.068499e-09
-1.444047e-09
-7.419551e-10
0.000000e+00
-0.000000e+00
-2.955574e-11
-6.192488e-11
-9.904275e-11
-1.432769e-10
-1.972594e-10
-2.639073e-10
-3.464897e-10
-4.487133e-10
-5.748233e-10
-7.297209e-10
-9.191029e-10
-1.149625e-09
-1.429081e-09
-1.766508e-09
-2.171802e-09
-2.653314e-09
-3.209778e-09
-3.816767e-09
-4.337404e-09
-4.460759e-09
-3.521042e-09
2.150767e-10
4.695176e-09
8.150149e-09
8.341743e-09
2.638257e-09
2.847794e-09
3.805768e-09
4.230276e-09
4.148244e-09
3.785444e-09
3.316019e-09
2.828837e-09
2.359023e-09
1.916236e-09
1.499888e-09
1.105683e-09
7.281280e-10
3.614565e-10
0.000000e+00
-0.000000e+00
1.397118e-10
2.786894e-10
4.151944e-10
5.476656e-10
6.744134e-10
7.934913e-10
9.025955e-10
9.989587e-10
1.079225e-09
1.139294e-09
1.174117e-09
1.177424e-09
1.141320e-09
1.055655e-09
9.070426e-10
6.778328e-10
3.493589e-10
-6.322151e-11
-5.680379e-10
-1.098171e-09
-1.808792e-09
-4.858114e-09
-5.536638e-09
-3.981647e-09
-6.606210e-10
4.690658e-09
7.432789e-09
9.148612e-09
1.012292e-08
1.041252e-08
1.018241e-08
9.606422e-09
8.805165e-09
7.844348e-09
6.755838e-09
5.556938e-09
4.262182e-09
2.888980e-09
1.459447e-09
0.000000e+00
-0.000000e+00
3.120947e-10
6.241582e-10
9.358485e-10
1.246715e-09
1.556141e-09
1.863249e-09
2.166808e-09
2.465115e-09
2.755859e-09
3.035942e-09
3.301243e-09
3.546284e-09
3.763740e-09
3.943670e-09
4.072218e-09
4.129197e-09
4.082317e-09
3.865965e-09
3.403638e-09
2.594711e-09
1.535837e-09
1.594268e-09
1.901855e-09
3.539945e-09
6.619051e-09
1.039334e-08
1.290856e-08
1.473845e-08
1.600142e-08
1.660140e-08
1.653607e-08
1.590782e-08
1.483620e-08
1.340992e-08
1.168522e-08
9.700886e-09
7.493050e-09
5.104117e-09
2.586148e-09
0.000000e+00
-0.000000e+00
4.845109e-10
9.700036e-10
1.457331e-09
1.947213e-09
2.440194e-09
2.936566e-09
3.436284e-09
3.938848e-09
4.443170e-09
4.947393e-09
5.448653e-09
5.942755e-09
6.423717e-09
6.883101e-09
7.309008e-09
7.684536e-09
7.985467e-09
8.178285e-09
8.233771e-09
8.154004e-09
8.070562e-09
8.369992e-09
9.035159e-09
1.050515e-08
1.302286e-08
1.614872e-08
1.876938e-08
2.067700e-08
2.203215e-08
2.281967e-08
2.291876e-08
2.229847e-08
2.102041e-08
1.917086e-08
1.682504e-08
1.404564e-08
1.089441e-08
7.443001e-09
3.778022e-09
0.000000e+00
-0.000000e+00
6.559474e-10
1.314018e-09
1.976262e-09
2.644618e-09
3.320862e-09
4.006548e-09
4.702924e-09
5.410836e-09
6.130596e-09
6.861825e-09
7.603240e-09
8.352389e-09
9.105299e-09
9.856038e-09
1.059621e-08
1.131451e-08
1.199687e-08
1.262895e-08
1.320551e-08
1.374745e-08
1.432988e-08
1.508252e-08
1.606401e-08
1.746281e-08
1.950450e-08
2.216638e-08
2.489532e-08
2.703304e-08
2.846222e-08
2.929247e-08
2.947532e-08
2.888187e-08
2.745988e-08
2.524245e-08
2.229998e-08
1.871327e-08
1.457221e-08
9.983568e-09
5.076361e-09
0.000000e+00
-0.000000e+00
8.252631e-10
1.653863e-09
2.489088e-09
3.334140e-09
4.192096e-09
5.065847e-09
5.958040e-09
6.870988e-09
7.806568e-09
8.766087e-09
9.750113e-09
1.075828e-08
1.178908e-08
1.283957e-08
1.390531e-08
1.498044e-08
1.605859e-08
1.713532e-08
1.821332e-08
1.930920e-08
2.045804e-08
2.170268e-08
2.306541e-08
2.460386e-08
2.644889e-08
2.875370e-08
3.141508e-08
3.384114e-08
3.550749e-08
3.635928e-08
3.649629e-08
3.585831e-08
3.430591e-08
3.176576e-08
2.825406e-08
2.384524e-08
1.865140e-08
1.281923e-08
6.531099e-09
0.000000e+00
-0.000000e+00
9.912449e-10
1.987086e-09
2.992090e-09
4.010767e-09
5.047541e-09
6.106714e-09
7.192410e-09
8.308520e-09
9.458616e-09
1.064585e-08
1.187286e-08
1.314158e-08
1.445317e-08
1.580787e-08
1.720504e-08
1.864339e-08
2.012173e-08
2.164044e-08
2.320350e-08
2.482009e-08
2.650260e-08
2.825789e-08
3.007638e-08
3.194853e-08
3.390941e-08
3.608983e-08
3.860881e-08
4.121302e-08
4.326879e-08
4.433079e-08
4.440386e-08
4.359311e-08
4.182901e-08
3.895528e-08
3.488081e-08
2.962308e-08
2.329159e-08
1.607015e-08
8.206831e-09
0.000000e+00
-0.000000e+00
1.152633e-09
2.311151e-09
3.481423e-09
4.669301e-09
5.880596e-09
7.121065e-09
8.396377e-09
9.712077e-09
1.107353e-08
1.248587e-08
1.395390e-08
1.548203e-08
1.707417e-08
1.873373e-08
2.046361e-08
2.226636e-08
2.414454e-08
2.610120e-08
2.814018e-08
3.026539e-08
3.247754e-08
3.476763e-08
3.710988e-08
3.946464e-08
4.180405e-08
4.417154e-08
4.669693e-08
4.938953e-08
5.183502e-08
5.336386e-08
5.360053e-08
5.260412e-08
5.048880e-08
4.717159e-08
4.247545e-08
3.630458e-08
2.871341e-08
1.990191e-08
1.019279e-08
0.000000e+00
-0.000000e+00
1.308140e-09
2.623463e-09
3.953157e-09
5.304423e-09
6.684484e-09
8.100580e-09
9.559964e-09
1.106989e-08
1.263758e-08
1.427021e-08
1.597486e-08
1.775847e-08
1.962777e-08
2.158930e-08
2.364933e-08
2.581392e-08
2.808889e-08
3.047965e-08
3.299065e-08
3.562377e-08
3.837513e-08
4.123014e-08
4.415789e-08
4.710903e-08
5.002552e-08
5.287760e-08
5.571256e-08
5.860545e-08
6.140466e-08
6.354174e-08
6.431661e-08
6.341091e-08
6.093139e-08
5.700043e-08
5.151574e-08
4.428450e-08
3.524291e-08
2.455678e-08
1.261958e-08
0.000000e+00
-0.000000e+00
1.456468e-09
2.921410e-09
4.403322e-09
5.910757e-09
7.452344e-09
9.036816e-09
1.067302e-08
1.236994e-08
1.413670e-08
1.598255e-08
1.791689e-08
1.994923e-08
2.208917e-08
2.434637e-08
2.673051e-08
2.925113e-08
3.191746e-08
3.473789e-08
3.771902e-08
4.086389e-08
4.416914e-08
4.762099e-08
5.119061e-08
5.483025e-08
5.847402e-08
6.205325e-08
6.553293e-08
6.893107e-08
7.220976e-08
7.502847e-08
7.665954e-08
7.636004e-08
7.384883e-08
6.927349e-08
6.276206e-08
5.419207e-08
4.338609e-08
3.040633e-08
1.568757e-08
0.000000e+00
-0.000000e+00
1.596327e-09
3.202390e-09
4.827970e-09
6.482944e-09
8.177327e-09
9.921325e-09
1.172537e-08
1.360017e-08
1.555673e-08
1.760641e-08
1.976093e-08
2.203240e-08
2.443331e-08
2.697653e-08
2.967522e-08
3.254266e-08
3.559196e-08
3.883546e-08
4.228368e-08
4.594367e-08
4.981655e-08
5.389422e-08
5.815533e-08
6.256092e-08
6.705115e-08
7.154742e-08
7.596801e-08
8.025300e-08
8.434508e-08
8.804274e-08
9.077893e-08
9.163540e-08
8.978599e-08
8.495567e-08
7.732578e-08
6.703208e-08
5.395605e-08
3.804342e-08
1.971698e-08
0.000000e+00
-0.000000e+00
1.726453e-09
3.463857e-09
5.223230e-09
7.015726e-09
8.852703e-09
1.074579e-08
1.270697e-08
1.474864e-08
1.688365e-08
1.912544e-08
2.148803e-08
2.398614e-08
2.663517e-08
2.945125e-08
3.245119e-08
3.565234e-08
3.907230e-08
4.272835e-08
4.663661e-08
5.081059e-08
5.525920e-08
5.998405e-08
6.497597e-08
7.021072e-08
7.564418e-08
8.120810e-08
8.681081e-08
9.234682e-08
9.770048e-08
1.026875e-07
1.068795e-07
1.094144e-07
1.091013e-07
1.049443e-07
9.662205e-08
8.434524e-08
6.828701e-08
4.845165e-08
2.524131e-08
0.000000e+00
-0.000000e+00
1.845630e-09
3.703360e-09
5.585373e-09
7.504033e-09
9.471970e-09
1.150218e-08
1.360811e-08
1.580376e-08
1.810381e-08
2.052367e-08
2.307964e-08
2.578897e-08
2.866998e-08
3.174212e-08
3.502598e-08
3.854326e-08
4.231656e-08
4.636907e-08
5.072386e-08
5.540292e-08
6.042567e-08
6.580688e-08
7.155387e-08
7.766275e-08
8.411337e-08
9.086282e-08
9.783854e-08
1.049337e-07
1.120030e-07
1.188362e-07
1.250548e-07
1.299049e-07
1.320909e-07
1.299703e-07
1.221990e-07
1.083124e-07
8.856934e-08
6.333302e-08
3.319674e-08
0.000000e+00
-0.000000e+00
1.952712e-09
3.918582e-09
5.910874e-09
7.943067e-09
1.002897e-08
1.218285e-08
1.441952e-08
1.675451e-08
1.920416e-08
2.178581e-08
2.451789e-08
2.742014e-08
3.051369e-08
3.382130e-08
3.736738e-08
4.117817e-08
4.528166e-08
4.970753e-08
5.448688e-08
5.965162e-08
6.523375e-08
7.126400e-08
7.776997e-08
8.477333e-08
9.228563e-08
1.003019e-07
1.087916e-07
1.176869e-07
1.268667e-07
1.361295e-07
1.451219e-07
1.531714e-07
1.590210e-07
1.606551e-07
1.555875e-07
1.417372e-07
1.183049e-07
8.575385e-08
4.534153e-08
0.000000e+00
-0.000000e+00
2.046640e-09
4.107389e-09
6.196478e-09
8.328394e-09
1.051801e-08
1.278073e-08
1.513263e-08
1.759060e-08
2.017254e-08
2.289752e-08
2.578600e-08
2.886000e-08
3.214337e-08
3.566201e-08
3.944410e-08
4.352040e-08
4.792440e-08
5.269258e-08
5.786454e-08
6.348300e-08
6.959379e-08
7.624549e-08
8.348877e-08
9.137515e-08
9.995452e-08
1.092708e-07
1.193546e-07
1.302108e-07
1.417988e-07
1.539998e-07
1.665492e-07
1.788927e-07
1.899041e-07
1.974768e-07
1.982446e-07
1.879535e-07
1.628365e-07
1.213962e-07
6.527334e-08
0.000000e+00
-0.000000e+00
2.126464e-09
4.267860e-09
6.439260e-09
8.656025e-09
1.093395e-08
1.328945e-08
1.573966e-08
1.830272e-08
2.099787e-08
2.384576e-08
2.686860e-08
3.009051e-08
3.353780e-08
3.723928e-08
4.122665e-08
4.553495e-08
5.020298e-08
5.527390e-08
6.079574e-08
6.682212e-08
7.341300e-08
8.063547e-08
8.856460e-08
9.728413e-08
1.068868e-07
1.174735e-07
1.291505e-07
1.420228e-07
1.561797e-07
1.716668e-07
1.884267e-07
2.061696e-07
2.240956e-07
2.403654e-07
2.513017e-07
2.506569e-07
2.299050e-07
1.808892e-07
1.011055e-07
0.000000e+00
-0.000000e+00
2.191359e-09
4.398331e-09
6.636683e-09
8.922497e-09
1.127234e-08
1.370344e-08
1.623387e-08
1.888275e-08
2.167050e-08
2.461904e-08
2.775213e-08
3.109567e-08
3.467806e-08
3.853067e-08
4.268830e-08
4.718978e-08
5.207873e-08
5.740434e-08
6.322244e-08
6.959681e-08
7.660070e-08
8.431891e-08
9.285015e-08
1.023102e-07
1.128352e-07
1.245862e-07
1.377530e-07
1.525574e-07
1.692539e-07
1.881218e-07
2.094365e-07
2.333858e-07
2.598504e-07
2.878781e-07
3.145670e-07
3.330692e-07
3.299383e-07
2.839718e-07
1.730174e-07
0.000000e+00
-0.000000e+00
2.240646e-09
4.497428e-09
6.786647e-09
9.124944e-09
1.152948e-08
1.401811e-08
1.660963e-08
1.932393e-08
2.218233e-08
2.520778e-08
2.842523e-08
3.186198e-08
3.554813e-08
3.951707e-08
4.380610e-08
4.845719e-08
5.351786e-08
5.904233e-08
6.509295e-08
7.174203e-08
7.907418e-08
8.718940e-08
9.620707e-08
1.062713e-07
1.175579e-07
1.302836e-07
1.447187e-07
1.612028e-07
1.801661e-07
2.021554e-07
2.278624e-07
2.581394e-07
2.939510e-07
3.361048e-07
3.843475e-07
4.348398e-07
4.739982e-07
4.659060e-07
3.362201e-07
0.000000e+00
-0.000000e+00
2.273800e-09
4.564092e-09
6.887540e-09
9.261161e-09
1.170252e-08
1.422991e-08
1.686260e-08
1.962103e-08
2.252712e-08
2.560453e-08
2.887904e-08
3.237891e-08
3.613543e-08
4.018340e-08
4.456188e-08
4.931505e-08
5.449322e-08
6.015420e-08
6.636504e-08
7.320424e-08
8.076468e-08
8.915754e-08
9.851758e-08
1.090102e-07
1.208416e-07
1.342720e-07
1.496360e-07
1.673703e-07
1.880563e-07
2.124828e-07
2.417439e-07
2.773898e-07
3.216572e-07
3.777828e-07
4.502716e-07
5.443884e-07
6.616932e-07
7.787352e-07
7.581216e-07
0.000000e+00
-0.000000e+00
2.290467e-09
4.597606e-09
6.938263e-09
9.329649e-09
1.178953e-08
1.433642e-08
1.698983e-08
1.977049e-08
2.270060e-08
2.580420e-08
2.910748e-08
3.263922e-08
3.643128e-08
4.051922e-08
4.494301e-08
4.974794e-08
5.498580e-08
6.071627e-08
6.700885e-08
7.394528e-08
8.162283e-08
9.015861e-08
9.969558e-08
1.104107e-07
1.225264e-07
1.363271e-07
1.521832e-07
1.705869e-07
1.922077e-07
2.179809e-07
2.492544e-07
2.880457e-07
3.375149e-07
4.028951e-07
4.934580e-07
6.270114e-07
8.411466e-07
1.224080e-06
2.006429e-06
1.859307e-06
