1.000000e+00
1.000000e+00
1.000000e+00
1.000000e+00
1.000000e+00
9.999999e-01
9.999995e-01
9.999959e-01
9.999720e-01
9.998414e-01
9.992414e-01
9.969112e-01
9.892241e-01
9.676729e-01
9.165952e-01
8.158150e-01
6.547348e-01
4.530129e-01
2.601155e-01
1.206046e-01
4.422466e-02
1.257071e-02
2.707762e-03
4.301700e-04
4.875304e-05
3.780566e-06
1.900658e-07
5.766743e-09
9.569811e-11
7.550636e-13
2.301719e-15
1.966854e-18
2.803053e-22
2.748475e-27
3.679886e-34
2.616532e-44
6.068966e-61
1.025750e-92
1.309044e-169
4.467045e-319
1.000000e+00
1.000000e+00
1.000000e+00
1.000000e+00
1.000000e+00
1.000000e+00
9.999995e-01
9.999962e-01
9.999742e-01
9.998525e-01
9.992886e-01
9.970783e-01
9.897273e-01
9.689624e-01
9.193977e-01
8.208855e-01
6.621188e-01
4.613617e-01
2.672853e-01
1.252462e-01
4.647958e-02
1.338603e-02
2.924310e-03
4.716170e-04
5.431911e-05
4.286317e-06
2.196651e-07
6.809950e-09
1.158565e-10
9.417017e-13
2.979049e-15
2.672239e-18
4.073335e-22
4.412949e-27
6.944831e-34
6.664904e-44
3.257242e-60
5.907375e-88
3.605827e-127
1.418220e-170
1.000000e+00
1.000000e+00
1.000000e+00
1.000000e+00
1.000000e+00
1.000000e+00
9.999996e-01
9.999968e-01
9.999776e-01
9.998702e-01
9.993646e-01
9.973556e-01
9.905845e-01
9.712159e-01
9.244000e-01
8.300659e-01
6.755584e-01
4.764887e-01
2.801221e-01
1.334453e-01
5.042614e-02
1.480966e-02
3.304134e-03
5.450662e-04
6.433245e-05
5.213907e-06
2.752520e-07
8.825918e-09
1.561912e-10
1.331604e-12
4.474178e-15
4.347820e-18
7.419372e-22
9.546385e-27
2.018962e-33
3.746311e-43
1.692466e-57
3.253224e-73
7.805495e-89
2.932881e-94
1.000000e+00
1.000000e+00
1.000000e+00
1.000000e+00
1.000000e+00
1.000000e+00
9.999997e-01
9.999974e-01
9.999817e-01
9.998918e-01
9.994603e-01
9.977120e-01
9.917110e-01
9.742385e-01
9.312403e-01
8.428579e-01
6.946471e-01
4.983816e-01
2.990224e-01
1.457128e-01
5.643107e-02
1.701768e-02
3.906490e-03
6.645760e-04
8.110972e-05
6.820812e-06
3.753029e-07
1.261971e-08
2.362359e-10
2.157671e-12
7.919766e-15
8.677106e-18
1.764312e-21
3.020890e-26
1.141692e-32
2.283617e-41
2.504270e-50
1.561241e-58
3.168806e-62
5.062253e-63
1.000000e+00
1.000000e+00
1.000000e+00
1.000000e+00
1.000000e+00
1.000000e+00
9.999998e-01
9.999981e-01
9.999860e-01
9.999148e-01
9.995645e-01
9.981105e-01
9.930009e-01
9.777797e-01
9.394392e-01
8.585794e-01
7.187988e-01
5.269859e-01
3.245246e-01
1.627849e-01
6.504877e-02
2.028959e-02
4.830297e-03
8.548681e-04
1.089527e-04
9.613893e-06
5.586065e-07
2.000937e-08
4.040337e-10
4.055559e-12
1.684874e-14
2.196972e-17
5.854888e-21
1.659017e-25
2.673933e-31
2.192143e-37
1.178315e-42
1.521560e-45
1.907485e-46
6.870659e-47
1.000000e+00
1.000000e+00
1.000000e+00
1.000000e+00
1.000000e+00
1.000000e+00
9.999999e-01
9.999986e-01
9.999899e-01
9.999367e-01
9.996670e-01
9.985136e-01
9.943425e-01
9.815632e-01
9.484431e-01
8.763872e-01
7.471925e-01
5.620826e-01
3.572237e-01
1.856264e-01
7.707083e-02
2.505357e-02
6.237505e-03
1.159186e-03
1.559201e-04
1.461475e-05
9.099072e-07
3.534872e-08
7.878461e-10
8.967435e-12
4.416525e-14
7.406738e-17
3.035189e-20
2.274244e-24
7.496405e-29
9.440647e-33
2.678719e-35
2.377538e-36
6.744278e-37
3.316411e-37
1.000000e+00
1.000000e+00
1.000000e+00
1.000000e+00
1.000000e+00
1.000000e+00
9.999999e-01
9.999991e-01
9.999932e-01
9.999558e-01
9.997593e-01
9.988890e-01
9.956330e-01
9.853191e-01
9.576745e-01
8.953198e-01
7.787368e-01
6.031478e-01
3.976382e-01
2.154042e-01
9.358148e-02
3.195186e-02
8.391613e-03
1.653727e-03
2.374249e-04
2.395634e-05
1.624185e-06
6.984025e-08
1.765262e-09
2.368097e-11
1.469675e-13
3.547799e-16
2.899169e-19
1.114769e-22
7.808518e-26
3.476662e-28
1.923957e-29
4.119934e-30
1.619109e-30
9.365049e-31
1.000000e+00
1.000000e+00
1.000000e+00
1.000000e+00
1.000000e+00
1.000000e+00
9.999999e-01
9.999995e-01
9.999957e-01
9.999710e-01
9.998360e-01
9.992135e-01
9.967907e-01
9.888137e-01
9.665878e-01
9.143652e-01
8.120784e-01
6.492153e-01
4.460143e-01
2.534045e-01
1.160043e-01
4.192863e-02
1.171939e-02
2.473941e-03
3.836091e-04
4.225919e-05
3.174949e-06
1.545689e-07
4.570288e-09
7.567519e-11
6.389856e-13
2.569721e-15
5.602973e-18
1.315509e-20
8.685676e-23
3.046261e-24
4.411115e-25
1.345291e-25
6.306218e-26
4.011642e-26
1.000000e+00
1.000000e+00
1.000000e+00
1.000000e+00
1.000000e+00
1.000000e+00
1.000000e+00
9.999997e-01
9.999975e-01
9.999823e-01
9.998951e-01
9.994745e-01
9.977626e-01
9.918719e-01
9.747218e-01
9.325513e-01
8.456737e-01
6.987840e-01
5.020710e-01
3.008544e-01
1.461094e-01
5.633601e-02
1.690557e-02
3.861677e-03
6.544833e-04
7.986474e-05
6.771205e-06
3.822584e-07
1.367171e-08
2.938628e-10
3.665017e-12
2.805316e-14
1.812435e-16
1.844481e-18
5.137140e-20
4.675035e-21
1.019743e-21
3.761804e-22
1.959714e-22
1.321871e-22
1.000000e+00
1.000000e+00
1.000000e+00
1.000000e+00
1.000000e+00
1.000000e+00
1.000000e+00
9.999998e-01
9.999986e-01
9.999899e-01
9.999373e-01
9.996700e-01
9.985264e-01
9.943909e-01
9.817427e-01
9.490435e-01
8.779286e-01
7.498272e-01
5.647261e-01
3.586116e-01
1.859288e-01
7.703711e-02
2.502854e-02
6.247020e-03
1.170665e-03
1.604778e-04
1.562793e-05
1.047078e-06
4.676908e-08
1.365752e-09
2.676594e-11
4.084645e-13
6.871865e-15
1.962446e-16
1.262930e-17
1.853289e-18
5.051781e-19
2.090490e-19
1.163360e-19
8.139548e-20
1.000000e+00
1.000000e+00
1.000000e+00
1.000000e+00
1.000000e+00
1.000000e+00
1.000000e+00
9.999999e-01
9.999993e-01
9.999947e-01
9.999651e-01
9.998062e-01
9.990875e-01
9.963408e-01
9.874677e-01
9.632311e-01
9.073853e-01
7.999526e-01
6.318990e-01
4.267189e-01
2.375051e-01
1.064549e-01
3.773343e-02
1.038288e-02
2.174017e-03
3.390339e-04
3.851641e-05
3.123197e-06
1.785646e-07
7.287784e-09
2.282048e-10
6.572107e-12
2.318771e-13
1.317830e-14
1.395859e-15
2.706107e-16
8.476782e-17
3.777429e-17
2.192823e-17
1.569504e-17
1.000000e+00
1.000000e+00
1.000000e+00
1.000000e+00
1.000000e+00
1.000000e+00
1.000000e+00
1.000000e+00
9.999997e-01
9.999974e-01
9.999820e-01
9.998942e-01
9.994715e-01
9.977552e-01
9.918658e-01
9.747812e-01
9.329099e-01
8.467128e-01
7.005289e-01
5.038951e-01
3.024018e-01
1.474724e-01
5.740884e-02
1.754774e-02
4.141323e-03
7.421578e-04
9.950941e-05
9.892559e-06
7.329001e-07
4.195526e-08
2.038637e-09
9.967813e-11
6.067225e-12
5.479498e-13
7.993771e-14
1.859817e-14
6.403674e-15
2.999849e-15
1.789608e-15
1.298627e-15
1.000000e+00
1.000000e+00
1.000000e+00
1.000000e+00
1.000000e+00
1.000000e+00
1.000000e+00
1.000000e+00
9.999999e-01
9.999989e-01
9.999915e-01
9.999465e-01
9.997155e-01
9.987127e-01
9.950366e-01
9.836487e-01
9.538306e-01
8.879946e-01
7.669199e-01
5.871617e-01
3.809564e-01
2.030519e-01
8.727649e-02
2.981033e-02
7.980963e-03
1.654747e-03
2.635766e-04
3.227580e-05
3.093659e-06
2.438584e-07
1.740384e-08
1.297083e-09
1.178899e-10
1.472897e-11
2.682666e-12
7.105108e-13
2.619454e-13
1.270674e-13
7.714336e-14
5.641160e-14
1.000000e+00
1.000000e+00
1.000000e+00
1.000000e+00
1.000000e+00
1.000000e+00
1.000000e+00
1.000000e+00
1.000000e+00
9.999995e-01
9.999963e-01
9.999752e-01
9.998585e-01
9.993144e-01
9.971711e-01
9.900396e-01
9.699883e-01
9.223621e-01
8.273925e-01
6.719033e-01
4.714190e-01
2.754473e-01
1.312274e-01
5.029180e-02
1.533451e-02
3.690232e-03
6.991805e-04
1.051269e-04
1.287216e-05
1.354177e-06
1.336747e-07
1.389130e-08
1.706241e-09
2.705364e-10
5.803176e-11
1.694494e-11
6.578259e-12
3.271689e-12
2.007952e-12
1.473432e-12
1.000000e+00
1.000000e+00
1.000000e+00
1.000000e+00
1.000000e+00
1.000000e+00
1.000000e+00
1.000000e+00
1.000000e+00
9.999998e-01
9.999985e-01
9.999895e-01
9.999355e-01
9.996633e-01
9.985047e-01
9.943390e-01
9.816913e-01
9.492416e-01
8.790301e-01
7.525859e-01
5.693665e-01
3.650038e-01
1.931843e-01
8.326025e-02
2.895858e-02
8.087958e-03
1.816926e-03
3.324303e-04
5.100994e-05
6.916239e-06
8.947285e-07
1.211512e-07
1.878415e-08
3.575132e-09
8.702552e-10
2.743491e-10
1.108962e-10
5.616278e-11
3.468205e-11
2.545931e-11
1.000000e+00
1.000000e+00
1.000000e+00
1.000000e+00
1.000000e+00
1.000000e+00
1.000000e+00
1.000000e+00
1.000000e+00
9.999999e-01
9.999995e-01
9.999960e-01
9.999732e-01
9.998487e-01
9.992726e-01
9.970211e-01
9.895942e-01
9.689049e-01
9.202208e-01
8.240133e-01
6.679642e-01
4.688471e-01
2.758207e-01
1.337782e-01
5.305426e-02
1.715246e-02
4.539649e-03
9.982665e-04
1.879045e-04
3.176995e-05
5.152862e-06
8.647066e-07
1.614250e-07
3.552444e-08
9.570517e-09
3.210744e-09
1.340641e-09
6.880149e-10
4.260216e-10
3.121133e-10
1.000000e+00
1.000000e+00
1.000000e+00
1.000000e+00
1.000000e+00
1.000000e+00
1.000000e+00
1.000000e+00
1.000000e+00
1.000000e+00
9.999998e-01
9.999986e-01
9.999900e-01
9.999383e-01
9.996771e-01
9.985608e-01
9.945349e-01
9.822840e-01
9.508047e-01
8.825839e-01
7.594128e-01
5.801957e-01
3.787286e-01
2.065950e-01
9.325383e-02
3.475045e-02
1.074808e-02
2.802223e-03
6.337346e-04
1.298415e-04
2.549654e-05
5.110531e-06
1.110915e-06
2.753920e-07
8.068199e-08
2.850718e-08
1.222455e-08
6.334413e-09
3.922635e-09
2.862686e-09
1.000000e+00
1.000000e+00
1.000000e+00
1.000000e+00
1.000000e+00
1.000000e+00
1.000000e+00
1.000000e+00
1.000000e+00
1.000000e+00
1.000000e+00
9.999996e-01
9.999966e-01
9.999774e-01
9.998704e-01
9.993674e-01
9.973715e-01
9.906926e-01
9.718446e-01
9.269540e-01
8.371322e-01
6.892503e-01
4.966501e-01
3.041772e-01
1.558592e-01
6.659903e-02
2.386367e-02
7.278277e-03
1.940754e-03
4.705266e-04
1.088788e-04
2.536624e-05
6.267647e-06
1.717683e-06
5.403034e-07
1.995178e-07
8.748474e-08
4.564520e-08
2.820984e-08
2.047456e-08
1.000000e+00
1.000000e+00
1.000000e+00
1.000000e+00
1.000000e+00
1.000000e+00
1.000000e+00
1.000000e+00
1.000000e+00
1.000000e+00
1.000000e+00
9.999999e-01
9.999990e-01
9.999926e-01
9.999534e-01
9.997495e-01
9.988536e-01
9.955340e-01
9.851727e-01
9.579161e-01
8.975203e-01
7.859386e-01
6.189735e-01
4.243713e-01
2.460146e-01
1.198732e-01
4.934595e-02
1.738805e-02
5.376689e-03
1.513344e-03
4.042367e-04
1.072779e-04
2.960240e-05
8.846208e-06
2.959310e-06
1.135423e-06
5.073488e-07
2.659513e-07
1.637565e-07
1.180358e-07
1.000000e+00
1.000000e+00
1.000000e+00
1.000000e+00
1.000000e+00
1.000000e+00
1.000000e+00
1.000000e+00
1.000000e+00
1.000000e+00
1.000000e+00
1.000000e+00
9.999997e-01
9.999979e-01
9.999852e-01
9.999116e-01
9.995515e-01
9.980636e-01
9.928866e-01
9.777320e-01
9.403959e-01
8.633009e-01
7.321931e-01
5.476441e-01
3.533761e-01
1.957484e-01
9.275190e-02
3.790565e-02
1.349394e-02
4.333152e-03
1.315528e-03
3.918734e-04
1.192142e-04
3.845351e-05
1.358291e-05
5.390263e-06
2.447733e-06
1.286776e-06
7.882596e-07
5.635459e-07
1.000000e+00
1.000000e+00
1.000000e+00
1.000000e+00
1.000000e+00
1.000000e+00
1.000000e+00
1.000000e+00
1.000000e+00
1.000000e+00
1.000000e+00
1.000000e+00
9.999999e-01
9.999995e-01
9.999959e-01
9.999725e-01
9.998445e-01
9.992504e-01
9.969274e-01
9.892910e-01
9.681908e-01
9.191993e-01
8.209481e-01
6.652797e-01
4.774086e-01
2.994417e-01
1.610101e-01
7.422477e-02
3.049822e-02
1.134216e-02
3.942405e-03
1.319151e-03
4.395426e-04
1.511865e-04
5.556104e-05
2.247680e-05
1.024530e-05
5.350390e-06
3.238545e-06
2.285429e-06
1.000000e+00
1.000000e+00
1.000000e+00
1.000000e+00
1.000000e+00
1.000000e+00
1.000000e+00
1.000000e+00
1.000000e+00
1.000000e+00
1.000000e+00
1.000000e+00
1.000000e+00
9.999999e-01
9.999990e-01
9.999924e-01
9.999523e-01
9.997440e-01
9.988212e-01
9.953832e-01
9.846175e-01
9.558044e-01
8.899232e-01
7.720035e-01
6.066114e-01
4.226493e-01
2.530982e-01
1.336104e-01
6.294135e-02
2.693908e-02
1.070162e-02
4.036278e-03
1.482706e-03
5.464438e-04
2.087271e-04
8.541665e-05
3.860281e-05
1.975752e-05
1.167499e-05
8.057215e-06
1.000000e+00
1.000000e+00
1.000000e+00
1.000000e+00
1.000000e+00
1.000000e+00
1.000000e+00
1.000000e+00
1.000000e+00
1.000000e+00
1.000000e+00
1.000000e+00
1.000000e+00
1.000000e+00
9.999998e-01
9.999980e-01
9.999862e-01
9.999178e-01
9.995799e-01
9.981648e-01
9.931525e-01
9.779445e-01
9.386294e-01
8.561223e-01
7.198104e-01
5.447353e-01
3.675752e-01
2.197641e-01
1.175271e-01
5.712122e-02
2.566617e-02
1.084956e-02
4.396485e-03
1.746723e-03
6.992391e-04
2.912095e-04
1.306049e-04
6.524552e-05
3.738604e-05
2.506365e-05
1.000000e+00
1.000000e+00
1.000000e+00
1.000000e+00
1.000000e+00
1.000000e+00
1.000000e+00
1.000000e+00
1.000000e+00
1.000000e+00
1.000000e+00
1.000000e+00
1.000000e+00
1.000000e+00
9.999999e-01
9.999995e-01
9.999962e-01
9.999751e-01
9.998592e-01
9.993160e-01
9.971559e-01
9.898171e-01
9.685488e-01
9.173229e-01
8.186251e-01
6.704209e-01
4.974280e-01
3.316421e-01
1.989987e-01
1.085289e-01
5.454314e-02
2.562198e-02
1.141202e-02
4.900018e-03
2.071674e-03
8.865984e-04
3.974950e-04
1.942049e-04
1.075868e-04
6.971206e-05
1.000000e+00
1.000000e+00
1.000000e+00
1.000000e+00
1.000000e+00
1.000000e+00
1.000000e+00
1.000000e+00
1.000000e+00
1.000000e+00
1.000000e+00
1.000000e+00
1.000000e+00
1.000000e+00
1.000000e+00
9.999999e-01
9.999990e-01
9.999929e-01
9.999557e-01
9.997613e-01
9.988984e-01
9.956324e-01
9.850829e-01
9.564144e-01
8.929621e-01
7.818062e-01
6.296109e-01
4.616502e-01
3.071993e-01
1.862032e-01
1.037424e-01
5.373681e-02
2.617719e-02
1.214213e-02
5.447694e-03
2.416648e-03
1.093083e-03
5.251674e-04
2.812246e-04
1.754328e-04
1.000000e+00
1.000000e+00
1.000000e+00
1.000000e+00
1.000000e+00
1.000000e+00
1.000000e+00
1.000000e+00
1.000000e+00
1.000000e+00
1.000000e+00
1.000000e+00
1.000000e+00
1.000000e+00
1.000000e+00
1.000000e+00
9.999998e-01
9.999981e-01
9.999869e-01
9.999221e-01
9.996023e-01
9.982575e-01
9.934339e-01
9.787946e-01
9.420743e-01
8.678703e-01
7.489619e-01
5.965164e-01
4.352685e-01
2.906782e-01
1.783451e-01
1.012891e-01
5.373277e-02
2.688183e-02
1.282949e-02
5.937722e-03
2.733206e-03
1.300452e-03
6.743499e-04
4.037134e-04
1.000000e+00
1.000000e+00
1.000000e+00
1.000000e+00
1.000000e+00
1.000000e+00
1.000000e+00
1.000000e+00
1.000000e+00
1.000000e+00
1.000000e+00
1.000000e+00
1.000000e+00
1.000000e+00
1.000000e+00
1.000000e+00
9.999999e-01
9.999995e-01
9.999964e-01
9.999763e-01
9.998664e-01
9.993538e-01
9.973165e-01
9.904473e-01
9.711092e-01
9.265895e-01
8.440092e-01
7.208554e-01
5.704084e-01
4.159524e-01
2.793433e-01
1.732712e-01
9.982655e-02
5.379849e-02
2.734792e-02
1.326721e-02
6.261715e-03
2.972482e-03
1.497260e-03
8.578690e-04
1.000000e+00
1.000000e+00
1.000000e+00
1.000000e+00
1.000000e+00
1.000000e+00
1.000000e+00
1.000000e+00
1.000000e+00
1.000000e+00
1.000000e+00
1.000000e+00
1.000000e+00
1.000000e+00
1.000000e+00
1.000000e+00
1.000000e+00
9.999999e-01
9.999991e-01
9.999933e-01
9.999583e-01
9.997776e-01
9.989829e-01
9.960128e-01
9.866853e-01
9.624591e-01
9.110705e-01
8.225044e-01
6.974299e-01
5.500217e-01
4.015496e-01
2.710151e-01
1.693247e-01
9.829050e-02
5.329827e-02
2.720763e-02
1.325177e-02
6.322570e-03
3.105963e-03
1.698703e-03
1.000000e+00
1.000000e+00
1.000000e+00
1.000000e+00
1.000000e+00
1.000000e+00
1.000000e+00
1.000000e+00
1.000000e+00
1.000000e+00
1.000000e+00
1.000000e+00
1.000000e+00
1.000000e+00
1.000000e+00
1.000000e+00
1.000000e+00
1.000000e+00
9.999998e-01
9.999983e-01
9.999880e-01
9.999292e-01
9.996434e-01
9.984604e-01
9.943300e-01
9.823039e-01
9.534105e-01
8.964040e-01
8.037239e-01
6.781767e-01
5.338670e-01
3.901082e-01
2.638782e-01
1.651252e-01
9.574298e-02
5.163905e-02
2.611601e-02
1.261627e-02
6.073714e-03
3.162363e-03
1.000000e+00
1.000000e+00
1.000000e+00
1.000000e+00
1.000000e+00
1.000000e+00
1.000000e+00
1.000000e+00
1.000000e+00
1.000000e+00
1.000000e+00
1.000000e+00
1.000000e+00
1.000000e+00
1.000000e+00
1.000000e+00
1.000000e+00
1.000000e+00
1.000000e+00
9.999996e-01
9.999968e-01
9.999793e-01
9.998848e-01
9.994520e-01
9.977742e-01
9.923182e-01
9.775642e-01
9.445143e-01
8.830775e-01
7.876378e-01
6.622304e-01
5.204011e-01
3.798634e-01
2.563362e-01
1.594207e-01
9.130101e-02
4.826954e-02
2.380073e-02
1.129690e-02
5.584966e-03
1.000000e+00
1.000000e+00
1.000000e+00
1.000000e+00
1.000000e+00
1.000000e+00
1.000000e+00
1.000000e+00
1.000000e+00
1.000000e+00
1.000000e+00
1.000000e+00
1.000000e+00
1.000000e+00
1.000000e+00
1.000000e+00
1.000000e+00
1.000000e+00
1.000000e+00
9.999999e-01
9.999992e-01
9.999944e-01
9.999659e-01
9.998212e-01
9.991983e-01
9.969399e-01
9.900903e-01
9.727668e-01
9.361784e-01
8.712938e-01
7.738854e-01
6.485447e-01
5.081110e-01
3.691754e-01
2.468834e-01
1.509940e-01
8.411655e-02
4.273840e-02
2.016382e-02
9.448191e-03
1.000000e+00
1.000000e+00
1.000000e+00
1.000000e+00
1.000000e+00
1.000000e+00
1.000000e+00
1.000000e+00
1.000000e+00
1.000000e+00
1.000000e+00
1.000000e+00
1.000000e+00
1.000000e+00
1.000000e+00
1.000000e+00
1.000000e+00
1.000000e+00
1.000000e+00
1.000000e+00
9.999998e-01
9.999986e-01
9.999908e-01
9.999469e-01
9.997369e-01
9.988882e-01
9.960056e-01
9.877987e-01
9.681875e-01
9.286606e-01
8.610234e-01
7.619058e-01
6.360075e-01
4.955199e-01
3.564328e-01
2.339864e-01
1.385971e-01
7.341489e-02
3.482835e-02
1.547860e-02
1.000000e+00
1.000000e+00
1.000000e+00
1.000000e+00
1.000000e+00
1.000000e+00
1.000000e+00
1.000000e+00
1.000000e+00
1.000000e+00
1.000000e+00
1.000000e+00
1.000000e+00
1.000000e+00
1.000000e+00
1.000000e+00
1.000000e+00
1.000000e+00
1.000000e+00
1.000000e+00
1.000000e+00
9.999997e-01
9.999978e-01
9.999858e-01
9.999221e-01
9.996350e-01
9.985428e-01
9.950458e-01
9.856090e-01
9.640487e-01
9.220939e-01
8.520884e-01
7.510473e-01
6.234921e-01
4.811305e-01
3.399178e-01
2.159436e-01
1.209079e-01
5.861789e-02
2.486649e-02
1.000000e+00
1.000000e+00
1.000000e+00
1.000000e+00
1.000000e+00
1.000000e+00
1.000000e+00
1.000000e+00
1.000000e+00
1.000000e+00
1.000000e+00
1.000000e+00
1.000000e+00
1.000000e+00
1.000000e+00
1.000000e+00
1.000000e+00
1.000000e+00
1.000000e+00
1.000000e+00
1.000000e+00
9.999999e-01
9.999995e-01
9.999966e-01
9.999795e-01
9.998931e-01
9.995247e-01
9.981975e-01
9.941523e-01
9.836812e-01
9.605277e-01
9.165386e-01
8.442527e-01
7.406456e-01
6.098507e-01
4.633015e-01
3.175857e-01
1.906715e-01
9.650386e-02
3.972336e-02
1.000000e+00
1.000000e+00
1.000000e+00
1.000000e+00
1.000000e+00
1.000000e+00
1.000000e+00
1.000000e+00
1.000000e+00
1.000000e+00
1.000000e+00
1.000000e+00
1.000000e+00
1.000000e+00
1.000000e+00
1.000000e+00
1.000000e+00
1.000000e+00
1.000000e+00
1.000000e+00
1.000000e+00
1.000000e+00
9.999999e-01
9.999993e-01
9.999953e-01
9.999726e-01
9.998638e-01
9.994221e-01
9.978991e-01
9.934256e-01
9.821713e-01
9.577886e-01
9.120531e-01
8.373142e-01
7.300735e-01
5.938469e-01
4.400010e-01
2.866308e-01
1.552590e-01
6.396224e-02
1.000000e+00
1.000000e+00
1.000000e+00
1.000000e+00
1.000000e+00
1.000000e+00
1.000000e+00
1.000000e+00
1.000000e+00
1.000000e+00
1.000000e+00
1.000000e+00
1.000000e+00
1.000000e+00
1.000000e+00
1.000000e+00
1.000000e+00
1.000000e+00
1.000000e+00
1.000000e+00
1.000000e+00
1.000000e+00
1.000000e+00
9.999999e-01
9.999991e-01
9.999940e-01
9.999666e-01
9.998408e-01
9.993485e-01
9.977023e-01
9.929743e-01
9.812506e-01
9.560370e-01
9.087893e-01
8.312067e-01
7.187712e-01
5.739887e-01
4.082507e-01
2.423744e-01
1.047648e-01
1.000000e+00
1.000000e+00
1.000000e+00
1.000000e+00
1.000000e+00
1.000000e+00
1.000000e+00
1.000000e+00
1.000000e+00
1.000000e+00
1.000000e+00
1.000000e+00
1.000000e+00
1.000000e+00
1.000000e+00
1.000000e+00
1.000000e+00
1.000000e+00
1.000000e+00
1.000000e+00
1.000000e+00
1.000000e+00
1.000000e+00
1.000000e+00
9.999999e-01
9.999989e-01
9.999933e-01
9.999637e-01
9.998320e-01
9.993280e-01
9.976666e-01
9.929227e-01
9.811408e-01
9.556045e-01
9.071307e-01
8.261442e-01
7.062643e-01
5.481161e-01
3.625500e-01
1.742096e-01
1.000000e+00
1.000000e+00
1.000000e+00
1.000000e+00
1.000000e+00
1.000000e+00
1.000000e+00
1.000000e+00
1.000000e+00
1.000000e+00
1.000000e+00
1.000000e+00
1.000000e+00
1.000000e+00
1.000000e+00
1.000000e+00
1.000000e+00
1.000000e+00
1.000000e+00
1.000000e+00
1.000000e+00
1.000000e+00
1.000000e+00
1.000000e+00
1.000000e+00
9.999999e-01
9.999989e-01
9.999936e-01
9.999661e-01
9.998452e-01
9.993841e-01
9.978549e-01
9.934232e-01
9.821705e-01
9.570922e-01
9.079384e-01
8.228912e-01
6.921670e-01
5.121799e-01
2.881150e-01
1.000000e+00
1.000000e+00
1.000000e+00
1.000000e+00
1.000000e+00
1.000000e+00
1.000000e+00
1.000000e+00
1.000000e+00
1.000000e+00
1.000000e+00
1.000000e+00
1.000000e+00
1.000000e+00
1.000000e+00
1.000000e+00
1.000000e+00
1.000000e+00
1.000000e+00
1.000000e+00
1.000000e+00
1.000000e+00
1.000000e+00
1.000000e+00
1.000000e+00
1.000000e+00
9.999999e-01
9.999992e-01
9.999952e-01
9.999749e-01
9.998846e-01
9.995325e-01
9.983249e-01
9.946673e-01
9.848700e-01
9.616683e-01
9.131335e-01
8.234238e-01
6.761102e-01
4.550801e-01
1.000000e+00
1.000000e+00
1.000000e+00
1.000000e+00
1.000000e+00
1.000000e+00
1.000000e+00
1.000000e+00
1.000000e+00
1.000000e+00
1.000000e+00
1.000000e+00
1.000000e+00
1.000000e+00
1.000000e+00
1.000000e+00
1.000000e+00
1.000000e+00
1.000000e+00
1.000000e+00
1.000000e+00
1.000000e+00
1.000000e+00
1.000000e+00
1.000000e+00
1.000000e+00
1.000000e+00
1.000000e+00
9.999997e-01
9.999979e-01
9.999884e-01
9.999447e-01
9.997640e-01
9.990949e-01
9.968662e-01
9.901687e-01
9.720149e-01
9.279045e-01
8.332995e-01
6.571957e-01
