2.001757e+06
2.001733e+06
2.001710e+06
2.001688e+06
2.001665e+06
2.001643e+06
2.001621e+06
2.001599e+06
2.001578e+06
2.001557e+06
2.001536e+06
2.001516e+06
2.001496e+06
2.001477e+06
2.001460e+06
2.001444e+06
2.001433e+06
2.001426e+06
2.001423e+06
2.001424e+06
2.001428e+06
2.001434e+06
2.001442e+06
2.001451e+06
2.001463e+06
2.001477e+06
2.001493e+06
2.001512e+06
2.001535e+06
2.001561e+06
2.001592e+06
2.001628e+06
2.001670e+06
2.001721e+06
2.001783e+06
2.001859e+06
2.001958e+06
2.002092e+06
2.002291e+06
2.002626e+06
2.001756e+06
2.001733e+06
2.001710e+06
2.001687e+06
2.001665e+06
2.001643e+06
2.001621e+06
2.001599e+06
2.001578e+06
2.001557e+06
2.001536e+06
2.001516e+06
2.001496e+06
2.001477e+06
2.001459e+06
2.001444e+06
2.001432e+06
2.001425e+06
2.001422e+06
2.001423e+06
2.001426e+06
2.001432e+06
2.001440e+06
2.001449e+06
2.001461e+06
2.001474e+06
2.001490e+06
2.001509e+06
2.001531e+06
2.001556e+06
2.001586e+06
2.001621e+06
2.001662e+06
2.001710e+06
2.001768e+06
2.001837e+06
2.001923e+06
2.002028e+06
2.002155e+06
2.002282e+06
2.001756e+06
2.001733e+06
2.001710e+06
2.001687e+06
2.001664e+06
2.001642e+06
2.001620e+06
2.001599e+06
2.001577e+06
2.001556e+06
2.001535e+06
2.001515e+06
2.001495e+06
2.001476e+06
2.001458e+06
2.001443e+06
2.001430e+06
2.001423e+06
2.001419e+06
2.001420e+06
2.001423e+06
2.001429e+06
2.001436e+06
2.001445e+06
2.001456e+06
2.001469e+06
2.001485e+06
2.001503e+06
2.001524e+06
2.001548e+06
2.001576e+06
2.001608e+06
2.001646e+06
2.001690e+06
2.001740e+06
2.001799e+06
2.001867e+06
2.001942e+06
2.002018e+06
2.002073e+06
2.001755e+06
2.001732e+06
2.001709e+06
2.001686e+06
2.001664e+06
2.001641e+06
2.001619e+06
2.001598e+06
2.001576e+06
2.001555e+06
2.001534e+06
2.001514e+06
2.001494e+06
2.001475e+06
2.001457e+06
2.001441e+06
2.001428e+06
2.001420e+06
2.001416e+06
2.001416e+06
2.001419e+06
2.001424e+06
2.001431e+06
2.001440e+06
2.001450e+06
2.001462e+06
2.001477e+06
2.001493e+06
2.001513e+06
2.001535e+06
2.001561e+06
2.001591e+06
2.001624e+06
2.001662e+06
2.001705e+06
2.001753e+06
2.001804e+06
2.001856e+06
2.001901e+06
2.001928e+06
2.001754e+06
2.001731e+06
2.001708e+06
2.001685e+06
2.001662e+06
2.001640e+06
2.001618e+06
2.001597e+06
2.001575e+06
2.001554e+06
2.001533e+06
2.001513e+06
2.001493e+06
2.001473e+06
2.001455e+06
2.001439e+06
2.001425e+06
2.001416e+06
2.001412e+06
2.001411e+06
2.001413e+06
2.001418e+06
2.001424e+06
2.001432e+06
2.001441e+06
2.001453e+06
2.001466e+06
2.001481e+06
2.001499e+06
2.001520e+06
2.001543e+06
2.001569e+06
2.001598e+06
2.001630e+06
2.001665e+06
2.001703e+06
2.001741e+06
2.001776e+06
2.001804e+06
2.001817e+06
2.001753e+06
2.001729e+06
2.001706e+06
2.001684e+06
2.001661e+06
2.001639e+06
2.001617e+06
2.001595e+06
2.001574e+06
2.001552e+06
2.001531e+06
2.001511e+06
2.001491e+06
2.001471e+06
2.001453e+06
2.001436e+06
2.001422e+06
2.001412e+06
2.001406e+06
2.001405e+06
2.001406e+06
2.001410e+06
2.001416e+06
2.001423e+06
2.001431e+06
2.001441e+06
2.001453e+06
2.001467e+06
2.001483e+06
2.001501e+06
2.001521e+06
2.001544e+06
2.001568e+06
2.001595e+06
2.001623e+06
2.001652e+06
2.001680e+06
2.001704e+06
2.001721e+06
2.001727e+06
2.001751e+06
2.001728e+06
2.001705e+06
2.001682e+06
2.001660e+06
2.001637e+06
2.001615e+06
2.001593e+06
2.001572e+06
2.001550e+06
2.001530e+06
2.001509e+06
2.001489e+06
2.001469e+06
2.001450e+06
2.001433e+06
2.001418e+06
2.001407e+06
2.001400e+06
2.001398e+06
2.001398e+06
2.001401e+06
2.001406e+06
2.001412e+06
2.001419e+06
2.001428e+06
2.001439e+06
2.001451e+06
2.001465e+06
2.001480e+06
2.001497e+06
2.001516e+06
2.001537e+06
2.001558e+06
2.001581e+06
2.001602e+06
2.001622e+06
2.001638e+06
2.001649e+06
2.001650e+06
2.001750e+06
2.001726e+06
2.001703e+06
2.001680e+06
2.001658e+06
2.001635e+06
2.001613e+06
2.001591e+06
2.001570e+06
2.001548e+06
2.001527e+06
2.001506e+06
2.001486e+06
2.001466e+06
2.001447e+06
2.001429e+06
2.001414e+06
2.001401e+06
2.001393e+06
2.001390e+06
2.001389e+06
2.001391e+06
2.001395e+06
2.001400e+06
2.001406e+06
2.001414e+06
2.001423e+06
2.001433e+06
2.001445e+06
2.001458e+06
2.001472e+06
2.001488e+06
2.001504e+06
2.001521e+06
2.001538e+06
2.001554e+06
2.001569e+06
2.001579e+06
2.001585e+06
2.001584e+06
2.001748e+06
2.001724e+06
2.001701e+06
2.001678e+06
2.001656e+06
2.001633e+06
2.001611e+06
2.001589e+06
2.001567e+06
2.001546e+06
2.001525e+06
2.001504e+06
2.001483e+06
2.001463e+06
2.001444e+06
2.001425e+06
2.001409e+06
2.001395e+06
2.001386e+06
2.001381e+06
2.001379e+06
2.001380e+06
2.001382e+06
2.001386e+06
2.001391e+06
2.001398e+06
2.001405e+06
2.001413e+06
2.001423e+06
2.001434e+06
2.001446e+06
2.001458e+06
2.001471e+06
2.001484e+06
2.001497e+06
2.001509e+06
2.001518e+06
2.001525e+06
2.001527e+06
2.001525e+06
2.001745e+06
2.001722e+06
2.001699e+06
2.001676e+06
2.001653e+06
2.001631e+06
2.001609e+06
2.001587e+06
2.001565e+06
2.001543e+06
2.001522e+06
2.001501e+06
2.001480e+06
2.001460e+06
2.001440e+06
2.001421e+06
2.001404e+06
2.001389e+06
2.001378e+06
2.001371e+06
2.001368e+06
2.001368e+06
2.001369e+06
2.001372e+06
2.001376e+06
2.001380e+06
2.001386e+06
2.001393e+06
2.001400e+06
2.001409e+06
2.001418e+06
2.001428e+06
2.001438e+06
2.001448e+06
2.001457e+06
2.001465e+06
2.001471e+06
2.001475e+06
2.001475e+06
2.001471e+06
2.001743e+06
2.001720e+06
2.001697e+06
2.001674e+06
2.001651e+06
2.001628e+06
2.001606e+06
2.001584e+06
2.001562e+06
2.001540e+06
2.001519e+06
2.001498e+06
2.001477e+06
2.001456e+06
2.001436e+06
2.001417e+06
2.001398e+06
2.001383e+06
2.001370e+06
2.001361e+06
2.001357e+06
2.001355e+06
2.001355e+06
2.001356e+06
2.001359e+06
2.001362e+06
2.001366e+06
2.001371e+06
2.001377e+06
2.001383e+06
2.001390e+06
2.001397e+06
2.001405e+06
2.001412e+06
2.001418e+06
2.001423e+06
2.001426e+06
2.001428e+06
2.001426e+06
2.001422e+06
2.001740e+06
2.001717e+06
2.001694e+06
2.001671e+06
2.001648e+06
2.001626e+06
2.001603e+06
2.001581e+06
2.001559e+06
2.001537e+06
2.001515e+06
2.001494e+06
2.001473e+06
2.001452e+06
2.001432e+06
2.001412e+06
2.001393e+06
2.001376e+06
2.001362e+06
2.001351e+06
2.001345e+06
2.001341e+06
2.001340e+06
2.001340e+06
2.001341e+06
2.001343e+06
2.001346e+06
2.001349e+06
2.001353e+06
2.001357e+06
2.001362e+06
2.001367e+06
2.001372e+06
2.001376e+06
2.001380e+06
2.001383e+06
2.001384e+06
2.001384e+06
2.001381e+06
2.001376e+06
2.001738e+06
2.001714e+06
2.001691e+06
2.001668e+06
2.001645e+06
2.001623e+06
2.001600e+06
2.001578e+06
2.001556e+06
2.001534e+06
2.001512e+06
2.001490e+06
2.001469e+06
2.001448e+06
2.001427e+06
2.001407e+06
2.001387e+06
2.001369e+06
2.001354e+06
2.001341e+06
2.001332e+06
2.001327e+06
2.001324e+06
2.001323e+06
2.001323e+06
2.001323e+06
2.001325e+06
2.001326e+06
2.001328e+06
2.001331e+06
2.001334e+06
2.001336e+06
2.001339e+06
2.001342e+06
2.001343e+06
2.001344e+06
2.001344e+06
2.001342e+06
2.001338e+06
2.001332e+06
2.001735e+06
2.001711e+06
2.001688e+06
2.001665e+06
2.001642e+06
2.001619e+06
2.001597e+06
2.001574e+06
2.001552e+06
2.001530e+06
2.001508e+06
2.001486e+06
2.001465e+06
2.001443e+06
2.001422e+06
2.001402e+06
2.001382e+06
2.001363e+06
2.001345e+06
2.001331e+06
2.001320e+06
2.001313e+06
2.001308e+06
2.001306e+06
2.001304e+06
2.001303e+06
2.001303e+06
2.001303e+06
2.001303e+06
2.001304e+06
2.001305e+06
2.001306e+06
2.001307e+06
2.001307e+06
2.001307e+06
2.001307e+06
2.001305e+06
2.001301e+06
2.001297e+06
2.001291e+06
2.001732e+06
2.001708e+06
2.001685e+06
2.001662e+06
2.001639e+06
2.001616e+06
2.001593e+06
2.001571e+06
2.001548e+06
2.001526e+06
2.001504e+06
2.001482e+06
2.001460e+06
2.001439e+06
2.001417e+06
2.001396e+06
2.001376e+06
2.001356e+06
2.001337e+06
2.001321e+06
2.001308e+06
2.001299e+06
2.001292e+06
2.001288e+06
2.001285e+06
2.001282e+06
2.001281e+06
2.001279e+06
2.001278e+06
2.001277e+06
2.001277e+06
2.001276e+06
2.001275e+06
2.001274e+06
2.001272e+06
2.001270e+06
2.001267e+06
2.001263e+06
2.001257e+06
2.001251e+06
2.001729e+06
2.001705e+06
2.001682e+06
2.001659e+06
2.001636e+06
2.001613e+06
2.001590e+06
2.001567e+06
2.001545e+06
2.001522e+06
2.001500e+06
2.001478e+06
2.001456e+06
2.001434e+06
2.001412e+06
2.001391e+06
2.001370e+06
2.001349e+06
2.001330e+06
2.001312e+06
2.001297e+06
2.001285e+06
2.001276e+06
2.001270e+06
2.001265e+06
2.001261e+06
2.001258e+06
2.001255e+06
2.001253e+06
2.001250e+06
2.001248e+06
2.001246e+06
2.001244e+06
2.001241e+06
2.001238e+06
2.001234e+06
2.001230e+06
2.001225e+06
2.001219e+06
2.001212e+06
2.001725e+06
2.001702e+06
2.001679e+06
2.001655e+06
2.001632e+06
2.001609e+06
2.001586e+06
2.001563e+06
2.001541e+06
2.001518e+06
2.001495e+06
2.001473e+06
2.001451e+06
2.001429e+06
2.001407e+06
2.001385e+06
2.001363e+06
2.001342e+06
2.001322e+06
2.001303e+06
2.001285e+06
2.001271e+06
2.001260e+06
2.001252e+06
2.001245e+06
2.001240e+06
2.001235e+06
2.001231e+06
2.001227e+06
2.001223e+06
2.001220e+06
2.001216e+06
2.001212e+06
2.001208e+06
2.001204e+06
2.001199e+06
2.001194e+06
2.001189e+06
2.001182e+06
2.001175e+06
2.001722e+06
2.001699e+06
2.001675e+06
2.001652e+06
2.001629e+06
2.001606e+06
2.001582e+06
2.001559e+06
2.001537e+06
2.001514e+06
2.001491e+06
2.001468e+06
2.001446e+06
2.001423e+06
2.001401e+06
2.001379e+06
2.001357e+06
2.001335e+06
2.001314e+06
2.001294e+06
2.001275e+06
2.001258e+06
2.001245e+06
2.001234e+06
2.001225e+06
2.001218e+06
2.001212e+06
2.001207e+06
2.001201e+06
2.001196e+06
2.001191e+06
2.001186e+06
2.001181e+06
2.001176e+06
2.001171e+06
2.001165e+06
2.001159e+06
2.001153e+06
2.001146e+06
2.001138e+06
2.001719e+06
2.001695e+06
2.001672e+06
2.001648e+06
2.001625e+06
2.001602e+06
2.001579e+06
2.001555e+06
2.001532e+06
2.001509e+06
2.001486e+06
2.001464e+06
2.001441e+06
2.001418e+06
2.001395e+06
2.001373e+06
2.001351e+06
2.001328e+06
2.001307e+06
2.001285e+06
2.001265e+06
2.001246e+06
2.001230e+06
2.001217e+06
2.001206e+06
2.001197e+06
2.001189e+06
2.001182e+06
2.001175e+06
2.001169e+06
2.001163e+06
2.001156e+06
2.001150e+06
2.001144e+06
2.001137e+06
2.001131e+06
2.001124e+06
2.001117e+06
2.001110e+06
2.001102e+06
2.001715e+06
2.001692e+06
2.001668e+06
2.001645e+06
2.001621e+06
2.001598e+06
2.001575e+06
2.001551e+06
2.001528e+06
2.001505e+06
2.001482e+06
2.001459e+06
2.001436e+06
2.001413e+06
2.001390e+06
2.001367e+06
2.001344e+06
2.001321e+06
2.001299e+06
2.001277e+06
2.001255e+06
2.001235e+06
2.001217e+06
2.001201e+06
2.001187e+06
2.001176e+06
2.001166e+06
2.001157e+06
2.001149e+06
2.001141e+06
2.001134e+06
2.001126e+06
2.001119e+06
2.001112e+06
2.001104e+06
2.001097e+06
2.001089e+06
2.001082e+06
2.001074e+06
2.001067e+06
2.001712e+06
2.001688e+06
2.001665e+06
2.001641e+06
2.001618e+06
2.001594e+06
2.001571e+06
2.001547e+06
2.001524e+06
2.001500e+06
2.001477e+06
2.001454e+06
2.001430e+06
2.001407e+06
2.001384e+06
2.001360e+06
2.001337e+06
2.001314e+06
2.001291e+06
2.001268e+06
2.001246e+06
2.001224e+06
2.001204e+06
2.001186e+06
2.001169e+06
2.001156e+06
2.001143e+06
2.001133e+06
2.001123e+06
2.001114e+06
2.001105e+06
2.001097e+06
2.001088e+06
2.001080e+06
2.001071e+06
2.001063e+06
2.001055e+06
2.001047e+06
2.001039e+06
2.001031e+06
2.001708e+06
2.001685e+06
2.001661e+06
2.001638e+06
2.001614e+06
2.001590e+06
2.001567e+06
2.001543e+06
2.001520e+06
2.001496e+06
2.001472e+06
2.001449e+06
2.001425e+06
2.001401e+06
2.001378e+06
2.001354e+06
2.001331e+06
2.001307e+06
2.001284e+06
2.001260e+06
2.001237e+06
2.001215e+06
2.001192e+06
2.001172e+06
2.001153e+06
2.001136e+06
2.001121e+06
2.001108e+06
2.001097e+06
2.001086e+06
2.001076e+06
2.001067e+06
2.001057e+06
2.001048e+06
2.001038e+06
2.001029e+06
2.001020e+06
2.001012e+06
2.001003e+06
2.000995e+06
2.001705e+06
2.001681e+06
2.001658e+06
2.001634e+06
2.001610e+06
2.001587e+06
2.001563e+06
2.001539e+06
2.001515e+06
2.001492e+06
2.001468e+06
2.001444e+06
2.001420e+06
2.001396e+06
2.001372e+06
2.001348e+06
2.001324e+06
2.001300e+06
2.001276e+06
2.001252e+06
2.001228e+06
2.001204e+06
2.001181e+06
2.001158e+06
2.001137e+06
2.001117e+06
2.001100e+06
2.001085e+06
2.001071e+06
2.001059e+06
2.001048e+06
2.001037e+06
2.001026e+06
2.001015e+06
2.001005e+06
2.000995e+06
2.000986e+06
2.000976e+06
2.000968e+06
2.000959e+06
2.001701e+06
2.001678e+06
2.001654e+06
2.001631e+06
2.001607e+06
2.001583e+06
2.001559e+06
2.001535e+06
2.001511e+06
2.001487e+06
2.001463e+06
2.001439e+06
2.001414e+06
2.001390e+06
2.001366e+06
2.001341e+06
2.001317e+06
2.001292e+06
2.001268e+06
2.001243e+06
2.001219e+06
2.001194e+06
2.001170e+06
2.001146e+06
2.001122e+06
2.001100e+06
2.001080e+06
2.001062e+06
2.001047e+06
2.001032e+06
2.001019e+06
2.001006e+06
2.000994e+06
2.000983e+06
2.000971e+06
2.000961e+06
2.000950e+06
2.000941e+06
2.000931e+06
2.000923e+06
2.001698e+06
2.001674e+06
2.001651e+06
2.001627e+06
2.001603e+06
2.001579e+06
2.001555e+06
2.001531e+06
2.001507e+06
2.001483e+06
2.001458e+06
2.001434e+06
2.001409e+06
2.001385e+06
2.001360e+06
2.001335e+06
2.001310e+06
2.001285e+06
2.001260e+06
2.001235e+06
2.001210e+06
2.001184e+06
2.001159e+06
2.001134e+06
2.001109e+06
2.001085e+06
2.001062e+06
2.001041e+06
2.001023e+06
2.001006e+06
2.000991e+06
2.000976e+06
2.000963e+06
2.000950e+06
2.000937e+06
2.000926e+06
2.000915e+06
2.000904e+06
2.000894e+06
2.000886e+06
2.001695e+06
2.001671e+06
2.001647e+06
2.001624e+06
2.001600e+06
2.001576e+06
2.001552e+06
2.001527e+06
2.001503e+06
2.001478e+06
2.001454e+06
2.001429e+06
2.001404e+06
2.001379e+06
2.001354e+06
2.001329e+06
2.001303e+06
2.001278e+06
2.001252e+06
2.001226e+06
2.001201e+06
2.001174e+06
2.001148e+06
2.001122e+06
2.001096e+06
2.001070e+06
2.001045e+06
2.001022e+06
2.001000e+06
2.000981e+06
2.000963e+06
2.000947e+06
2.000931e+06
2.000917e+06
2.000903e+06
2.000890e+06
2.000878e+06
2.000867e+06
2.000857e+06
2.000848e+06
2.001692e+06
2.001668e+06
2.001644e+06
2.001620e+06
2.001596e+06
2.001572e+06
2.001548e+06
2.001523e+06
2.001499e+06
2.001474e+06
2.001449e+06
2.001424e+06
2.001399e+06
2.001374e+06
2.001348e+06
2.001323e+06
2.001297e+06
2.001271e+06
2.001245e+06
2.001218e+06
2.001192e+06
2.001165e+06
2.001138e+06
2.001110e+06
2.001083e+06
2.001056e+06
2.001029e+06
2.001003e+06
2.000979e+06
2.000956e+06
2.000936e+06
2.000917e+06
2.000900e+06
2.000883e+06
2.000868e+06
2.000854e+06
2.000841e+06
2.000829e+06
2.000818e+06
2.000809e+06
2.001689e+06
2.001665e+06
2.001641e+06
2.001617e+06
2.001593e+06
2.001569e+06
2.001544e+06
2.001520e+06
2.001495e+06
2.001470e+06
2.001445e+06
2.001420e+06
2.001394e+06
2.001369e+06
2.001343e+06
2.001317e+06
2.001291e+06
2.001264e+06
2.001237e+06
2.001210e+06
2.001183e+06
2.001155e+06
2.001127e+06
2.001099e+06
2.001071e+06
2.001042e+06
2.001014e+06
2.000986e+06
2.000959e+06
2.000934e+06
2.000910e+06
2.000888e+06
2.000868e+06
2.000850e+06
2.000833e+06
2.000817e+06
2.000802e+06
2.000789e+06
2.000778e+06
2.000768e+06
2.001686e+06
2.001662e+06
2.001638e+06
2.001614e+06
2.001590e+06
2.001566e+06
2.001541e+06
2.001516e+06
2.001491e+06
2.001466e+06
2.001441e+06
2.001416e+06
2.001390e+06
2.001364e+06
2.001338e+06
2.001311e+06
2.001284e+06
2.001257e+06
2.001230e+06
2.001202e+06
2.001174e+06
2.001146e+06
2.001117e+06
2.001088e+06
2.001059e+06
2.001029e+06
2.000999e+06
2.000970e+06
2.000940e+06
2.000912e+06
2.000885e+06
2.000861e+06
2.000838e+06
2.000816e+06
2.000797e+06
2.000779e+06
2.000763e+06
2.000749e+06
2.000736e+06
2.000726e+06
2.001683e+06
2.001659e+06
2.001635e+06
2.001611e+06
2.001587e+06
2.001563e+06
2.001538e+06
2.001513e+06
2.001488e+06
2.001463e+06
2.001437e+06
2.001411e+06
2.001385e+06
2.001359e+06
2.001333e+06
2.001306e+06
2.001279e+06
2.001251e+06
2.001223e+06
2.001195e+06
2.001166e+06
2.001137e+06
2.001108e+06
2.001078e+06
2.001047e+06
2.001017e+06
2.000985e+06
2.000954e+06
2.000923e+06
2.000892e+06
2.000862e+06
2.000834e+06
2.000807e+06
2.000783e+06
2.000760e+06
2.000740e+06
2.000722e+06
2.000706e+06
2.000693e+06
2.000682e+06
2.001680e+06
2.001657e+06
2.001633e+06
2.001609e+06
2.001584e+06
2.001560e+06
2.001535e+06
2.001510e+06
2.001485e+06
2.001459e+06
2.001434e+06
2.001408e+06
2.001381e+06
2.001355e+06
2.001328e+06
2.001301e+06
2.001273e+06
2.001245e+06
2.001217e+06
2.001188e+06
2.001159e+06
2.001129e+06
2.001099e+06
2.001068e+06
2.001036e+06
2.001004e+06
2.000972e+06
2.000939e+06
2.000906e+06
2.000873e+06
2.000840e+06
2.000808e+06
2.000778e+06
2.000750e+06
2.000724e+06
2.000700e+06
2.000679e+06
2.000661e+06
2.000646e+06
2.000635e+06
2.001678e+06
2.001654e+06
2.001630e+06
2.001606e+06
2.001582e+06
2.001557e+06
2.001532e+06
2.001507e+06
2.001482e+06
2.001456e+06
2.001430e+06
2.001404e+06
2.001378e+06
2.001351e+06
2.001324e+06
2.001296e+06
2.001268e+06
2.001240e+06
2.001211e+06
2.001181e+06
2.001151e+06
2.001121e+06
2.001090e+06
2.001058e+06
2.001026e+06
2.000993e+06
2.000959e+06
2.000925e+06
2.000890e+06
2.000855e+06
2.000819e+06
2.000784e+06
2.000750e+06
2.000718e+06
2.000688e+06
2.000660e+06
2.000635e+06
2.000614e+06
2.000597e+06
2.000584e+06
2.001676e+06
2.001652e+06
2.001628e+06
2.001604e+06
2.001580e+06
2.001555e+06
2.001530e+06
2.001505e+06
2.001479e+06
2.001453e+06
2.001427e+06
2.001401e+06
2.001374e+06
2.001347e+06
2.001319e+06
2.001292e+06
2.001263e+06
2.001234e+06
2.001205e+06
2.001175e+06
2.001145e+06
2.001114e+06
2.001082e+06
2.001049e+06
2.001016e+06
2.000982e+06
2.000947e+06
2.000911e+06
2.000875e+06
2.000837e+06
2.000799e+06
2.000761e+06
2.000723e+06
2.000687e+06
2.000651e+06
2.000619e+06
2.000589e+06
2.000564e+06
2.000544e+06
2.000530e+06
2.001674e+06
2.001650e+06
2.001626e+06
2.001602e+06
2.001577e+06
2.001553e+06
2.001528e+06
2.001502e+06
2.001477e+06
2.001451e+06
2.001425e+06
2.001398e+06
2.001371e+06
2.001344e+06
2.001316e+06
2.001288e+06
2.001259e+06
2.001230e+06
2.001200e+06
2.001170e+06
2.001139e+06
2.001107e+06
2.001075e+06
2.001041e+06
2.001007e+06
2.000972e+06
2.000936e+06
2.000899e+06
2.000860e+06
2.000821e+06
2.000781e+06
2.000739e+06
2.000698e+06
2.000656e+06
2.000616e+06
2.000577e+06
2.000542e+06
2.000511e+06
2.000487e+06
2.000470e+06
2.001672e+06
2.001649e+06
2.001625e+06
2.001600e+06
2.001576e+06
2.001551e+06
2.001526e+06
2.001500e+06
2.001475e+06
2.001449e+06
2.001422e+06
2.001395e+06
2.001368e+06
2.001341e+06
2.001313e+06
2.001284e+06
2.001255e+06
2.001226e+06
2.001196e+06
2.001165e+06
2.001133e+06
2.001101e+06
2.001068e+06
2.001034e+06
2.000999e+06
2.000963e+06
2.000926e+06
2.000887e+06
2.000847e+06
2.000806e+06
2.000763e+06
2.000719e+06
2.000674e+06
2.000627e+06
2.000581e+06
2.000535e+06
2.000492e+06
2.000454e+06
2.000423e+06
2.000403e+06
2.001671e+06
2.001647e+06
2.001623e+06
2.001599e+06
2.001574e+06
2.001549e+06
2.001524e+06
2.001499e+06
2.001473e+06
2.001447e+06
2.001420e+06
2.001393e+06
2.001366e+06
2.001338e+06
2.001310e+06
2.001281e+06
2.001252e+06
2.001222e+06
2.001192e+06
2.001161e+06
2.001129e+06
2.001096e+06
2.001062e+06
2.001028e+06
2.000992e+06
2.000955e+06
2.000917e+06
2.000877e+06
2.000836e+06
2.000793e+06
2.000747e+06
2.000700e+06
2.000651e+06
2.000600e+06
2.000547e+06
2.000494e+06
2.000441e+06
2.000393e+06
2.000352e+06
2.000325e+06
2.001670e+06
2.001646e+06
2.001622e+06
2.001598e+06
2.001573e+06
2.001548e+06
2.001523e+06
2.001497e+06
2.001471e+06
2.001445e+06
2.001419e+06
2.001392e+06
2.001364e+06
2.001336e+06
2.001308e+06
2.001279e+06
2.001250e+06
2.001220e+06
2.001189e+06
2.001157e+06
2.001125e+06
2.001092e+06
2.001058e+06
2.001023e+06
2.000986e+06
2.000949e+06
2.000909e+06
2.000869e+06
2.000826e+06
2.000781e+06
2.000734e+06
2.000684e+06
2.000631e+06
2.000575e+06
2.000516e+06
2.000454e+06
2.000390e+06
2.000327e+06
2.000271e+06
2.000231e+06
2.001669e+06
2.001645e+06
2.001621e+06
2.001597e+06
2.001572e+06
2.001547e+06
2.001522e+06
2.001496e+06
2.001470e+06
2.001444e+06
2.001417e+06
2.001390e+06
2.001363e+06
2.001335e+06
2.001306e+06
2.001277e+06
2.001248e+06
2.001217e+06
2.001186e+06
2.001155e+06
2.001122e+06
2.001089e+06
2.001054e+06
2.001019e+06
2.000982e+06
2.000944e+06
2.000904e+06
2.000862e+06
2.000818e+06
2.000772e+06
2.000723e+06
2.000671e+06
2.000615e+06
2.000555e+06
2.000489e+06
2.000417e+06
2.000340e+06
2.000257e+06
2.000176e+06
2.000112e+06
2.001668e+06
2.001645e+06
2.001620e+06
2.001596e+06
2.001571e+06
2.001546e+06
2.001521e+06
2.001496e+06
2.001470e+06
2.001443e+06
2.001416e+06
2.001389e+06
2.001362e+06
2.001334e+06
2.001305e+06
2.001276e+06
2.001246e+06
2.001216e+06
2.001185e+06
2.001153e+06
2.001120e+06
2.001087e+06
2.001052e+06
2.001016e+06
2.000979e+06
2.000940e+06
2.000900e+06
2.000857e+06
2.000813e+06
2.000766e+06
2.000715e+06
2.000662e+06
2.000603e+06
2.000539e+06
2.000468e+06
2.000388e+06
2.000296e+06
2.000190e+06
2.000067e+06
1.999946e+06
2.001668e+06
2.001644e+06
2.001620e+06
2.001596e+06
2.001571e+06
2.001546e+06
2.001521e+06
2.001495e+06
2.001469e+06
2.001443e+06
2.001416e+06
2.001389e+06
2.001361e+06
2.001333e+06
2.001305e+06
2.001275e+06
2.001246e+06
2.001215e+06
2.001184e+06
2.001152e+06
2.001119e+06
2.001086e+06
2.001051e+06
2.001015e+06
2.000977e+06
2.000938e+06
2.000898e+06
2.000855e+06
2.000810e+06
2.000762e+06
2.000712e+06
2.000657e+06
2.000597e+06
2.000531e+06
2.000457e+06
2.000371e+06
2.000269e+06
2.000139e+06
1.999961e+06
1.999678e+06
