3.549103e-15
2.713791e-13
9.964809e-12
2.335650e-10
3.919419e-09
5.007578e-08
5.059008e-07
4.144920e-06
2.803725e-05
1.586495e-04
7.585598e-04
3.088850e-03
1.077594e-02
3.232714e-02
8.340476e-02
1.841850e-01
3.452652e-01
5.469871e-01
7.398845e-01
8.793954e-01
9.557753e-01
9.874293e-01
9.972922e-01
9.995698e-01
9.999512e-01
9.999962e-01
9.999998e-01
1.000000e+00
1.000000e+00
1.000000e+00
1.000000e+00
1.000000e+00
1.000000e+00
1.000000e+00
1.000000e+00
1.000000e+00
1.000000e+00
1.000000e+00
1.000000e+00
1.000000e+00
3.012853e-15
2.327822e-13
8.636809e-12
2.045449e-10
3.467950e-09
4.476203e-08
4.567976e-07
3.779878e-06
2.581689e-05
1.474639e-04
7.114492e-04
2.921669e-03
1.027275e-02
3.103764e-02
8.060231e-02
1.791145e-01
3.378812e-01
5.386383e-01
7.327147e-01
8.747538e-01
9.535204e-01
9.866140e-01
9.970757e-01
9.995284e-01
9.999457e-01
9.999957e-01
9.999998e-01
1.000000e+00
1.000000e+00
1.000000e+00
1.000000e+00
1.000000e+00
1.000000e+00
1.000000e+00
1.000000e+00
1.000000e+00
1.000000e+00
1.000000e+00
1.000000e+00
1.000000e+00
2.300619e-15
1.806551e-13
6.812501e-12
1.639805e-10
2.825536e-09
3.706043e-08
3.842526e-07
3.229603e-06
2.239748e-05
1.298377e-04
6.353525e-04
2.644418e-03
9.415482e-03
2.878415e-02
7.559999e-02
1.699341e-01
3.244416e-01
5.235113e-01
7.198779e-01
8.665547e-01
9.495739e-01
9.851903e-01
9.966959e-01
9.994549e-01
9.999357e-01
9.999948e-01
9.999997e-01
1.000000e+00
1.000000e+00
1.000000e+00
1.000000e+00
1.000000e+00
1.000000e+00
1.000000e+00
1.000000e+00
1.000000e+00
1.000000e+00
1.000000e+00
1.000000e+00
1.000000e+00
1.584328e-15
1.271061e-13
4.897738e-12
1.204698e-10
2.121162e-09
2.842651e-08
3.010802e-07
2.584240e-06
1.829421e-05
1.081922e-04
5.397204e-04
2.287978e-03
8.288987e-03
2.576147e-02
6.875971e-02
1.571421e-01
3.053529e-01
5.016184e-01
7.009776e-01
8.542872e-01
9.435689e-01
9.829823e-01
9.960935e-01
9.993354e-01
9.999189e-01
9.999932e-01
9.999996e-01
1.000000e+00
1.000000e+00
1.000000e+00
1.000000e+00
1.000000e+00
1.000000e+00
1.000000e+00
1.000000e+00
1.000000e+00
1.000000e+00
1.000000e+00
1.000000e+00
1.000000e+00
9.851935e-16
8.114159e-14
3.210572e-12
8.110369e-11
1.466670e-09
2.018609e-08
2.195349e-07
1.934252e-06
1.404932e-05
8.519795e-05
4.354562e-04
1.889487e-03
6.999089e-03
2.222027e-02
6.056076e-02
1.414206e-01
2.812012e-01
4.730141e-01
6.754754e-01
8.372151e-01
9.349512e-01
9.797104e-01
9.951697e-01
9.991451e-01
9.998910e-01
9.999904e-01
9.999994e-01
1.000000e+00
1.000000e+00
1.000000e+00
1.000000e+00
1.000000e+00
1.000000e+00
1.000000e+00
1.000000e+00
1.000000e+00
1.000000e+00
1.000000e+00
1.000000e+00
1.000000e+00
5.532874e-16
4.698815e-14
1.917863e-12
4.999047e-11
9.329481e-10
1.325151e-08
1.487151e-07
1.351723e-06
1.012434e-05
6.327211e-05
3.330026e-04
1.486384e-03
5.657496e-03
1.843680e-02
5.155687e-02
1.236128e-01
2.528075e-01
4.379174e-01
6.427763e-01
8.143736e-01
9.229292e-01
9.749464e-01
9.937625e-01
9.988408e-01
9.998441e-01
9.999854e-01
9.999991e-01
1.000000e+00
1.000000e+00
1.000000e+00
1.000000e+00
1.000000e+00
1.000000e+00
1.000000e+00
1.000000e+00
1.000000e+00
1.000000e+00
1.000000e+00
1.000000e+00
1.000000e+00
2.804368e-16
2.465744e-14
1.042576e-12
2.816434e-11
5.449033e-10
8.024883e-09
9.337548e-08
8.798154e-07
6.828740e-06
4.419931e-05
2.407402e-04
1.110980e-03
4.366983e-03
1.468086e-02
4.232545e-02
1.046802e-01
2.212632e-01
3.968522e-01
6.023618e-01
7.845958e-01
9.064185e-01
9.680481e-01
9.916084e-01
9.983463e-01
9.997626e-01
9.999760e-01
9.999984e-01
9.999999e-01
1.000000e+00
1.000000e+00
1.000000e+00
1.000000e+00
1.000000e+00
1.000000e+00
1.000000e+00
1.000000e+00
1.000000e+00
1.000000e+00
1.000000e+00
1.000000e+00
1.281068e-16
1.170502e-14
5.147188e-13
1.447030e-11
2.914853e-10
4.470786e-09
5.418493e-08
5.317553e-07
4.297605e-06
2.895143e-05
1.640135e-04
7.865426e-04
3.209265e-03
1.118631e-02
3.341225e-02
8.563477e-02
1.879216e-01
3.507847e-01
5.539857e-01
7.465955e-01
8.839957e-01
9.580714e-01
9.882806e-01
9.975261e-01
9.996164e-01
9.999577e-01
9.999968e-01
9.999998e-01
1.000000e+00
1.000000e+00
1.000000e+00
1.000000e+00
1.000000e+00
1.000000e+00
1.000000e+00
1.000000e+00
1.000000e+00
1.000000e+00
1.000000e+00
1.000000e+00
5.264008e-17
5.014928e-15
2.301845e-13
6.760472e-12
1.423656e-10
2.283880e-09
2.895988e-08
2.973725e-07
2.514437e-06
1.771625e-05
1.049139e-04
5.255178e-04
2.237383e-03
8.128079e-03
2.527824e-02
6.744869e-02
1.543263e-01
3.012160e-01
4.979290e-01
6.991456e-01
8.538906e-01
9.436640e-01
9.830944e-01
9.961383e-01
9.993455e-01
9.999201e-01
9.999932e-01
9.999996e-01
1.000000e+00
1.000000e+00
1.000000e+00
1.000000e+00
1.000000e+00
1.000000e+00
1.000000e+00
1.000000e+00
1.000000e+00
1.000000e+00
1.000000e+00
1.000000e+00
1.941024e-17
1.933883e-15
9.295869e-14
2.862468e-12
6.325927e-11
1.065761e-09
1.419939e-08
1.532451e-07
1.361983e-06
1.008520e-05
6.274271e-05
3.299615e-04
1.473585e-03
5.609139e-03
1.825731e-02
5.095650e-02
1.220714e-01
2.501728e-01
4.352739e-01
6.413884e-01
8.140712e-01
9.229629e-01
9.749715e-01
9.937530e-01
9.988293e-01
9.998395e-01
9.999844e-01
9.999990e-01
1.000000e+00
1.000000e+00
1.000000e+00
1.000000e+00
1.000000e+00
1.000000e+00
1.000000e+00
1.000000e+00
1.000000e+00
1.000000e+00
1.000000e+00
1.000000e+00
6.405303e-18
6.691409e-16
3.378368e-14
1.094283e-12
2.546955e-11
4.523721e-10
6.358758e-09
7.244061e-08
6.798078e-07
5.315486e-06
3.491304e-05
1.937600e-04
9.125176e-04
3.659216e-03
1.253234e-02
3.676893e-02
9.261475e-02
2.000474e-01
3.681010e-01
5.732811e-01
7.624949e-01
8.935451e-01
9.622666e-01
9.896171e-01
9.978260e-01
9.996610e-01
9.999615e-01
9.999969e-01
9.999998e-01
1.000000e+00
1.000000e+00
1.000000e+00
1.000000e+00
1.000000e+00
1.000000e+00
1.000000e+00
1.000000e+00
1.000000e+00
1.000000e+00
1.000000e+00
1.886180e-18
2.070467e-16
1.100759e-14
3.761463e-13
9.250765e-12
1.738410e-10
2.588124e-09
3.125331e-08
3.110550e-07
2.580236e-06
1.798002e-05
1.058425e-04
5.284595e-04
2.244752e-03
8.134191e-03
2.521876e-02
6.709015e-02
1.532872e-01
2.994711e-01
4.961049e-01
6.975982e-01
8.525276e-01
9.425912e-01
9.824523e-01
9.958587e-01
9.992578e-01
9.999005e-01
9.999901e-01
9.999993e-01
1.000000e+00
1.000000e+00
1.000000e+00
1.000000e+00
1.000000e+00
1.000000e+00
1.000000e+00
1.000000e+00
1.000000e+00
1.000000e+00
1.000000e+00
4.941698e-19
5.709115e-17
3.202788e-15
1.157507e-13
3.016753e-12
6.017881e-11
9.523862e-10
1.223897e-08
1.297392e-07
1.146904e-06
8.519712e-06
5.346619e-05
2.845143e-04
1.287269e-03
4.963364e-03
1.635128e-02
4.616938e-02
1.120054e-01
2.330801e-01
4.128383e-01
6.190436e-01
7.969481e-01
9.127235e-01
9.701897e-01
9.920190e-01
9.983453e-01
9.997364e-01
9.999677e-01
9.999969e-01
9.999998e-01
1.000000e+00
1.000000e+00
1.000000e+00
1.000000e+00
1.000000e+00
1.000000e+00
1.000000e+00
1.000000e+00
1.000000e+00
1.000000e+00
1.148613e-19
1.398011e-17
8.288320e-16
3.174451e-14
8.789371e-13
1.866633e-11
3.150718e-10
4.324838e-09
4.902755e-08
4.639038e-07
3.690809e-06
2.481490e-05
1.414767e-04
6.855706e-04
2.828891e-03
9.960417e-03
3.001168e-02
7.763785e-02
1.726075e-01
3.280967e-01
5.285810e-01
7.245527e-01
8.687726e-01
9.497082e-01
9.846655e-01
9.963098e-01
9.993008e-01
9.998949e-01
9.999871e-01
9.999986e-01
9.999999e-01
1.000000e+00
1.000000e+00
1.000000e+00
1.000000e+00
1.000000e+00
1.000000e+00
1.000000e+00
1.000000e+00
1.000000e+00
2.362334e-20
3.030117e-18
1.900176e-16
7.723667e-15
2.276337e-13
5.159449e-12
9.315549e-11
1.370446e-09
1.667701e-08
1.696068e-07
1.451745e-06
1.050793e-05
6.451673e-05
3.366777e-04
1.495348e-03
5.660954e-03
1.830867e-02
5.075836e-02
1.209699e-01
2.474141e-01
4.306335e-01
6.349962e-01
8.068157e-01
9.167398e-01
9.710414e-01
9.919120e-01
9.981831e-01
9.996676e-01
9.999490e-01
9.999931e-01
9.999991e-01
9.999999e-01
1.000000e+00
1.000000e+00
1.000000e+00
1.000000e+00
1.000000e+00
1.000000e+00
1.000000e+00
1.000000e+00
4.289728e-21
5.796019e-19
3.845078e-17
1.659911e-15
5.214330e-14
1.263729e-12
2.446649e-11
3.868996e-10
5.071404e-09
5.565088e-08
5.146736e-07
4.029215e-06
2.677565e-05
1.512836e-04
7.274061e-04
2.978877e-03
1.040584e-02
3.109514e-02
7.977923e-02
1.759867e-01
3.320358e-01
5.311529e-01
7.241793e-01
8.662218e-01
9.469457e-01
9.828475e-01
9.954604e-01
9.990017e-01
9.998121e-01
9.999682e-01
9.999948e-01
9.999991e-01
9.999998e-01
1.000000e+00
1.000000e+00
1.000000e+00
1.000000e+00
1.000000e+00
1.000000e+00
1.000000e+00
6.866634e-22
9.760295e-20
6.845177e-18
3.138294e-16
1.051387e-14
2.727926e-13
5.673518e-12
9.667091e-11
1.368940e-09
1.626519e-08
1.631761e-07
1.387803e-06
1.003036e-05
6.168213e-05
3.228957e-04
1.439180e-03
5.465147e-03
1.771601e-02
4.919534e-02
1.174161e-01
2.405872e-01
4.198043e-01
6.212714e-01
7.934050e-01
9.067462e-01
9.652496e-01
9.892519e-01
9.971978e-01
9.993663e-01
9.998702e-01
9.999745e-01
9.999949e-01
9.999989e-01
9.999997e-01
9.999999e-01
1.000000e+00
1.000000e+00
1.000000e+00
1.000000e+00
1.000000e+00
9.680587e-23
1.444433e-20
1.069269e-18
5.201447e-17
1.857946e-15
5.162883e-14
1.154723e-12
2.123660e-11
3.256525e-10
4.201902e-09
4.588988e-08
4.257379e-07
3.361954e-06
2.261650e-05
1.296144e-04
6.325742e-04
2.628549e-03
9.307360e-03
2.815541e-02
7.304601e-02
1.628678e-01
3.107497e-01
5.033499e-01
6.958228e-01
8.441408e-01
9.334010e-01
9.761363e-01
9.927217e-01
9.980592e-01
9.995295e-01
9.998911e-01
9.999746e-01
9.999937e-01
9.999983e-01
9.999995e-01
9.999998e-01
9.999999e-01
1.000000e+00
1.000000e+00
1.000000e+00
1.201905e-23
1.876829e-21
1.462878e-19
7.536459e-18
2.866783e-16
8.527437e-15
2.051396e-13
4.075738e-12
6.778703e-11
9.520143e-10
1.135184e-08
1.152927e-07
9.989262e-07
7.386376e-06
4.659128e-05
2.504641e-04
1.146380e-03
4.466023e-03
1.482725e-02
4.208386e-02
1.024797e-01
2.140614e-01
3.810265e-01
5.756287e-01
7.539854e-01
8.801268e-01
9.506540e-01
9.826119e-01
9.946233e-01
9.984867e-01
9.995958e-01
9.998927e-01
9.999704e-01
9.999912e-01
9.999970e-01
9.999989e-01
9.999995e-01
9.999997e-01
9.999998e-01
9.999999e-01
1.315133e-24
2.141004e-22
1.751210e-20
9.528010e-19
3.851226e-17
1.224414e-15
3.165569e-14
6.793957e-13
1.226372e-11
1.877319e-10
2.449347e-09
2.731200e-08
2.605768e-07
2.127016e-06
1.484088e-05
8.838087e-05
4.484681e-04
1.936416e-03
7.113361e-03
2.226800e-02
5.960409e-02
1.366991e-01
2.678069e-01
4.523559e-01
6.466239e-01
8.042516e-01
9.072481e-01
9.620944e-01
9.865061e-01
9.956668e-01
9.986845e-01
9.996081e-01
9.998808e-01
9.999615e-01
9.999864e-01
9.999946e-01
9.999976e-01
9.999987e-01
9.999992e-01
9.999994e-01
1.270084e-25
2.145982e-23
1.834335e-21
1.050119e-19
4.496047e-18
1.523906e-16
4.226283e-15
9.786801e-14
1.916567e-12
3.199065e-11
4.572303e-10
5.608753e-09
5.908982e-08
5.343807e-07
4.142632e-06
2.747357e-05
1.555044e-04
7.495621e-04
3.072623e-03
1.070904e-02
3.180915e-02
8.080068e-02
1.790519e-01
3.347203e-01
5.225914e-01
7.005583e-01
8.389899e-01
9.257752e-01
9.695018e-01
9.886578e-01
9.960576e-01
9.986808e-01
9.995605e-01
9.998488e-01
9.999444e-01
9.999775e-01
9.999898e-01
9.999946e-01
9.999968e-01
9.999977e-01
1.175271e-26
2.055259e-24
1.830119e-22
1.098444e-20
4.961474e-19
1.784753e-17
5.283210e-16
1.312940e-14
2.773299e-13
5.016755e-12
7.805077e-11
1.046471e-09
1.209588e-08
1.204378e-07
1.031305e-06
7.577651e-06
4.765277e-05
2.560047e-04
1.178798e-03
4.616837e-03
1.538254e-02
4.419556e-02
1.100768e-01
2.279965e-01
3.933886e-01
5.773507e-01
7.469018e-01
8.663896e-01
9.370587e-01
9.730609e-01
9.892984e-01
9.959637e-01
9.985173e-01
9.994536e-01
9.997913e-01
9.999146e-01
9.999614e-01
9.999802e-01
9.999883e-01
9.999919e-01
1.055458e-27
1.907816e-25
1.767460e-23
1.110775e-21
5.286040e-20
2.015376e-18
6.359072e-17
1.693471e-15
3.852450e-14
7.540305e-13
1.274782e-11
1.864659e-10
2.359963e-09
2.581548e-08
2.436089e-07
1.978177e-06
1.378396e-05
8.219686e-05
4.200686e-04
1.835203e-03
6.847463e-03
2.205555e-02
6.137062e-02
1.438777e-01
2.801896e-01
4.552647e-01
6.324248e-01
7.802359e-01
8.824729e-01
9.428788e-01
9.743338e-01
9.891504e-01
9.956035e-01
9.982533e-01
9.993008e-01
9.997088e-01
9.998694e-01
9.999348e-01
9.999626e-01
9.999749e-01
9.150808e-29
1.707676e-26
1.644036e-24
1.080596e-22
5.411744e-21
2.184307e-19
7.337558e-18
2.091410e-16
5.117418e-15
1.082296e-13
1.985502e-12
3.163682e-11
4.377194e-10
5.251376e-09
5.450984e-08
4.882249e-07
3.761825e-06
2.486104e-05
1.408423e-04
6.839909e-04
2.844074e-03
1.018289e-02
3.145123e-02
8.267705e-02
1.813749e-01
3.295791e-01
5.025720e-01
6.683579e-01
8.010013e-01
8.914711e-01
9.454569e-01
9.743780e-01
9.885880e-01
9.951000e-01
9.979283e-01
9.991134e-01
9.996025e-01
9.998058e-01
9.998924e-01
9.999303e-01
7.617097e-30
1.465932e-27
1.465054e-25
1.006077e-23
5.297011e-22
2.261080e-20
8.078097e-19
2.461774e-17
6.472147e-16
1.477428e-14
2.937689e-13
5.092826e-12
7.693058e-11
1.010840e-09
1.152487e-08
1.136764e-07
9.669047e-07
7.069463e-06
4.434542e-05
2.386980e-04
1.101596e-03
4.367619e-03
1.491709e-02
4.358564e-02
1.070379e-01
2.181938e-01
3.703891e-01
5.383498e-01
6.928007e-01
8.137968e-01
8.962576e-01
9.462632e-01
9.738228e-01
9.878579e-01
9.945523e-01
9.975834e-01
9.989069e-01
9.994748e-01
9.997188e-01
9.998246e-01
6.051294e-31
1.199825e-28
1.243585e-26
8.914087e-25
4.929586e-23
2.223411e-21
8.440877e-20
2.747878e-18
7.755348e-17
1.909102e-15
4.110539e-14
7.745703e-13
1.276131e-11
1.834488e-10
2.294642e-09
2.489367e-08
2.334142e-07
1.885073e-06
1.307649e-05
7.785782e-05
3.976618e-04
1.742478e-03
6.566090e-03
2.120541e-02
5.792566e-02
1.321297e-01
2.510381e-01
4.034836e-01
5.647315e-01
7.093218e-01
8.216549e-01
8.987109e-01
9.462672e-01
9.731182e-01
9.871705e-01
9.940623e-01
9.972668e-01
9.986995e-01
9.993257e-01
9.995963e-01
4.558586e-32
9.303559e-30
9.991895e-28
7.469881e-26
4.335478e-24
2.064612e-22
8.322570e-21
2.892148e-19
8.756154e-18
2.322713e-16
5.411469e-15
1.107535e-13
1.988586e-12
3.124919e-11
4.284473e-10
5.107209e-09
5.273089e-08
4.697971e-07
3.599676e-06
2.367753e-05
1.335998e-04
6.462167e-04
2.683502e-03
9.552697e-03
2.889077e-02
7.341052e-02
1.559908e-01
2.791446e-01
4.295916e-01
5.840476e-01
7.206567e-01
8.267288e-01
9.001734e-01
9.462015e-01
9.726521e-01
9.867328e-01
9.937383e-01
9.970275e-01
9.985027e-01
9.991421e-01
3.233354e-33
6.786714e-31
7.546748e-29
5.879909e-27
3.579168e-25
1.798416e-23
7.692872e-22
2.851963e-20
9.257055e-19
2.644612e-17
6.663257e-16
1.480345e-14
2.895010e-13
4.970002e-12
7.464353e-11
9.769703e-10
1.109831e-08
1.089799e-07
9.214989e-07
6.691279e-06
4.167044e-05
2.223508e-04
1.017114e-03
3.987206e-03
1.331469e-02
3.754092e-02
8.892955e-02
1.774956e-01
3.025701e-01
4.499783e-01
5.984504e-01
7.289849e-01
8.306753e-01
9.017095e-01
9.467017e-01
9.727924e-01
9.867482e-01
9.936774e-01
9.968940e-01
9.983013e-01
2.142334e-34
4.621163e-32
5.316765e-30
4.314391e-28
2.752686e-26
1.458571e-24
6.617276e-23
2.615869e-21
9.098787e-20
2.798291e-18
7.621560e-17
1.837306e-15
3.911994e-14
7.334047e-13
1.206079e-11
1.732500e-10
2.164344e-09
2.341092e-08
2.183343e-07
1.749578e-06
1.202210e-05
7.075590e-05
3.566032e-04
1.539553e-03
5.670024e-03
1.769615e-02
4.658952e-02
1.035960e-01
1.962761e-01
3.218233e-01
4.661330e-01
6.098918e-01
7.361218e-01
8.348748e-01
9.042570e-01
9.483609e-01
9.738840e-01
9.873837e-01
9.939263e-01
9.968376e-01
1.314182e-35
2.911241e-33
3.463347e-31
2.925358e-29
1.955303e-27
1.092049e-25
5.252444e-24
2.213162e-22
8.246512e-21
2.729398e-19
8.033884e-18
2.100958e-16
4.869302e-15
9.966930e-14
1.794337e-12
2.828292e-11
3.884787e-10
4.627767e-09
4.759416e-08
4.208951e-07
3.191894e-06
2.072746e-05
1.151743e-04
5.479953e-04
2.225809e-03
7.681783e-03
2.243585e-02
5.548571e-02
1.169225e-01
2.123622e-01
3.377696e-01
4.795989e-01
6.201366e-01
7.436638e-01
8.405793e-01
9.086990e-01
9.517305e-01
9.761993e-01
9.887031e-01
9.944150e-01
7.387581e-37
1.679627e-34
2.064941e-32
1.814603e-30
1.270043e-28
7.473624e-27
3.809507e-25
1.710442e-23
6.825735e-22
2.430792e-20
7.731224e-19
2.193042e-17
5.532212e-16
1.236315e-14
2.436599e-13
4.214479e-12
6.365150e-11
8.351710e-10
9.473627e-09
9.249211e-08
7.746101e-07
5.554410e-06
3.406518e-05
1.788320e-04
8.017389e-04
3.060081e-03
9.909690e-03
2.723324e-02
6.382156e-02
1.287062e-01
2.261146e-01
3.514553e-01
4.918890e-01
6.308246e-01
7.531166e-01
8.490060e-01
9.158834e-01
9.572616e-01
9.798362e-01
9.905518e-01
3.760149e-38
8.769215e-36
1.113564e-33
1.017626e-31
7.455199e-30
4.620769e-28
2.495470e-26
1.193677e-24
5.100867e-23
1.954343e-21
6.716203e-20
2.066496e-18
5.674384e-17
1.384649e-15
2.988057e-14
5.672807e-13
9.423795e-12
1.362487e-10
1.705513e-09
1.839555e-08
1.703025e-07
1.350063e-06
9.152339e-06
5.309630e-05
2.631295e-04
1.111792e-03
3.994376e-03
1.220128e-02
3.181250e-02
7.133943e-02
1.389766e-01
2.380942e-01
3.639925e-01
5.044801e-01
6.435672e-01
7.660136e-01
8.614029e-01
9.265851e-01
9.651717e-01
9.845214e-01
1.708057e-39
4.084002e-37
5.354380e-35
5.086447e-33
3.899230e-31
2.544839e-29
1.455825e-27
7.417810e-26
3.394012e-24
1.399011e-22
5.195031e-21
1.734052e-19
5.183954e-18
1.381620e-16
3.265761e-15
6.808252e-14
1.244699e-12
1.984268e-11
2.743187e-10
3.272013e-09
3.352829e-08
2.943084e-07
2.209461e-06
1.419323e-05
7.790920e-05
3.650474e-04
1.457187e-03
4.954173e-03
1.439098e-02
3.595128e-02
7.790610e-02
1.479116e-01
2.489527e-01
3.765079e-01
5.188695e-01
6.600822e-01
7.840564e-01
8.790921e-01
9.413821e-01
9.751335e-01
6.802619e-41
1.666846e-38
2.255384e-36
2.226468e-34
1.785487e-32
1.226796e-30
7.433035e-29
4.033918e-27
1.976229e-25
8.764340e-24
3.517109e-22
1.273835e-20
4.147196e-19
1.207694e-17
3.128326e-16
7.165871e-15
1.442844e-13
2.538465e-12
3.879894e-11
5.124294e-10
5.820989e-09
5.668473e-08
4.722865e-07
3.367509e-06
2.052699e-05
1.069159e-04
4.752662e-04
1.802527e-03
5.847662e-03
1.631884e-02
3.947229e-02
8.346143e-02
1.557473e-01
2.593544e-01
3.901493e-01
5.366985e-01
6.824143e-01
8.093285e-01
9.034961e-01
9.602766e-01
2.322091e-42
5.828622e-40
8.136708e-38
8.344789e-36
6.998993e-34
5.061909e-32
3.247942e-30
1.877358e-28
9.847913e-27
4.699461e-25
2.038440e-23
8.013102e-22
2.842159e-20
9.047651e-19
2.569884e-17
6.472897e-16
1.436683e-14
2.792512e-13
4.724888e-12
6.920163e-11
8.730343e-10
9.451934e-09
8.762070e-08
6.954046e-07
4.721492e-06
2.742104e-05
1.361531e-04
5.778718e-04
2.100880e-03
6.574382e-03
1.782874e-02
4.221137e-02
8.794693e-02
1.626858e-01
2.699265e-01
4.061531e-01
5.599990e-01
7.133692e-01
8.447410e-01
9.360378e-01
6.591273e-44
1.694247e-41
2.439466e-39
2.598560e-37
2.279063e-35
1.734784e-33
1.178724e-31
7.256537e-30
4.076107e-28
2.093332e-26
9.816932e-25
4.189867e-23
1.619744e-21
5.639785e-20
1.757779e-18
4.872428e-17
1.193337e-15
2.565723e-14
4.812634e-13
7.829969e-12
1.099273e-10
1.326360e-09
1.371864e-08
1.215767e-07
9.226399e-07
5.996864e-06
3.338600e-05
1.592118e-04
6.515318e-04
2.297725e-03
7.025707e-03
1.874939e-02
4.396304e-02
9.121069e-02
1.687933e-01
2.812288e-01
4.260113e-01
5.917493e-01
7.576256e-01
8.952352e-01
1.490366e-45
3.921896e-43
5.822989e-41
6.441310e-39
5.906661e-37
4.731560e-35
3.404323e-33
2.232237e-31
1.342828e-29
7.423033e-28
3.764664e-26
1.745160e-24
7.356836e-23
2.803510e-21
9.595252e-20
2.929768e-18
7.926620e-17
1.887658e-15
3.931485e-14
7.118574e-13
1.114606e-11
1.502707e-10
1.739450e-09
1.727357e-08
1.470962e-07
1.074558e-06
6.738046e-06
3.628140e-05
1.680385e-04
6.720106e-04
2.333394e-03
7.077316e-03
1.885918e-02
4.439550e-02
9.286931e-02
1.738558e-01
2.937357e-01
4.518839e-01
6.374500e-01
8.257904e-01
2.511196e-47
6.763532e-45
1.035309e-42
1.189113e-40
1.139962e-38
9.609525e-37
7.321268e-35
5.113425e-33
3.294647e-31
1.960768e-29
1.075735e-27
5.418393e-26
2.492057e-24
1.040021e-22
3.911936e-21
1.316989e-19
3.940743e-18
1.040891e-16
2.411107e-15
4.868124e-14
8.520719e-13
1.287117e-11
1.672817e-10
1.868474e-09
1.793077e-08
1.479228e-07
1.050196e-06
6.422007e-06
3.388462e-05
1.548282e-04
6.158774e-04
2.145090e-03
6.576784e-03
1.782951e-02
4.290783e-02
9.206155e-02
1.771088e-01
3.078330e-01
4.878201e-01
7.118850e-01
2.796547e-49
7.707562e-47
1.216158e-44
1.450164e-42
1.453286e-40
1.289133e-38
1.040032e-36
7.737809e-35
5.340588e-33
3.422571e-31
2.031863e-29
1.112472e-27
5.585103e-26
2.554281e-24
1.056720e-22
3.926317e-21
1.300865e-19
3.816481e-18
9.848780e-17
2.221795e-15
4.357461e-14
7.395850e-13
1.082844e-11
1.365805e-10
1.483778e-09
1.389520e-08
1.123467e-07
7.853685e-07
4.756812e-06
2.505654e-05
1.153992e-04
4.674825e-04
1.675081e-03
5.332718e-03
1.512997e-02
3.833175e-02
8.686648e-02
1.765762e-01
3.238898e-01
5.449199e-01
1.540299e-51
4.343407e-49
7.063566e-47
8.743490e-45
9.159294e-43
8.549434e-41
7.304031e-39
5.789112e-37
4.280693e-35
2.954683e-33
1.898627e-31
1.130396e-29
6.197891e-28
3.108187e-26
1.415392e-24
5.809638e-23
2.133761e-21
6.962762e-20
2.005070e-18
5.063928e-17
1.115467e-15
2.133282e-14
3.530518e-13
5.048880e-12
6.238649e-11
6.668405e-10
6.178829e-09
4.973779e-08
3.487803e-07
2.139745e-06
1.155286e-05
5.527686e-05
2.360298e-04
9.051465e-04
3.133781e-03
9.831269e-03
2.798509e-02
7.209551e-02
1.667005e-01
3.428043e-01
