-0.000000e+00
-0.000000e+00
-0.000000e+00
-0.000000e+00
-0.000000e+00
-0.000000e+00
-0.000000e+00
-0.000000e+00
-0.000000e+00
-0.000000e+00
-0.000000e+00
-0.000000e+00
-0.000000e+00
-0.000000e+00
-0.000000e+00
-0.000000e+00
-0.000000e+00
-0.000000e+00
-0.000000e+00
-0.000000e+00
-0.000000e+00
-0.000000e+00
-0.000000e+00
-0.000000e+00
-0.000000e+00
-0.000000e+00
-0.000000e+00
-0.000000e+00
-0.000000e+00
-0.000000e+00
-0.000000e+00
-0.000000e+00
-0.000000e+00
-0.000000e+00
-0.000000e+00
-0.000000e+00
-0.000000e+00
-0.000000e+00
-0.000000e+00
2.000000e-06
2.057999e-09
2.068717e-09
2.090185e-09
2.122418e-09
2.165426e-09
2.219200e-09
2.283681e-09
2.358727e-09
2.444152e-09
2.540132e-09
2.648970e-09
2.780261e-09
2.961913e-09
3.255170e-09
3.755710e-09
4.539224e-09
5.543943e-09
6.542942e-09
7.356806e-09
8.036002e-09
8.727784e-09
9.521265e-09
1.045979e-08
1.157553e-08
1.290671e-08
1.450856e-08
1.646097e-08
1.887892e-08
2.193053e-08
2.586845e-08
3.108574e-08
3.822013e-08
4.836033e-08
6.348382e-08
8.746465e-08
1.286159e-07
2.067705e-07
3.750863e-07
7.939099e-07
2.003174e-06
4.105259e-09
4.126686e-09
4.169606e-09
4.234060e-09
4.320088e-09
4.427702e-09
4.556842e-09
4.707342e-09
4.879029e-09
5.072545e-09
5.292646e-09
5.557826e-09
5.921190e-09
6.500015e-09
7.480749e-09
9.017119e-09
1.099768e-08
1.297745e-08
1.459348e-08
1.594177e-08
1.731641e-08
1.889062e-08
2.074410e-08
2.293727e-08
2.554329e-08
2.866663e-08
3.245636e-08
3.712412e-08
4.297467e-08
5.045739e-08
6.025414e-08
7.343406e-08
9.173669e-08
1.181090e-07
1.577562e-07
2.202219e-07
3.233620e-07
4.996055e-07
7.971434e-07
1.215966e-06
6.131050e-09
6.163162e-09
6.227495e-09
6.324131e-09
6.453167e-09
6.614687e-09
6.808712e-09
7.035177e-09
7.294092e-09
7.586671e-09
7.919751e-09
8.318857e-09
8.857247e-09
9.699097e-09
1.111285e-08
1.333702e-08
1.624375e-08
1.919732e-08
2.162902e-08
2.364271e-08
2.567452e-08
2.798839e-08
3.069942e-08
3.389130e-08
3.766394e-08
4.215851e-08
4.757370e-08
5.418644e-08
6.238650e-08
7.273209e-08
8.603905e-08
1.035248e-07
1.270424e-07
1.594578e-07
2.052263e-07
2.711477e-07
3.668380e-07
5.028069e-07
6.790511e-07
8.473663e-07
8.124666e-09
8.167418e-09
8.253083e-09
8.381804e-09
8.553767e-09
8.769180e-09
9.028226e-09
9.331050e-09
9.677970e-09
1.007075e-08
1.051764e-08
1.104864e-08
1.175050e-08
1.282199e-08
1.460085e-08
1.741819e-08
2.117814e-08
2.510030e-08
2.837923e-08
3.106217e-08
3.371545e-08
3.670793e-08
4.019323e-08
4.427345e-08
4.906509e-08
5.473016e-08
6.149345e-08
6.966136e-08
7.965263e-08
9.204521e-08
1.076448e-07
1.275830e-07
1.534495e-07
1.874518e-07
2.325410e-07
2.923003e-07
3.700280e-07
4.657214e-07
5.688645e-07
6.470201e-07
1.007545e-08
1.012876e-08
1.023562e-08
1.039624e-08
1.061092e-08
1.088005e-08
1.120404e-08
1.158334e-08
1.201863e-08
1.251216e-08
1.307284e-08
1.373236e-08
1.458364e-08
1.584573e-08
1.790870e-08
2.119987e-08
2.571048e-08
3.058475e-08
3.475647e-08
3.812608e-08
4.136276e-08
4.496058e-08
4.911974e-08
5.395734e-08
5.959652e-08
6.620424e-08
7.400858e-08
8.331282e-08
9.451732e-08
1.081510e-07
1.249118e-07
1.457123e-07
1.717200e-07
2.043576e-07
2.451836e-07
2.954814e-07
3.552477e-07
4.211783e-07
4.836516e-07
5.248062e-07
1.197280e-08
1.203657e-08
1.216440e-08
1.235660e-08
1.261364e-08
1.293608e-08
1.332464e-08
1.378010e-08
1.430358e-08
1.489772e-08
1.557142e-08
1.635552e-08
1.734206e-08
1.875543e-08
2.101711e-08
2.464489e-08
2.976838e-08
3.555055e-08
4.066801e-08
4.476325e-08
4.855257e-08
5.267838e-08
5.740294e-08
6.285777e-08
6.916493e-08
7.648270e-08
8.502386e-08
9.506391e-08
1.069526e-07
1.211296e-07
1.381386e-07
1.586338e-07
1.833599e-07
2.130740e-07
2.483528e-07
2.891917e-07
3.342997e-07
3.800871e-07
4.197488e-07
4.437368e-07
1.380627e-08
1.388033e-08
1.402882e-08
1.425215e-08
1.455094e-08
1.492602e-08
1.537839e-08
1.590922e-08
1.652011e-08
1.721397e-08
1.799924e-08
1.890400e-08
2.001344e-08
2.154330e-08
2.392285e-08
2.774233e-08
3.330491e-08
3.990439e-08
4.601396e-08
5.090233e-08
5.523298e-08
5.981430e-08
6.499650e-08
7.092965e-08
7.773060e-08
8.553936e-08
9.454040e-08
1.049663e-07
1.170996e-07
1.312758e-07
1.478789e-07
1.673242e-07
1.900109e-07
2.162250e-07
2.459606e-07
2.786312e-07
3.126697e-07
3.451179e-07
3.715145e-07
3.866503e-07
1.556553e-08
1.564967e-08
1.581839e-08
1.607223e-08
1.641197e-08
1.683869e-08
1.735371e-08
1.795862e-08
1.865544e-08
1.944739e-08
2.034219e-08
2.136399e-08
2.258693e-08
2.420645e-08
2.663579e-08
3.050762e-08
3.630695e-08
4.357015e-08
5.068714e-08
5.646562e-08
6.136036e-08
6.633972e-08
7.188083e-08
7.816336e-08
8.529951e-08
9.340622e-08
1.026324e-07
1.131610e-07
1.252037e-07
1.389948e-07
1.547767e-07
1.727727e-07
1.931342e-07
2.158537e-07
2.406324e-07
2.667013e-07
2.926282e-07
3.161977e-07
3.345377e-07
3.446969e-07
1.724048e-08
1.733443e-08
1.752286e-08
1.780640e-08
1.818604e-08
1.866308e-08
1.923917e-08
1.991632e-08
2.069698e-08
2.158464e-08
2.258629e-08
2.372179e-08
2.505206e-08
2.674415e-08
2.917401e-08
3.297880e-08
3.880141e-08
4.650483e-08
5.457872e-08
6.136126e-08
6.689219e-08
7.223969e-08
7.805788e-08
8.457789e-08
9.191295e-08
1.001574e-07
1.094227e-07
1.198416e-07
1.315595e-07
1.447226e-07
1.594603e-07
1.758555e-07
1.938989e-07
2.134227e-07
2.340130e-07
2.549124e-07
2.749427e-07
2.925050e-07
3.057393e-07
3.129014e-07
1.882130e-08
1.892474e-08
1.913221e-08
1.944448e-08
1.986270e-08
2.038843e-08
2.102362e-08
2.177065e-08
2.263242e-08
2.361270e-08
2.471788e-08
2.596380e-08
2.739791e-08
2.915499e-08
3.155780e-08
3.520858e-08
4.085513e-08
4.871670e-08
5.759398e-08
6.547694e-08
7.177583e-08
7.750576e-08
8.354418e-08
9.021254e-08
9.763648e-08
1.058937e-07
1.150604e-07
1.252231e-07
1.364698e-07
1.488759e-07
1.624862e-07
1.772897e-07
1.931830e-07
2.099248e-07
2.270838e-07
2.439918e-07
2.597240e-07
2.731389e-07
2.830116e-07
2.882675e-07
2.029848e-08
2.041102e-08
2.063677e-08
2.097661e-08
2.143187e-08
2.200432e-08
2.269623e-08
2.351034e-08
2.444992e-08
2.551907e-08
2.672376e-08
2.807653e-08
2.961269e-08
3.143481e-08
3.380392e-08
3.725342e-08
4.256580e-08
5.027863e-08
5.968090e-08
6.868264e-08
7.593376e-08
8.212587e-08
8.836256e-08
9.511806e-08
1.025496e-07
1.107289e-07
1.197039e-07
1.295209e-07
1.402207e-07
1.518246e-07
1.643189e-07
1.776338e-07
1.916181e-07
2.060092e-07
2.204051e-07
2.342464e-07
2.468217e-07
2.573141e-07
2.648993e-07
2.688894e-07
2.166289e-08
2.178410e-08
2.202725e-08
2.239333e-08
2.288384e-08
2.350078e-08
2.424667e-08
2.512460e-08
2.613820e-08
2.729187e-08
2.859139e-08
3.004686e-08
3.168370e-08
3.357571e-08
3.592123e-08
3.916211e-08
4.404419e-08
5.132693e-08
6.086593e-08
7.085268e-08
7.924904e-08
8.606974e-08
9.253283e-08
9.934729e-08
1.067360e-07
1.147794e-07
1.235082e-07
1.329365e-07
1.430674e-07
1.538828e-07
1.653306e-07
1.773084e-07
1.896461e-07
2.020883e-07
2.142806e-07
2.257663e-07
2.360015e-07
2.443958e-07
2.503812e-07
2.535014e-07
2.290588e-08
2.303525e-08
2.329481e-08
2.368563e-08
2.420938e-08
2.486828e-08
2.566509e-08
2.660321e-08
2.768659e-08
2.891994e-08
3.030899e-08
3.186225e-08
3.359785e-08
3.556624e-08
3.790876e-08
4.096689e-08
4.539229e-08
5.203990e-08
6.128040e-08
7.191466e-08
8.156310e-08
8.926793e-08
9.606077e-08
1.029455e-07
1.102748e-07
1.181559e-07
1.266172e-07
1.356503e-07
1.452294e-07
1.553086e-07
1.658122e-07
1.766229e-07
1.875694e-07
1.984171e-07
2.088623e-07
2.185363e-07
2.270218e-07
2.338859e-07
2.387275e-07
2.412339e-07
2.401924e-08
2.415624e-08
2.443109e-08
2.484501e-08
2.539979e-08
2.609786e-08
2.694223e-08
2.793656e-08
2.908512e-08
3.039289e-08
3.186567e-08
3.351104e-08
3.534226e-08
3.739253e-08
3.975632e-08
4.267914e-08
4.668428e-08
5.260037e-08
6.115500e-08
7.191568e-08
8.270703e-08
9.158777e-08
9.892199e-08
1.059411e-07
1.132308e-07
1.209560e-07
1.291585e-07
1.378194e-07
1.468914e-07
1.563098e-07
1.659866e-07
1.758012e-07
1.855914e-07
1.951482e-07
2.042150e-07
2.124943e-07
2.196631e-07
2.253980e-07
2.294085e-07
2.314733e-07
2.499534e-08
2.513936e-08
2.542832e-08
2.586353e-08
2.644693e-08
2.718114e-08
2.806942e-08
2.911569e-08
3.032450e-08
3.170109e-08
3.325142e-08
3.498259e-08
3.690488e-08
3.903993e-08
4.144722e-08
4.429052e-08
4.795590e-08
5.315578e-08
6.077226e-08
7.106868e-08
8.258399e-08
9.282570e-08
1.010347e-07
1.083353e-07
1.156454e-07
1.232565e-07
1.312405e-07
1.395776e-07
1.482068e-07
1.570524e-07
1.660232e-07
1.750038e-07
1.838466e-07
1.923690e-07
2.003549e-07
2.075625e-07
2.137379e-07
2.186341e-07
2.220347e-07
2.237779e-07
2.582716e-08
2.597755e-08
2.627932e-08
2.673385e-08
2.734326e-08
2.811036e-08
2.903864e-08
3.013228e-08
3.139613e-08
3.283568e-08
3.445709e-08
3.626729e-08
3.827493e-08
4.049455e-08
4.296194e-08
4.577831e-08
4.920473e-08
5.379127e-08
6.039364e-08
6.973116e-08
8.128279e-08
9.275752e-08
1.022235e-07
1.100851e-07
1.175271e-07
1.251032e-07
1.329489e-07
1.410393e-07
1.493047e-07
1.576692e-07
1.660498e-07
1.743440e-07
1.824221e-07
1.901261e-07
1.972728e-07
2.036628e-07
2.090917e-07
2.133656e-07
2.163180e-07
2.178263e-07
2.650831e-08
2.666438e-08
2.697754e-08
2.744929e-08
2.808191e-08
2.887839e-08
2.984249e-08
3.097867e-08
3.229206e-08
3.378847e-08
3.547429e-08
3.735649e-08
3.944293e-08
4.174421e-08
4.428156e-08
4.711301e-08
5.039962e-08
5.452394e-08
6.019630e-08
6.830573e-08
7.914243e-08
9.127973e-08
1.022112e-07
1.110640e-07
1.188383e-07
1.264956e-07
1.343459e-07
1.423062e-07
1.502976e-07
1.582681e-07
1.661621e-07
1.738999e-07
1.813717e-07
1.884402e-07
1.949474e-07
2.007240e-07
2.056003e-07
2.094185e-07
2.120452e-07
2.133836e-07
2.703312e-08
2.719411e-08
2.751717e-08
2.800389e-08
2.865669e-08
2.947882e-08
3.047427e-08
3.164783e-08
3.300499e-08
3.455188e-08
3.629523e-08
3.824222e-08
4.040049e-08
4.277870e-08
4.538997e-08
4.826548e-08
5.149503e-08
5.531690e-08
6.024662e-08
6.711407e-08
7.667859e-08
8.858724e-08
1.007315e-07
1.110085e-07
1.194533e-07
1.273503e-07
1.354793e-07
1.434850e-07
1.512923e-07
1.589373e-07
1.664284e-07
1.737210e-07
1.807243e-07
1.873154e-07
1.933523e-07
1.986853e-07
2.031669e-07
2.066626e-07
2.090605e-07
2.102801e-07
2.739663e-08
2.756178e-08
2.789313e-08
2.839239e-08
2.906216e-08
2.990591e-08
3.092795e-08
3.213341e-08
3.352818e-08
3.511884e-08
3.691256e-08
3.891695e-08
4.113985e-08
4.358927e-08
4.627442e-08
4.921149e-08
5.244501e-08
5.610510e-08
6.051631e-08
6.631817e-08
7.438217e-08
8.519432e-08
9.786783e-08
1.095195e-07
1.190506e-07
1.273646e-07
1.364505e-07
1.447346e-07
1.524002e-07
1.597421e-07
1.668867e-07
1.738291e-07
1.804882e-07
1.867445e-07
1.924612e-07
1.974978e-07
2.017193e-07
2.050045e-07
2.072540e-07
2.083968e-07
2.759471e-08
2.776324e-08
2.810119e-08
2.861038e-08
2.929364e-08
3.015470e-08
3.119821e-08
3.242969e-08
3.385548e-08
3.548274e-08
3.731924e-08
3.937326e-08
4.165329e-08
4.416768e-08
4.692441e-08
4.993269e-08
5.321199e-08
5.682258e-08
6.092897e-08
6.593362e-08
7.253305e-08
8.154692e-08
9.352433e-08
1.063711e-07
1.176967e-07
1.258383e-07
1.379032e-07
1.463954e-07
1.537275e-07
1.607012e-07
1.675300e-07
1.742136e-07
1.806526e-07
1.867122e-07
1.922497e-07
1.971252e-07
2.012078e-07
2.043821e-07
2.065540e-07
2.076570e-07
2.762395e-08
2.779530e-08
2.813799e-08
2.865431e-08
2.934732e-08
3.022106e-08
3.128051e-08
3.253163e-08
3.398133e-08
3.563739e-08
3.750839e-08
3.960357e-08
4.193257e-08
4.450495e-08
4.732953e-08
5.041370e-08
5.376618e-08
5.741966e-08
6.141328e-08
6.594656e-08
7.131913e-08
7.727704e-08
8.825188e-08
1.019642e-07
1.166091e-07
1.308443e-07
1.373048e-07
1.452484e-07
1.532182e-07
1.607482e-07
1.678797e-07
1.746788e-07
1.811390e-07
1.871826e-07
1.926938e-07
1.975432e-07
2.016039e-07
2.047616e-07
2.069227e-07
2.080206e-07
2.748391e-08
2.765600e-08
2.800117e-08
2.852153e-08
2.922027e-08
3.010169e-08
3.117112e-08
3.243500e-08
3.390081e-08
3.557708e-08
3.747335e-08
3.960008e-08
4.196852e-08
4.459049e-08
4.747804e-08
5.064275e-08
5.409392e-08
5.782862e-08
6.190275e-08
6.642292e-08
7.187277e-08
7.997750e-08
8.820331e-08
9.927573e-08
1.120279e-07
1.244728e-07
1.339834e-07
1.432201e-07
1.520883e-07
1.603859e-07
1.680782e-07
1.752422e-07
1.819359e-07
1.881426e-07
1.937830e-07
1.987435e-07
2.029004e-07
2.061368e-07
2.083544e-07
2.094822e-07
2.717149e-08
2.734362e-08
2.768917e-08
2.821036e-08
2.891055e-08
2.979429e-08
3.086729e-08
3.213644e-08
3.360983e-08
3.529678e-08
3.720785e-08
3.935487e-08
4.175092e-08
4.441045e-08
4.734941e-08
5.058570e-08
5.414058e-08
5.804375e-08
6.235919e-08
6.720838e-08
7.285352e-08
7.969647e-08
8.738476e-08
9.674892e-08
1.078317e-07
1.196716e-07
1.307027e-07
1.409174e-07
1.505630e-07
1.596497e-07
1.680768e-07
1.758399e-07
1.829947e-07
1.895642e-07
1.955067e-07
2.007285e-07
2.051097e-07
2.085276e-07
2.108744e-07
2.120705e-07
2.668665e-08
2.685780e-08
2.720153e-08
2.772017e-08
2.841728e-08
2.929764e-08
3.036731e-08
3.163362e-08
3.310527e-08
3.479235e-08
3.670641e-08
3.886060e-08
4.126982e-08
4.395097e-08
4.692344e-08
5.021014e-08
5.383959e-08
5.785056e-08
6.230162e-08
6.727868e-08
7.290118e-08
7.928228e-08
8.641435e-08
9.464337e-08
1.043333e-07
1.154462e-07
1.271407e-07
1.383470e-07
1.487988e-07
1.586293e-07
1.678522e-07
1.763961e-07
1.842420e-07
1.914002e-07
1.978473e-07
2.035066e-07
2.082615e-07
2.119805e-07
2.145413e-07
2.158506e-07
2.603036e-08
2.619940e-08
2.653896e-08
2.705150e-08
2.774074e-08
2.861167e-08
2.967067e-08
3.092547e-08
3.238529e-08
3.406092e-08
3.596481e-08
3.811130e-08
4.051679e-08
4.320014e-08
4.618321e-08
4.949182e-08
5.315723e-08
5.721841e-08
6.172441e-08
6.673324e-08
7.230375e-08
7.847571e-08
8.527013e-08
9.284735e-08
1.015488e-07
1.117609e-07
1.233663e-07
1.353582e-07
1.467809e-07
1.574320e-07
1.674548e-07
1.768700e-07
1.856007e-07
1.935861e-07
2.007752e-07
2.070874e-07
2.124009e-07
2.165695e-07
2.194498e-07
2.209287e-07
2.520475e-08
2.537046e-08
2.570342e-08
2.620614e-08
2.688249e-08
2.773765e-08
2.877822e-08
3.001228e-08
3.144949e-08
3.310120e-08
3.498062e-08
3.710299e-08
3.948589e-08
4.214957e-08
4.511742e-08
4.841667e-08
5.207910e-08
5.614170e-08
6.064627e-08
6.563624e-08
7.114921e-08
7.720789e-08
8.382873e-08
9.108853e-08
9.921578e-08
1.086379e-07
1.196852e-07
1.319506e-07
1.443403e-07
1.560467e-07
1.669799e-07
1.773055e-07
1.870373e-07
1.960632e-07
2.042547e-07
2.114809e-07
2.175883e-07
2.223997e-07
2.257381e-07
2.274610e-07
2.421315e-08
2.437428e-08
2.469808e-08
2.518715e-08
2.584542e-08
2.667820e-08
2.769226e-08
2.889593e-08
3.029918e-08
3.191377e-08
3.375345e-08
3.583414e-08
3.817420e-08
4.079479e-08
4.372022e-08
4.697832e-08
5.060080e-08
5.462306e-08
5.908326e-08
6.401941e-08
6.946479e-08
7.544354e-08
8.197556e-08
8.910635e-08
9.697261e-08
1.058924e-07
1.163081e-07
1.283519e-07
1.413690e-07
1.542749e-07
1.664160e-07
1.778003e-07
1.886080e-07
1.988240e-07
2.082666e-07
2.167061e-07
2.239041e-07
2.296143e-07
2.335991e-07
2.356676e-07
2.306015e-08
2.321541e-08
2.352748e-08
2.399896e-08
2.463382e-08
2.543745e-08
2.641669e-08
2.758000e-08
2.893751e-08
3.050125e-08
3.228527e-08
3.430589e-08
3.658196e-08
3.913518e-08
4.199032e-08
4.517560e-08
4.872268e-08
5.266651e-08
5.704440e-08
6.189429e-08
6.725219e-08
7.315035e-08
7.961944e-08
8.670180e-08
9.448733e-08
1.031835e-07
1.131607e-07
1.247876e-07
1.379688e-07
1.518942e-07
1.655247e-07
1.783411e-07
1.904258e-07
2.019563e-07
2.128533e-07
2.228157e-07
2.314632e-07
2.384102e-07
2.433013e-07
2.458578e-07
2.175164e-08
2.189973e-08
2.219744e-08
2.264737e-08
2.325346e-08
2.402107e-08
2.495705e-08
2.606984e-08
2.736962e-08
2.886844e-08
3.058047e-08
3.252217e-08
3.471258e-08
3.717361e-08
3.993029e-08
4.301104e-08
4.644779e-08
5.027588e-08
5.453358e-08
5.926138e-08
6.450092e-08
7.029458e-08
7.668683e-08
8.373030e-08
9.150297e-08
1.001485e-07
1.099336e-07
1.212362e-07
1.343044e-07
1.488501e-07
1.639586e-07
1.786420e-07
1.924819e-07
2.056077e-07
2.181624e-07
2.299426e-07
2.404465e-07
2.490659e-07
2.552237e-07
2.584705e-07
2.029478e-08
2.043442e-08
2.071518e-08
2.113961e-08
2.171157e-08
2.243632e-08
2.332059e-08
2.437269e-08
2.560266e-08
2.702242e-08
2.864599e-08
3.048972e-08
3.257257e-08
3.491637e-08
3.754616e-08
4.049047e-08
4.378157e-08
4.745561e-08
5.155268e-08
5.611679e-08
6.119598e-08
6.684282e-08
7.311593e-08
8.008337e-08
8.783083e-08
9.648177e-08
1.062365e-07
1.174068e-07
1.303488e-07
1.451879e-07
1.614736e-07
1.782098e-07
1.944366e-07
2.097921e-07
2.244141e-07
2.383488e-07
2.511555e-07
2.619924e-07
2.699152e-07
2.741447e-07
1.869806e-08
1.882799e-08
1.908925e-08
1.948431e-08
2.001688e-08
2.069204e-08
2.151629e-08
2.249767e-08
2.364590e-08
2.497257e-08
2.649133e-08
2.821815e-08
3.017160e-08
3.237313e-08
3.484750e-08
3.762311e-08
4.073240e-08
4.421230e-08
4.810472e-08
5.245714e-08
5.732351e-08
6.276557e-08
6.885489e-08
7.567577e-08
8.333025e-08
9.194817e-08
1.017090e-07
1.128750e-07
1.257988e-07
1.408109e-07
1.579272e-07
1.765576e-07
1.956163e-07
2.141170e-07
2.316890e-07
2.484062e-07
2.640832e-07
2.778187e-07
2.881955e-07
2.938386e-07
1.697121e-08
1.709020e-08
1.732952e-08
1.769148e-08
1.817959e-08
1.879867e-08
1.955485e-08
2.045578e-08
2.151068e-08
2.273061e-08
2.412861e-08
2.571996e-08
2.752252e-08
2.955704e-08
3.184760e-08
3.442205e-08
3.731260e-08
4.055647e-08
4.419676e-08
4.828354e-08
5.287537e-08
5.804128e-08
6.386353e-08
7.044102e-08
7.789388e-08
8.637044e-08
9.605988e-08
1.072148e-07
1.201759e-07
1.353516e-07
1.530674e-07
1.732568e-07
1.951993e-07
2.176730e-07
2.395640e-07
2.603703e-07
2.799336e-07
2.975252e-07
3.113335e-07
3.190432e-07
1.512516e-08
1.523208e-08
1.544714e-08
1.577248e-08
1.621134e-08
1.676817e-08
1.744866e-08
1.825989e-08
1.921044e-08
2.031059e-08
2.157251e-08
2.301054e-08
2.464146e-08
2.648491e-08
2.856380e-08
3.090490e-08
3.353948e-08
3.650422e-08
3.984230e-08
4.360490e-08
4.785314e-08
5.266072e-08
5.811729e-08
6.433284e-08
7.144317e-08
7.961708e-08
8.906688e-08
1.000652e-07
1.129688e-07
1.282348e-07
1.463742e-07
1.677635e-07
1.923035e-07
2.191413e-07
2.468159e-07
2.738793e-07
2.994146e-07
3.225878e-07
3.413650e-07
3.521849e-07
1.317203e-08
1.326581e-08
1.345448e-08
1.373994e-08
1.412512e-08
1.461401e-08
1.521173e-08
1.592468e-08
1.676059e-08
1.772879e-08
1.884031e-08
2.010822e-08
2.154787e-08
2.317732e-08
2.501779e-08
2.709424e-08
2.943619e-08
3.207862e-08
3.506332e-08
3.844062e-08
4.227159e-08
4.663118e-08
5.161218e-08
5.733046e-08
6.393178e-08
7.160066e-08
8.057232e-08
9.114973e-08
1.037283e-07
1.188253e-07
1.370924e-07
1.592489e-07
1.858492e-07
2.168702e-07
2.513294e-07
2.873139e-07
3.225568e-07
3.549371e-07
3.816423e-07
3.974496e-07
1.112496e-08
1.120466e-08
1.136501e-08
1.160767e-08
1.193518e-08
1.235100e-08
1.285958e-08
1.346648e-08
1.417846e-08
1.500364e-08
1.595172e-08
1.703414e-08
1.826447e-08
1.965871e-08
2.123577e-08
2.301810e-08
2.503241e-08
2.731073e-08
2.989176e-08
3.282265e-08
3.616142e-08
3.998025e-08
4.436982e-08
4.944519e-08
5.535368e-08
6.228552e-08
7.048844e-08
8.028822e-08
9.211814e-08
1.065602e-07
1.243932e-07
1.466195e-07
1.743953e-07
2.087490e-07
2.500230e-07
2.971843e-07
3.473985e-07
3.961990e-07
4.376311e-07
4.626288e-07
8.998059e-09
9.062858e-09
9.193232e-09
9.390556e-09
9.656927e-09
9.995211e-09
1.040910e-08
1.090319e-08
1.148311e-08
1.215561e-08
1.292876e-08
1.381216e-08
1.481717e-08
1.595727e-08
1.724850e-08
1.870996e-08
2.036460e-08
2.224013e-08
2.437034e-08
2.679679e-08
2.957120e-08
3.275859e-08
3.644168e-08
4.072685e-08
4.575245e-08
5.170046e-08
5.881295e-08
6.741617e-08
7.795593e-08
9.105082e-08
1.075694e-07
1.287304e-07
1.561975e-07
1.920746e-07
2.386201e-07
2.974334e-07
3.679275e-07
4.451435e-07
5.173769e-07
5.636620e-07
6.806259e-09
6.855472e-09
6.954495e-09
7.104386e-09
7.306757e-09
7.563816e-09
7.878407e-09
8.254081e-09
8.695174e-09
9.206915e-09
9.795559e-09
1.046855e-08
1.123476e-08
1.210470e-08
1.309097e-08
1.420864e-08
1.547590e-08
1.691486e-08
1.855267e-08
2.042298e-08
2.256798e-08
2.504122e-08
2.791146e-08
3.126809e-08
3.522890e-08
3.995122e-08
4.564826e-08
5.261385e-08
6.126034e-08
7.217864e-08
8.623449e-08
1.047221e-07
1.295982e-07
1.638016e-07
2.115856e-07
2.785895e-07
3.708927e-07
4.912182e-07
6.285814e-07
7.367887e-07
4.565167e-09
4.598272e-09
4.664888e-09
4.765730e-09
4.901896e-09
5.074884e-09
5.286629e-09
5.539545e-09
5.836586e-09
6.181315e-09
6.578001e-09
7.031738e-09
7.548595e-09
8.135810e-09
8.802049e-09
9.557735e-09
1.041549e-08
1.139074e-08
1.250250e-08
1.377447e-08
1.523654e-08
1.692687e-08
1.889484e-08
2.120515e-08
2.394387e-08
2.722732e-08
3.121542e-08
3.613241e-08
4.229992e-08
5.019145e-08
6.052547e-08
7.442963e-08
9.373793e-08
1.215343e-07
1.631399e-07
2.278426e-07
3.316008e-07
4.995767e-07
7.590423e-07
1.073799e-06
2.290918e-09
2.307560e-09
2.341049e-09
2.391748e-09
2.460210e-09
2.547193e-09
2.653677e-09
2.780882e-09
2.930306e-09
3.103753e-09
3.303389e-09
3.531800e-09
3.792072e-09
4.087889e-09
4.423673e-09
4.804750e-09
5.237590e-09
5.730113e-09
6.292117e-09
6.935853e-09
7.676822e-09
8.534895e-09
9.535881e-09
1.071379e-08
1.211412e-08
1.379880e-08
1.585377e-08
1.840086e-08
2.161732e-08
2.576886e-08
3.126829e-08
3.878519e-08
4.946293e-08
6.537690e-08
9.057061e-08
1.335859e-07
2.141855e-07
3.828078e-07
7.809929e-07
1.834592e-06
0.000000e+00
0.000000e+00
0.000000e+00
0.000000e+00
0.000000e+00
0.000000e+00
0.000000e+00
0.000000e+00
0.000000e+00
0.000000e+00
0.000000e+00
0.000000e+00
0.000000e+00
0.000000e+00
0.000000e+00
0.000000e+00
0.000000e+00
0.000000e+00
0.000000e+00
0.000000e+00
0.000000e+00
0.000000e+00
0.000000e+00
0.000000e+00
0.000000e+00
0.000000e+00
0.000000e+00
0.000000e+00
0.000000e+00
0.000000e+00
0.000000e+00
0.000000e+00
0.000000e+00
0.000000e+00
0.000000e+00
0.000000e+00
0.000000e+00
0.000000e+00
0.000000e+00
1.988476e-06
