2.000000e-06
2.002645e-06
1.214730e-06
8.456278e-07
6.448623e-07
5.223046e-07
4.409797e-07
3.837447e-07
3.417704e-07
3.101042e-07
2.857751e-07
2.669065e-07
2.522665e-07
2.410250e-07
2.326154e-07
2.266518e-07
2.228794e-07
2.211420e-07
2.213599e-07
2.235268e-07
2.276945e-07
2.339762e-07
2.425504e-07
2.536726e-07
2.676939e-07
2.850878e-07
3.064793e-07
3.326709e-07
3.646624e-07
4.036761e-07
4.512149e-07
5.091867e-07
5.801404e-07
6.676861e-07
7.772747e-07
9.178042e-07
1.105460e-06
1.374534e-06
1.812830e-06
2.689285e-06
2.283045e-06
-0.000000e+00
7.932528e-07
7.959062e-07
6.772953e-07
5.666607e-07
4.810777e-07
4.168955e-07
3.684892e-07
3.314670e-07
3.027714e-07
2.803187e-07
2.626818e-07
2.488716e-07
2.381967e-07
2.301726e-07
2.244642e-07
2.208477e-07
2.191869e-07
2.194176e-07
2.215412e-07
2.256213e-07
2.317883e-07
2.402525e-07
2.513249e-07
2.654400e-07
2.831562e-07
3.050972e-07
3.318227e-07
3.636733e-07
4.006718e-07
4.425371e-07
4.887939e-07
5.389315e-07
5.925921e-07
6.498579e-07
7.118289e-07
7.816142e-07
8.640357e-07
9.506327e-07
9.180820e-07
0.000000e+00
-0.000000e+00
3.744156e-07
4.983292e-07
5.009781e-07
4.634035e-07
4.184476e-07
3.770341e-07
3.418488e-07
3.128364e-07
2.891951e-07
2.700463e-07
2.546300e-07
2.423413e-07
2.327174e-07
2.254142e-07
2.201845e-07
2.168603e-07
2.153403e-07
2.155818e-07
2.175963e-07
2.214511e-07
2.272770e-07
2.352877e-07
2.458019e-07
2.592302e-07
2.759629e-07
2.961434e-07
3.194394e-07
3.449845e-07
3.715516e-07
3.978538e-07
4.228375e-07
4.459276e-07
4.672735e-07
4.880245e-07
5.103668e-07
5.361276e-07
5.605011e-07
5.535451e-07
4.222023e-07
0.000000e+00
-0.000000e+00
2.060732e-07
3.220091e-07
3.648790e-07
3.675240e-07
3.522730e-07
3.309429e-07
3.090344e-07
2.888338e-07
2.711260e-07
2.560410e-07
2.434504e-07
2.331460e-07
2.249171e-07
2.185821e-07
2.139990e-07
2.110685e-07
2.097323e-07
2.099728e-07
2.118121e-07
2.153179e-07
2.206221e-07
2.279513e-07
2.376242e-07
2.499136e-07
2.647401e-07
2.813924e-07
2.985657e-07
3.147571e-07
3.287573e-07
3.399916e-07
3.486647e-07
3.557655e-07
3.629280e-07
3.719634e-07
3.836202e-07
3.948611e-07
3.939532e-07
3.539804e-07
2.317399e-07
0.000000e+00
-0.000000e+00
1.278659e-07
2.187513e-07
2.690017e-07
2.895380e-07
2.921755e-07
2.854287e-07
2.745111e-07
2.623378e-07
2.504334e-07
2.395407e-07
2.299841e-07
2.218748e-07
2.152229e-07
2.099978e-07
2.061610e-07
2.036821e-07
2.025479e-07
2.027665e-07
2.043705e-07
2.074348e-07
2.121197e-07
2.186998e-07
2.274356e-07
2.381958e-07
2.500995e-07
2.616365e-07
2.712771e-07
2.781021e-07
2.820909e-07
2.840632e-07
2.854122e-07
2.877082e-07
2.921537e-07
2.988026e-07
3.054498e-07
3.061999e-07
2.900711e-07
2.410490e-07
1.435681e-07
0.000000e+00
-0.000000e+00
8.663797e-08
1.561269e-07
2.028367e-07
2.294488e-07
2.414608e-07
2.440841e-07
2.412424e-07
2.355722e-07
2.287286e-07
2.217039e-07
2.150703e-07
2.091460e-07
2.041014e-07
2.000252e-07
1.969647e-07
1.949508e-07
1.940113e-07
1.941802e-07
1.955043e-07
1.980956e-07
2.022072e-07
2.081579e-07
2.159016e-07
2.245352e-07
2.324426e-07
2.381065e-07
2.408597e-07
2.410833e-07
2.399385e-07
2.389001e-07
2.392738e-07
2.417607e-07
2.460634e-07
2.505032e-07
2.516437e-07
2.440120e-07
2.202680e-07
1.726622e-07
9.709164e-08
0.000000e+00
-0.000000e+00
6.255850e-08
1.162807e-07
1.567680e-07
1.839587e-07
2.001336e-07
2.082034e-07
2.108016e-07
2.099792e-07
2.072045e-07
2.034755e-07
1.994467e-07
1.955371e-07
1.920113e-07
1.890364e-07
1.867218e-07
1.851451e-07
1.843692e-07
1.844589e-07
1.854958e-07
1.877083e-07
1.915030e-07
1.970266e-07
2.034754e-07
2.091646e-07
2.125391e-07
2.130742e-07
2.113952e-07
2.088246e-07
2.067859e-07
2.063214e-07
2.078000e-07
2.107777e-07
2.139394e-07
2.150665e-07
2.110362e-07
1.979594e-07
1.716944e-07
1.290757e-07
7.004717e-08
0.000000e+00
-0.000000e+00
4.731499e-08
8.966870e-08
1.239950e-07
1.494835e-07
1.669107e-07
1.777934e-07
1.837809e-07
1.863377e-07
1.866342e-07
1.855464e-07
1.837034e-07
1.815441e-07
1.793699e-07
1.773872e-07
1.757407e-07
1.745388e-07
1.738726e-07
1.738678e-07
1.747102e-07
1.768726e-07
1.807666e-07
1.858080e-07
1.902689e-07
1.924743e-07
1.919237e-07
1.893688e-07
1.862026e-07
1.837695e-07
1.829124e-07
1.838006e-07
1.859456e-07
1.882886e-07
1.892825e-07
1.869577e-07
1.790206e-07
1.630733e-07
1.370620e-07
1.000275e-07
5.306450e-08
0.000000e+00
-0.000000e+00
3.703254e-08
7.108370e-08
1.000592e-07
1.230689e-07
1.402316e-07
1.522782e-07
1.601901e-07
1.649562e-07
1.674476e-07
1.683721e-07
1.682761e-07
1.675658e-07
1.665367e-07
1.654014e-07
1.643149e-07
1.633975e-07
1.627600e-07
1.627125e-07
1.637028e-07
1.664175e-07
1.706074e-07
1.745424e-07
1.763471e-07
1.754346e-07
1.726020e-07
1.692753e-07
1.667372e-07
1.656996e-07
1.662210e-07
1.678160e-07
1.696091e-07
1.704527e-07
1.690038e-07
1.637920e-07
1.533274e-07
1.362878e-07
1.118125e-07
7.989087e-08
4.174987e-08
0.000000e+00
-0.000000e+00
2.973130e-08
5.757410e-08
8.208859e-08
1.025011e-07
1.186679e-07
1.308971e-07
1.397445e-07
1.458491e-07
1.498274e-07
1.522181e-07
1.534626e-07
1.539060e-07
1.538095e-07
1.533668e-07
1.527205e-07
1.519795e-07
1.512478e-07
1.514512e-07
1.533579e-07
1.571225e-07
1.610549e-07
1.630111e-07
1.622271e-07
1.594915e-07
1.562550e-07
1.537693e-07
1.526727e-07
1.529696e-07
1.541985e-07
1.556176e-07
1.563326e-07
1.553678e-07
1.517148e-07
1.443903e-07
1.325224e-07
1.154740e-07
9.300343e-08
6.544397e-08
3.385015e-08
0.000000e+00
-0.000000e+00
2.431843e-08
4.739258e-08
6.821969e-08
8.617850e-08
1.010414e-07
1.128975e-07
1.220412e-07
1.288678e-07
1.337943e-07
1.372100e-07
1.394499e-07
1.407858e-07
1.414284e-07
1.415358e-07
1.412236e-07
1.405650e-07
1.395807e-07
1.409432e-07
1.446814e-07
1.490844e-07
1.516404e-07
1.513439e-07
1.489562e-07
1.459666e-07
1.436310e-07
1.425575e-07
1.427317e-07
1.437245e-07
1.448944e-07
1.455158e-07
1.448424e-07
1.421427e-07
1.367333e-07
1.280210e-07
1.155573e-07
9.910263e-08
7.870196e-08
5.476491e-08
2.812167e-08
0.000000e+00
-0.000000e+00
2.014976e-08
3.945790e-08
5.721887e-08
7.295149e-08
8.642142e-08
9.760996e-08
1.066548e-07
1.137861e-07
1.192718e-07
1.233774e-07
1.263409e-07
1.283587e-07
1.295826e-07
1.301268e-07
1.300846e-07
1.295242e-07
1.283228e-07
1.324461e-07
1.379337e-07
1.415921e-07
1.421111e-07
1.402598e-07
1.376188e-07
1.354958e-07
1.345051e-07
1.346348e-07
1.354894e-07
1.365040e-07
1.370705e-07
1.365935e-07
1.345170e-07
1.303436e-07
1.236573e-07
1.141465e-07
1.016264e-07
8.606508e-08
6.761699e-08
4.666274e-08
2.383538e-08
0.000000e+00
-0.000000e+00
1.682263e-08
3.307025e-08
4.824618e-08
6.198692e-08
7.408254e-08
8.446577e-08
9.318164e-08
1.003498e-07
1.061289e-07
1.106866e-07
1.141772e-07
1.167255e-07
1.184184e-07
1.193160e-07
1.195140e-07
1.192931e-07
1.189727e-07
1.266794e-07
1.321910e-07
1.339371e-07
1.328260e-07
1.306264e-07
1.287675e-07
1.279110e-07
1.280634e-07
1.288604e-07
1.297964e-07
1.303480e-07
1.300244e-07
1.283858e-07
1.250558e-07
1.197340e-07
1.122043e-07
1.023396e-07
9.010251e-08
7.555369e-08
5.887057e-08
4.037358e-08
2.054220e-08
0.000000e+00
-0.000000e+00
1.407045e-08
2.775418e-08
4.070850e-08
5.266726e-08
6.345579e-08
7.298869e-08
8.125585e-08
8.830236e-08
9.420709e-08
9.906252e-08
1.029558e-07
1.059498e-07
1.080638e-07
1.092661e-07
1.095694e-07
1.096904e-07
1.142715e-07
1.229349e-07
1.261452e-07
1.259502e-07
1.243543e-07
1.228860e-07
1.222649e-07
1.225321e-07
1.233589e-07
1.242915e-07
1.248738e-07
1.246920e-07
1.233883e-07
1.206688e-07
1.163109e-07
1.101654e-07
1.021527e-07
9.225227e-08
8.049671e-08
6.697609e-08
5.185473e-08
3.539217e-08
1.795399e-08
0.000000e+00
-0.000000e+00
1.170492e-08
2.316742e-08
3.416622e-08
4.451767e-08
5.408443e-08
6.277708e-08
7.055041e-08
7.739624e-08
8.333409e-08
8.840051e-08
9.263715e-08
9.607536e-08
9.870761e-08
1.004038e-07
1.006069e-07
9.728418e-08
1.160214e-07
1.180610e-07
1.185718e-07
1.178939e-07
1.171684e-07
1.170469e-07
1.176093e-07
1.185932e-07
1.196141e-07
1.202839e-07
1.202554e-07
1.192342e-07
1.169867e-07
1.133450e-07
1.082078e-07
1.015322e-07
9.331877e-08
8.359836e-08
7.242698e-08
5.989435e-08
4.614102e-08
3.137524e-08
1.587942e-08
0.000000e+00
-0.000000e+00
9.581783e-09
1.904426e-08
2.827117e-08
3.715257e-08
4.558698e-08
5.348453e-08
6.077218e-08
6.739815e-08
7.333461e-08
7.857949e-08
8.316141e-08
8.715395e-08
9.070411e-08
9.405687e-08
9.748658e-08
1.009441e-07
1.097148e-07
1.118761e-07
1.120118e-07
1.119031e-07
1.122520e-07
1.131417e-07
1.143397e-07
1.155084e-07
1.163121e-07
1.164551e-07
1.156921e-07
1.138342e-07
1.107536e-07
1.063835e-07
1.007089e-07
9.375027e-08
8.554575e-08
7.614159e-08
6.559409e-08
5.398200e-08
4.142258e-08
2.808394e-08
1.418769e-08
0.000000e+00
-0.000000e+00
7.577996e-09
1.515675e-08
2.272179e-08
3.023488e-08
3.762734e-08
4.480422e-08
5.166156e-08
5.810555e-08
6.407063e-08
6.954027e-08
7.457781e-08
7.936972e-08
8.425273e-08
8.963820e-08
9.578602e-08
1.027037e-07
1.062286e-07
1.070670e-07
1.074102e-07
1.080842e-07
1.092008e-07
1.105596e-07
1.118593e-07
1.127983e-07
1.131127e-07
1.125884e-07
1.110663e-07
1.084459e-07
1.046847e-07
9.978832e-08
9.379312e-08
8.674718e-08
7.869717e-08
6.968640e-08
5.976300e-08
4.899359e-08
3.747634e-08
2.534863e-08
1.278713e-08
0.000000e+00
-0.000000e+00
5.574505e-09
1.128498e-08
1.722843e-08
2.344616e-08
2.990045e-08
3.647907e-08
4.303903e-08
4.944986e-08
5.563403e-08
6.160772e-08
6.751282e-08
7.359732e-08
8.007906e-08
8.694596e-08
9.403352e-08
1.016897e-07
1.026829e-07
1.033899e-07
1.043798e-07
1.057062e-07
1.071961e-07
1.085970e-07
1.096480e-07
1.101137e-07
1.098017e-07
1.085715e-07
1.063398e-07
1.030794e-07
9.880975e-08
9.357897e-08
8.744388e-08
8.045521e-08
7.265281e-08
6.407078e-08
5.474861e-08
4.474319e-08
3.413787e-08
2.304655e-08
1.161212e-08
0.000000e+00
-0.000000e+00
3.443365e-09
7.197883e-09
1.149698e-08
1.649321e-08
2.218981e-08
2.843747e-08
3.505001e-08
4.187696e-08
4.885042e-08
5.599388e-08
6.335927e-08
7.088746e-08
7.831207e-08
8.531848e-08
9.194793e-08
9.891492e-08
9.972514e-08
1.009765e-07
1.025177e-07
1.041446e-07
1.056391e-07
1.067837e-07
1.073762e-07
1.072461e-07
1.062674e-07
1.043678e-07
1.015296e-07
9.778016e-08
9.317502e-08
8.777720e-08
8.164163e-08
7.480854e-08
6.730639e-08
5.916075e-08
5.040494e-08
4.108885e-08
3.128448e-08
2.108741e-08
1.061479e-08
0.000000e+00
-0.000000e+00
1.047374e-09
2.672880e-09
5.288577e-09
9.260476e-09
1.467844e-08
2.127890e-08
2.877898e-08
3.692073e-08
4.546746e-08
5.415720e-08
6.265500e-08
7.059126e-08
7.772452e-08
8.411442e-08
9.013691e-08
9.633539e-08
9.777326e-08
9.951092e-08
1.012852e-07
1.028834e-07
1.041196e-07
1.048243e-07
1.048507e-07
1.040885e-07
1.024750e-07
9.999877e-08
9.669179e-08
9.261316e-08
8.782927e-08
8.239774e-08
7.636004e-08
6.974271e-08
6.256461e-08
5.484599e-08
4.661663e-08
3.792147e-08
2.882347e-08
1.940378e-08
9.759601e-09
0.000000e+00
-0.000000e+00
-1.721323e-09
-2.360552e-09
-1.252685e-09
2.317223e-09
8.676925e-09
1.694228e-08
2.641965e-08
3.640869e-08
4.626865e-08
5.549402e-08
6.378124e-08
7.106675e-08
7.750542e-08
8.338444e-08
8.901134e-08
9.460334e-08
9.656210e-08
9.850191e-08
1.002233e-07
1.015628e-07
1.023783e-07
1.025471e-07
1.019759e-07
1.006130e-07
9.845277e-08
9.553032e-08
9.190609e-08
8.764728e-08
8.281231e-08
7.744316e-08
7.156576e-08
6.519583e-08
5.834664e-08
5.103616e-08
4.329239e-08
3.515648e-08
2.668405e-08
1.794464e-08
9.019832e-09
0.000000e+00
-0.000000e+00
-4.788826e-09
-7.461387e-09
-6.903815e-09
-2.150268e-09
6.858866e-09
1.772880e-08
2.900517e-08
3.971895e-08
4.936205e-08
5.781224e-08
6.518916e-08
7.172091e-08
7.765175e-08
8.318838e-08
8.846666e-08
9.351116e-08
9.567304e-08
9.755265e-08
9.901895e-08
9.995625e-08
1.002653e-07
9.987145e-08
9.873513e-08
9.685796e-08
9.427792e-08
9.105577e-08
8.725781e-08
8.294149e-08
7.814817e-08
7.290320e-08
6.722072e-08
6.111039e-08
5.458347e-08
4.765758e-08
4.035971e-08
3.272790e-08
2.481157e-08
1.667089e-08
8.375087e-09
0.000000e+00
-0.000000e+00
-7.658609e-09
-1.135255e-08
-9.559683e-09
-1.305150e-09
1.084905e-08
2.312423e-08
3.435972e-08
4.416671e-08
5.263439e-08
6.002449e-08
6.660602e-08
7.259445e-08
7.814113e-08
8.333604e-08
8.820496e-08
9.269195e-08
9.477733e-08
9.640202e-08
9.748072e-08
9.793806e-08
9.771835e-08
9.679602e-08
9.518099e-08
9.291475e-08
9.005803e-08
8.667514e-08
8.282124e-08
7.853600e-08
7.384373e-08
6.875761e-08
6.328541e-08
5.743473e-08
5.121702e-08
4.465031e-08
3.776083e-08
3.058380e-08
2.316344e-08
1.555224e-08
7.809629e-09
0.000000e+00
-0.000000e+00
-9.481499e-09
-1.244359e-08
-7.264471e-09
5.638716e-09
1.850075e-08
3.000165e-08
3.982486e-08
4.822415e-08
5.555759e-08
6.211825e-08
6.810606e-08
7.364317e-08
7.879332e-08
8.357297e-08
8.795200e-08
9.184630e-08
9.365276e-08
9.489095e-08
9.550778e-08
9.546591e-08
9.475384e-08
9.339039e-08
9.142087e-08
8.890567e-08
8.590642e-08
8.247505e-08
7.864869e-08
7.445016e-08
6.989182e-08
6.498048e-08
5.972183e-08
5.412381e-08
4.819889e-08
4.196562e-08
3.544944e-08
2.868302e-08
2.170615e-08
1.456502e-08
7.311183e-09
0.000000e+00
-0.000000e+00
-9.593545e-09
-1.002993e-08
5.537637e-10
1.504474e-08
2.658086e-08
3.632675e-08
4.460340e-08
5.181791e-08
5.827990e-08
6.418637e-08
6.964868e-08
7.471880e-08
7.940630e-08
8.368645e-08
8.750172e-08
9.076132e-08
9.215816e-08
9.293818e-08
9.307741e-08
9.257597e-08
9.146048e-08
8.977924e-08
8.759154e-08
8.495552e-08
8.191912e-08
7.851634e-08
7.476816e-08
7.068612e-08
6.627657e-08
6.154431e-08
5.649541e-08
5.113908e-08
4.548892e-08
3.956380e-08
3.338827e-08
2.699270e-08
2.041310e-08
1.369049e-08
6.870083e-09
0.000000e+00
-0.000000e+00
-7.894499e-09
-3.741162e-09
1.214176e-08
2.411364e-08
3.376719e-08
4.186921e-08
4.889304e-08
5.516811e-08
6.089829e-08
6.619664e-08
7.111417e-08
7.565906e-08
7.980826e-08
8.351360e-08
8.670523e-08
8.929612e-08
9.022245e-08
9.053714e-08
9.024481e-08
8.937592e-08
8.797939e-08
8.611169e-08
8.382625e-08
8.116620e-08
7.816191e-08
7.483226e-08
7.118796e-08
6.723513e-08
6.297834e-08
5.842277e-08
5.357578e-08
4.844798e-08
4.305386e-08
3.741238e-08
3.154712e-08
2.548642e-08
1.926304e-08
1.291378e-08
6.478654e-09
0.000000e+00
-0.000000e+00
-4.865973e-09
7.665915e-09
2.216370e-08
3.217323e-08
4.014584e-08
4.691221e-08
5.289887e-08
5.834132e-08
6.336671e-08
6.803373e-08
7.235474e-08
7.630972e-08
7.985524e-08
8.293093e-08
8.546517e-08
8.738300e-08
8.785164e-08
8.775983e-08
8.713424e-08
8.601990e-08
8.446777e-08
8.252480e-08
8.022834e-08
7.760455e-08
7.467000e-08
7.143450e-08
6.790406e-08
6.408330e-08
5.997716e-08
5.559206e-08
5.093681e-08
4.602314e-08
4.086617e-08
3.548471e-08
2.990143e-08
2.414280e-08
1.823888e-08
1.222292e-08
6.130751e-09
0.000000e+00
-0.000000e+00
1.122862e-09
1.933321e-08
3.110594e-08
3.936722e-08
4.592642e-08
5.155228e-08
5.659596e-08
6.122952e-08
6.553303e-08
6.953025e-08
7.320743e-08
7.652581e-08
7.943076e-08
8.185934e-08
8.374776e-08
8.503978e-08
8.513283e-08
8.474389e-08
8.390819e-08
8.266770e-08
8.106103e-08
7.911862e-08
7.686191e-08
7.430485e-08
7.145621e-08
6.832187e-08
6.490663e-08
6.121547e-08
5.725446e-08
5.303138e-08
4.855623e-08
4.384159e-08
3.890294e-08
3.375886e-08
2.843108e-08
2.294446e-08
1.732675e-08
1.160829e-08
5.821426e-09
0.000000e+00
-0.000000e+00
1.251416e-08
2.922571e-08
3.895713e-08
4.567143e-08
5.100364e-08
5.560357e-08
5.975786e-08
6.359888e-08
6.717676e-08
7.049141e-08
7.351162e-08
7.618838e-08
7.846492e-08
8.028495e-08
8.159965e-08
8.237334e-08
8.221626e-08
8.165612e-08
8.072365e-08
7.944782e-08
7.785156e-08
7.595124e-08
7.375794e-08
7.127920e-08
6.852064e-08
6.548721e-08
6.218405e-08
5.861713e-08
5.479371e-08
5.072274e-08
4.641512e-08
4.188404e-08
3.714515e-08
3.221670e-08
2.711957e-08
2.187720e-08
1.651539e-08
1.106203e-08
5.546668e-09
0.000000e+00
-0.000000e+00
2.380187e-08
3.746863e-08
4.525261e-08
5.066451e-08
5.496900e-08
5.868169e-08
6.204297e-08
6.516016e-08
6.806397e-08
7.073985e-08
7.314852e-08
7.524015e-08
7.696445e-08
7.827771e-08
7.914716e-08
7.955244e-08
7.927211e-08
7.864724e-08
7.769850e-08
7.644199e-08
7.488934e-08
7.304880e-08
7.092661e-08
6.852796e-08
6.585783e-08
6.292150e-08
5.972496e-08
5.627520e-08
5.258051e-08
4.865072e-08
4.449746e-08
4.013429e-08
3.557692e-08
3.084323e-08
2.595331e-08
2.092937e-08
1.579558e-08
1.057779e-08
5.303213e-09
0.000000e+00
-0.000000e+00
2.989361e-08
4.215903e-08
4.898247e-08
5.365176e-08
5.728067e-08
6.035818e-08
6.311966e-08
6.566687e-08
6.802542e-08
7.017907e-08
7.209168e-08
7.372138e-08
7.502920e-08
7.598391e-08
7.656353e-08
7.675417e-08
7.644451e-08
7.582341e-08
7.490299e-08
7.369156e-08
7.219525e-08
7.041916e-08
6.836803e-08
6.604676e-08
6.346070e-08
6.061584e-08
5.751904e-08
5.417818e-08
5.060239e-08
4.680219e-08
4.278970e-08
3.857875e-08
3.418500e-08
2.962598e-08
2.492106e-08
2.009139e-08
1.515976e-08
1.015033e-08
5.088393e-09
0.000000e+00
-0.000000e+00
2.964992e-08
4.240676e-08
4.948942e-08
5.412867e-08
5.756434e-08
6.036739e-08
6.281289e-08
6.502273e-08
6.703609e-08
6.884921e-08
7.043880e-08
7.177566e-08
7.283209e-08
7.358515e-08
7.401729e-08
7.411544e-08
7.382820e-08
7.324420e-08
7.237068e-08
7.121284e-08
6.977516e-08
6.806216e-08
6.607866e-08
6.383003e-08
6.132225e-08
5.856209e-08
5.555716e-08
5.231609e-08
4.884866e-08
4.516594e-08
4.128039e-08
3.720601e-08
3.295836e-08
2.855462e-08
2.401355e-08
1.935538e-08
1.460174e-08
9.775384e-09
4.900026e-09
0.000000e+00
-0.000000e+00
2.594302e-08
3.926786e-08
4.708432e-08
5.218951e-08
5.587105e-08
5.877063e-08
6.121224e-08
6.335166e-08
6.525402e-08
6.693679e-08
6.839401e-08
6.960999e-08
7.056643e-08
7.124591e-08
7.163331e-08
7.171635e-08
7.147224e-08
7.093656e-08
7.011443e-08
6.901037e-08
6.762896e-08
6.597511e-08
6.405424e-08
6.187236e-08
5.943617e-08
5.675310e-08
5.383142e-08
5.068036e-08
4.731024e-08
4.373251e-08
3.995991e-08
3.600652e-08
3.188781e-08
2.762060e-08
2.322313e-08
1.871485e-08
1.411642e-08
9.449442e-09
4.736325e-09
0.000000e+00
-0.000000e+00
2.135468e-08
3.439775e-08
4.278147e-08
4.851129e-08
5.270260e-08
5.597700e-08
5.867607e-08
6.098112e-08
6.298232e-08
6.471884e-08
6.620230e-08
6.743028e-08
6.839396e-08
6.908239e-08
6.948492e-08
6.959286e-08
6.939696e-08
6.891048e-08
6.813804e-08
6.708445e-08
6.575489e-08
6.415497e-08
6.229078e-08
6.016901e-08
5.779697e-08
5.518270e-08
5.233504e-08
4.926370e-08
4.597941e-08
4.249394e-08
3.882022e-08
3.497237e-08
3.096573e-08
2.681686e-08
2.254350e-08
1.816448e-08
1.369963e-08
9.169642e-09
4.595833e-09
0.000000e+00
-0.000000e+00
1.710670e-08
2.919710e-08
3.778350e-08
4.405649e-08
4.882592e-08
5.260699e-08
5.571401e-08
5.833210e-08
6.056613e-08
6.247232e-08
6.407813e-08
6.539452e-08
6.642351e-08
6.716280e-08
6.760871e-08
6.775822e-08
6.760958e-08
6.716928e-08
6.644236e-08
6.543434e-08
6.415114e-08
6.259906e-08
6.078489e-08
5.871591e-08
5.640000e-08
5.384570e-08
5.106233e-08
4.805999e-08
4.484975e-08
4.144362e-08
3.785466e-08
3.409701e-08
3.018589e-08
2.613761e-08
2.196952e-08
1.769993e-08
1.334800e-08
8.933657e-09
4.477365e-09
0.000000e+00
-0.000000e+00
1.370702e-08
2.461541e-08
3.310122e-08
3.972945e-08
4.499616e-08
4.927131e-08
5.281020e-08
5.578116e-08
5.829165e-08
6.040835e-08
6.217140e-08
6.360412e-08
6.471947e-08
6.552444e-08
6.602300e-08
6.621817e-08
6.611333e-08
6.571448e-08
6.502770e-08
6.405939e-08
6.281624e-08
6.130525e-08
5.953381e-08
5.750974e-08
5.524140e-08
5.273778e-08
5.000856e-08
4.706420e-08
4.391598e-08
4.057613e-08
3.705779e-08
3.337511e-08
2.954320e-08
2.557817e-08
2.149704e-08
1.731770e-08
1.305880e-08
8.739618e-09
4.379970e-09
0.000000e+00
-0.000000e+00
1.130349e-08
2.112218e-08
2.933783e-08
3.612569e-08
4.173491e-08
4.639743e-08
5.029996e-08
5.358246e-08
5.634558e-08
5.865981e-08
6.057354e-08
6.211957e-08
6.331996e-08
6.418971e-08
6.473945e-08
6.497745e-08
6.491100e-08
6.454759e-08
6.389456e-08
6.295927e-08
6.174918e-08
6.027190e-08
5.853535e-08
5.654782e-08
5.431808e-08
5.185546e-08
4.916995e-08
4.627225e-08
4.317385e-08
3.988712e-08
3.642526e-08
3.280242e-08
2.903364e-08
2.513483e-08
2.112278e-08
1.701504e-08
1.282986e-08
8.586048e-09
4.302899e-09
0.000000e+00
-0.000000e+00
9.785459e-09
1.876429e-08
2.667021e-08
3.347851e-08
3.927805e-08
4.419541e-08
4.835684e-08
5.187232e-08
5.483106e-08
5.730235e-08
5.933851e-08
6.097826e-08
6.224997e-08
6.317448e-08
6.376744e-08
6.404107e-08
6.400563e-08
6.367030e-08
6.304367e-08
6.213396e-08
6.094929e-08
5.949782e-08
5.778787e-08
5.582812e-08
5.362764e-08
5.119604e-08
4.854352e-08
4.568098e-08
4.262007e-08
3.937322e-08
3.595372e-08
3.237568e-08
2.865409e-08
2.480474e-08
2.084421e-08
1.678983e-08
1.265954e-08
8.471818e-09
4.245576e-09
0.000000e+00
-0.000000e+00
8.929886e-09
1.736133e-08
2.501584e-08
3.178456e-08
3.766888e-08
4.272888e-08
4.704805e-08
5.071255e-08
5.380061e-08
5.637833e-08
5.849908e-08
6.020461e-08
6.152700e-08
6.249076e-08
6.311472e-08
6.341375e-08
6.340015e-08
6.308432e-08
6.247585e-08
6.158361e-08
6.041621e-08
5.898220e-08
5.729020e-08
5.534915e-08
5.316833e-08
5.075753e-08
4.812711e-08
4.528809e-08
4.225221e-08
3.903199e-08
3.564071e-08
3.209250e-08
2.840230e-08
2.458581e-08
2.065950e-08
1.664053e-08
1.254664e-08
8.396111e-09
4.207588e-09
0.000000e+00
-0.000000e+00
8.549177e-09
1.671516e-08
2.423274e-08
3.096557e-08
3.687835e-08
4.199993e-08
4.639218e-08
5.012831e-08
5.328004e-08
5.591108e-08
5.807477e-08
5.981404e-08
6.116265e-08
6.214681e-08
6.278694e-08
6.309918e-08
6.309676e-08
6.279099e-08
6.219178e-08
6.130842e-08
6.014976e-08
5.872455e-08
5.704160e-08
5.510994e-08
5.293900e-08
5.053863e-08
4.791929e-08
4.509205e-08
4.206871e-08
3.886179e-08
3.548463e-08
3.195132e-08
2.827679e-08
2.447670e-08
2.056746e-08
1.656614e-08
1.249040e-08
8.358396e-09
4.188663e-09
0.000000e+00
