2.512797e+03
8.024568e+02
4.583534e+02
3.186950e+02
2.430235e+02
1.959147e+02
1.639043e+02
1.407938e+02
1.233479e+02
1.097209e+02
9.878693e+01
8.982207e+01
8.234004e+01
7.600204e+01
7.056479e+01
6.584913e+01
6.172033e+01
5.807522e+01
5.483350e+01
5.193173e+01
4.931911e+01
4.695449e+01
4.480415e+01
4.284021e+01
4.103943e+01
3.938227e+01
3.785220e+01
3.643514e+01
3.511901e+01
3.389340e+01
3.274927e+01
3.167875e+01
3.067497e+01
2.973186e+01
2.884408e+01
2.800691e+01
2.721612e+01
2.646798e+01
2.575911e+01
2.508651e+01
2.444746e+01
2.383952e+01
2.326045e+01
2.270826e+01
2.218111e+01
2.167735e+01
2.119543e+01
2.073398e+01
2.029172e+01
1.986747e+01
1.946016e+01
1.906879e+01
1.869244e+01
1.833026e+01
1.798148e+01
1.764535e+01
1.732120e+01
1.700841e+01
1.670638e+01
1.641458e+01
1.613248e+01
1.585962e+01
1.559554e+01
1.533983e+01
1.509210e+01
1.485199e+01
1.461913e+01
1.439321e+01
1.417393e+01
1.396100e+01
1.375414e+01
1.355309e+01
1.335763e+01
1.316751e+01
1.298252e+01
1.280246e+01
1.262713e+01
1.245634e+01
1.228993e+01
1.212773e+01
1.196958e+01
1.181532e+01
1.166483e+01
1.151795e+01
1.137457e+01
1.123456e+01
1.109780e+01
1.096418e+01
1.083359e+01
1.070593e+01
1.058111e+01
1.045903e+01
1.033959e+01
1.022273e+01
1.010834e+01
9.996365e+00
9.886717e+00
9.779327e+00
9.674127e+00
9.571050e+00
9.470032e+00
9.371012e+00
9.273932e+00
9.178735e+00
9.085366e+00
8.993775e+00
8.903909e+00
8.815722e+00
8.729166e+00
8.644197e+00
8.560772e+00
8.478847e+00
8.398385e+00
8.319345e+00
8.241691e+00
8.165386e+00
8.090395e+00
8.016685e+00
7.944223e+00
7.872978e+00
7.802920e+00
7.734018e+00
7.666245e+00
7.599573e+00
7.533975e+00
7.469427e+00
7.405901e+00
7.343376e+00
7.281826e+00
7.221230e+00
7.161566e+00
7.102812e+00
7.044947e+00
6.987952e+00
6.931806e+00
6.876492e+00
6.821991e+00
6.768285e+00
6.715356e+00
6.663189e+00
6.611766e+00
6.561072e+00
6.511091e+00
6.461809e+00
6.413212e+00
6.365283e+00
6.318011e+00
6.271382e+00
6.225382e+00
6.180000e+00
6.135222e+00
6.091037e+00
6.047433e+00
6.004398e+00
5.961922e+00
5.919993e+00
5.878602e+00
5.837738e+00
5.797391e+00
5.757551e+00
5.718208e+00
5.679354e+00
5.640980e+00
5.603076e+00
5.565634e+00
5.528645e+00
5.492102e+00
5.455996e+00
5.420320e+00
5.385066e+00
5.350226e+00
5.315794e+00
5.281761e+00
5.248122e+00
5.214870e+00
5.181997e+00
5.149497e+00
5.117365e+00
5.085593e+00
5.054176e+00
5.023108e+00
4.992384e+00
4.961996e+00
4.931941e+00
4.902212e+00
4.872804e+00
4.843713e+00
4.814932e+00
4.786458e+00
4.758284e+00
4.730407e+00
4.702822e+00
4.675524e+00
4.648509e+00
4.621772e+00
4.595309e+00
4.569116e+00
4.543189e+00
4.517524e+00
4.492117e+00
4.466963e+00
4.442060e+00
4.417403e+00
4.392989e+00
4.368815e+00
4.344876e+00
4.321169e+00
4.297692e+00
4.274440e+00
4.251411e+00
4.228600e+00
4.206006e+00
4.183626e+00
4.161455e+00
4.139491e+00
4.117732e+00
4.096174e+00
4.074815e+00
4.053652e+00
4.032682e+00
4.011902e+00
3.991311e+00
3.970905e+00
3.950682e+00
3.930640e+00
3.910776e+00
3.891088e+00
3.871573e+00
3.852230e+00
3.833055e+00
3.814048e+00
3.795205e+00
3.776524e+00
3.758004e+00
3.739642e+00
3.721437e+00
3.703386e+00
3.685488e+00
3.667740e+00
3.650140e+00
3.632688e+00
3.615380e+00
3.598216e+00
3.581193e+00
3.564310e+00
3.547565e+00
3.530956e+00
3.514482e+00
3.498141e+00
3.481932e+00
3.465852e+00
3.449901e+00
3.434077e+00
3.418378e+00
3.402803e+00
3.387351e+00
3.372020e+00
3.356808e+00
3.341715e+00
3.326738e+00
3.311878e+00
3.297131e+00
3.282498e+00
3.267976e+00
3.253565e+00
3.239263e+00
3.225069e+00
3.210982e+00
3.197001e+00
3.183124e+00
3.169350e+00
3.155679e+00
3.142109e+00
3.128639e+00
3.115268e+00
3.101995e+00
3.088819e+00
3.075739e+00
3.062754e+00
3.049862e+00
3.037064e+00
3.024357e+00
3.011741e+00
2.999216e+00
2.986779e+00
2.974431e+00
2.962170e+00
2.949996e+00
2.937907e+00
2.925902e+00
2.913982e+00
2.902144e+00
2.890389e+00
2.878715e+00
2.867122e+00
2.855609e+00
2.844174e+00
2.832818e+00
2.821539e+00
2.810337e+00
2.799211e+00
2.788160e+00
2.777184e+00
2.766282e+00
2.755453e+00
2.744696e+00
2.734011e+00
2.723397e+00
2.712854e+00
2.702381e+00
2.691976e+00
2.681641e+00
2.671373e+00
2.661172e+00
2.651038e+00
2.640970e+00
2.630968e+00
2.621031e+00
2.611158e+00
2.601348e+00
2.591602e+00
2.581918e+00
2.572297e+00
2.562737e+00
2.553238e+00
2.543799e+00
2.534421e+00
2.525102e+00
2.515841e+00
2.506639e+00
2.497495e+00
2.488409e+00
2.479379e+00
2.470406e+00
2.461489e+00
2.452627e+00
2.443820e+00
2.435068e+00
2.426370e+00
2.417725e+00
2.409134e+00
2.400596e+00
2.392110e+00
2.383676e+00
2.375293e+00
2.366961e+00
2.358681e+00
2.350450e+00
2.342269e+00
2.334138e+00
2.326055e+00
2.318022e+00
2.310036e+00
2.302099e+00
2.294209e+00
2.286366e+00
2.278570e+00
2.270820e+00
2.263116e+00
2.255458e+00
2.247846e+00
2.240278e+00
2.232755e+00
2.225276e+00
2.217841e+00
2.210449e+00
2.203101e+00
2.195796e+00
2.188533e+00
2.181313e+00
2.174134e+00
2.166998e+00
2.159902e+00
2.152848e+00
2.145834e+00
2.138860e+00
2.131927e+00
2.125033e+00
2.118179e+00
2.111365e+00
2.104589e+00
2.097851e+00
2.091152e+00
2.084491e+00
2.077868e+00
2.071282e+00
2.064734e+00
2.058222e+00
2.051747e+00
2.045309e+00
2.038906e+00
2.032540e+00
2.026209e+00
2.019913e+00
2.013653e+00
2.007427e+00
2.001236e+00
1.995079e+00
1.988957e+00
1.982868e+00
1.976813e+00
1.970791e+00
1.964803e+00
1.958847e+00
1.952924e+00
1.947034e+00
1.941175e+00
1.935349e+00
1.929554e+00
1.923791e+00
1.918060e+00
1.912359e+00
1.906689e+00
1.901050e+00
1.895442e+00
1.889864e+00
1.884315e+00
1.878797e+00
1.873308e+00
1.867849e+00
1.862418e+00
1.857017e+00
1.851645e+00
1.846301e+00
1.840986e+00
1.835699e+00
1.830440e+00
1.825209e+00
1.820005e+00
1.814829e+00
1.809680e+00
1.804559e+00
1.799464e+00
1.794396e+00
1.789355e+00
1.784340e+00
1.779351e+00
1.774388e+00
1.769451e+00
1.764540e+00
1.759654e+00
1.754794e+00
1.749959e+00
1.745148e+00
1.740363e+00
1.735602e+00
1.730866e+00
1.726154e+00
1.721467e+00
1.716803e+00
1.712164e+00
1.707548e+00
1.702956e+00
1.698387e+00
1.693841e+00
1.689319e+00
1.684819e+00
1.680342e+00
1.675888e+00
1.671457e+00
1.667048e+00
1.662661e+00
1.658296e+00
1.653954e+00
1.649633e+00
1.645333e+00
1.641056e+00
1.636799e+00
1.632564e+00
1.628351e+00
1.624158e+00
1.619986e+00
1.615834e+00
1.611704e+00
1.607594e+00
1.603504e+00
1.599434e+00
1.595385e+00
1.591355e+00
1.587346e+00
1.583356e+00
1.579386e+00
1.575435e+00
1.571503e+00
1.567591e+00
1.563698e+00
1.559824e+00
1.555969e+00
1.552133e+00
1.548315e+00
1.544516e+00
1.540735e+00
1.536973e+00
1.533229e+00
1.529503e+00
1.525795e+00
1.522105e+00
1.518433e+00
1.514778e+00
1.511141e+00
1.507521e+00
1.503919e+00
1.500334e+00
1.496766e+00
1.493216e+00
1.489682e+00
1.486165e+00
1.482665e+00
1.479181e+00
1.475714e+00
1.472264e+00
1.468830e+00
1.465412e+00
1.462010e+00
1.458625e+00
1.455255e+00
1.451901e+00
1.448564e+00
1.445241e+00
1.441935e+00
1.438644e+00
1.435368e+00
1.432108e+00
1.428863e+00
1.425633e+00
1.422419e+00
1.419219e+00
1.416034e+00
1.412864e+00
1.409709e+00
1.406569e+00
1.403443e+00
1.400331e+00
1.397234e+00
1.394152e+00
1.391083e+00
1.388029e+00
1.384989e+00
1.381963e+00
1.378951e+00
1.375953e+00
1.372968e+00
1.369998e+00
1.367041e+00
1.364097e+00
1.361167e+00
1.358250e+00
1.355347e+00
1.352457e+00
1.349580e+00
1.346717e+00
1.343866e+00
1.341029e+00
1.338204e+00
1.335392e+00
1.332593e+00
1.329807e+00
1.327033e+00
1.324272e+00
1.321523e+00
1.318787e+00
1.316063e+00
1.313351e+00
1.310652e+00
1.307965e+00
1.305290e+00
1.302627e+00
1.299976e+00
1.297337e+00
1.294710e+00
1.292094e+00
1.289491e+00
1.286899e+00
1.284318e+00
1.281749e+00
1.279192e+00
1.276646e+00
1.274112e+00
1.271588e+00
1.269076e+00
1.266576e+00
1.264086e+00
1.261607e+00
1.259140e+00
1.256683e+00
1.254238e+00
1.251803e+00
1.249379e+00
1.246965e+00
1.244563e+00
1.242171e+00
1.239790e+00
1.237419e+00
1.235058e+00
1.232708e+00
1.230369e+00
1.228040e+00
1.225721e+00
1.223412e+00
1.221113e+00
1.218825e+00
1.216546e+00
1.214278e+00
1.212019e+00
1.209771e+00
1.207532e+00
1.205303e+00
1.203084e+00
1.200875e+00
1.198675e+00
1.196485e+00
1.194305e+00
1.192134e+00
1.189972e+00
1.187820e+00
1.185677e+00
1.183544e+00
1.181420e+00
1.179305e+00
1.177199e+00
1.175103e+00
1.173016e+00
1.170937e+00
1.168868e+00
1.166808e+00
1.164757e+00
1.162714e+00
1.160681e+00
1.158656e+00
1.156640e+00
1.154632e+00
1.152634e+00
1.150644e+00
1.148662e+00
1.146690e+00
1.144725e+00
1.142770e+00
1.140822e+00
1.138883e+00
1.136952e+00
1.135030e+00
1.133116e+00
1.131210e+00
1.129312e+00
1.127423e+00
1.125541e+00
1.123668e+00
1.121803e+00
1.119945e+00
1.118096e+00
1.116255e+00
1.114421e+00
1.112595e+00
1.110777e+00
1.108967e+00
1.107165e+00
1.105370e+00
1.103583e+00
1.101803e+00
1.100031e+00
1.098267e+00
1.096510e+00
1.094761e+00
1.093019e+00
1.091284e+00
1.089557e+00
1.087837e+00
1.086124e+00
1.084419e+00
1.082721e+00
1.081030e+00
1.079346e+00
1.077669e+00
1.076000e+00
1.074337e+00
1.072681e+00
1.071033e+00
1.069391e+00
1.067756e+00
1.066128e+00
1.064507e+00
1.062893e+00
1.061285e+00
1.059684e+00
1.058090e+00
1.056503e+00
1.054922e+00
1.053348e+00
1.051780e+00
1.050219e+00
1.048664e+00
1.047116e+00
1.045574e+00
1.044039e+00
1.042510e+00
1.040987e+00
1.039471e+00
1.037961e+00
1.036457e+00
1.034959e+00
1.033467e+00
1.031982e+00
1.030503e+00
1.029030e+00
1.027562e+00
1.026101e+00
1.024646e+00
1.023197e+00
1.021753e+00
1.020316e+00
1.018884e+00
1.017459e+00
1.016039e+00
1.014625e+00
1.013216e+00
1.011813e+00
1.010416e+00
1.009025e+00
1.007639e+00
1.006259e+00
1.004884e+00
1.003515e+00
1.002151e+00
1.000793e+00
9.994398e-01
9.980923e-01
9.967501e-01
9.954133e-01
9.940818e-01
9.927555e-01
9.914345e-01
9.901187e-01
9.888081e-01
9.875026e-01
9.862022e-01
9.849069e-01
9.836167e-01
9.823315e-01
9.810513e-01
9.797761e-01
9.785058e-01
9.772405e-01
9.759800e-01
9.747243e-01
9.734735e-01
9.722275e-01
9.709863e-01
9.697498e-01
9.685180e-01
9.672909e-01
9.660684e-01
9.648505e-01
9.636373e-01
9.624286e-01
9.612245e-01
9.600249e-01
9.588297e-01
9.576390e-01
9.564528e-01
9.552709e-01
9.540934e-01
9.529203e-01
9.517514e-01
9.505869e-01
9.494266e-01
9.482706e-01
9.471188e-01
9.459711e-01
9.448276e-01
9.436883e-01
9.425530e-01
9.414218e-01
9.402947e-01
9.391715e-01
9.380524e-01
9.369372e-01
9.358260e-01
9.347187e-01
9.336153e-01
9.325158e-01
9.314201e-01
9.303282e-01
9.292401e-01
9.281558e-01
9.270752e-01
9.259983e-01
9.249251e-01
9.238556e-01
9.227897e-01
9.217274e-01
9.206687e-01
9.196136e-01
9.185620e-01
9.175140e-01
9.164694e-01
9.154283e-01
9.143906e-01
9.133564e-01
9.123256e-01
9.112981e-01
9.102740e-01
9.092532e-01
9.082357e-01
9.072215e-01
9.062106e-01
9.052029e-01
9.041984e-01
9.031971e-01
9.021990e-01
9.012040e-01
9.002122e-01
8.992234e-01
8.982377e-01
8.972551e-01
8.962755e-01
8.952990e-01
8.943254e-01
8.933548e-01
8.923871e-01
8.914224e-01
8.904606e-01
8.895017e-01
8.885456e-01
8.875924e-01
8.866420e-01
8.856944e-01
8.847496e-01
8.838076e-01
8.828683e-01
8.819317e-01
8.809979e-01
8.800667e-01
8.791382e-01
8.782123e-01
8.772891e-01
8.763684e-01
8.754504e-01
8.745349e-01
8.736219e-01
8.727115e-01
8.718036e-01
8.708982e-01
8.699953e-01
8.690948e-01
8.681967e-01
8.673011e-01
8.664079e-01
8.655171e-01
8.646286e-01
8.637425e-01
8.628587e-01
8.619772e-01
8.610980e-01
8.602211e-01
8.593464e-01
8.584740e-01
8.576038e-01
8.567359e-01
8.558701e-01
8.550065e-01
8.541450e-01
8.532857e-01
8.524286e-01
8.515735e-01
8.507205e-01
8.498696e-01
8.490208e-01
8.481740e-01
8.473293e-01
8.464866e-01
8.456458e-01
8.448071e-01
8.439704e-01
8.431355e-01
8.423027e-01
8.414718e-01
