1.615667e-05
5.536001e-04
1.041330e-03
1.532391e-03
2.033102e-03
2.540799e-03
3.053231e-03
3.568782e-03
4.086383e-03
4.605347e-03
5.125234e-03
5.645760e-03
6.166742e-03
6.688066e-03
7.209666e-03
7.731505e-03
8.253568e-03
8.775844e-03
9.298326e-03
9.821012e-03
1.034389e-02
1.086697e-02
1.139024e-02
1.191371e-02
1.243736e-02
1.296119e-02
1.348522e-02
1.400942e-02
1.453380e-02
1.505835e-02
1.558307e-02
1.610797e-02
1.663302e-02
1.715824e-02
1.768361e-02
1.820914e-02
1.873481e-02
1.926064e-02
1.978661e-02
2.031272e-02
2.083897e-02
2.136536e-02
2.189188e-02
2.241853e-02
2.294531e-02
2.347221e-02
2.399924e-02
2.452638e-02
2.505365e-02
2.558103e-02
2.610852e-02
2.663612e-02
2.716384e-02
2.769166e-02
2.821959e-02
2.874762e-02
2.927575e-02
2.980398e-02
3.033231e-02
3.086074e-02
3.138926e-02
3.191788e-02
3.244659e-02
3.297538e-02
3.350427e-02
3.403325e-02
3.456231e-02
3.509145e-02
3.562068e-02
3.614999e-02
3.667939e-02
3.720886e-02
3.773841e-02
3.826804e-02
3.879774e-02
3.932752e-02
3.985738e-02
4.038731e-02
4.091731e-02
4.144738e-02
4.197752e-02
4.250773e-02
4.303801e-02
4.356836e-02
4.409878e-02
4.462926e-02
4.515980e-02
4.569041e-02
4.622109e-02
4.675182e-02
4.728262e-02
4.781348e-02
4.834440e-02
4.887538e-02
4.940642e-02
4.993752e-02
5.046867e-02
5.099989e-02
5.153116e-02
5.206248e-02
5.259386e-02
5.312530e-02
5.365678e-02
5.418833e-02
5.471992e-02
5.525157e-02
5.578327e-02
5.631502e-02
5.684682e-02
5.737867e-02
5.791058e-02
5.844253e-02
5.897453e-02
5.950657e-02
6.003867e-02
6.057081e-02
6.110300e-02
6.163524e-02
6.216752e-02
6.269985e-02
6.323223e-02
6.376464e-02
6.429711e-02
6.482961e-02
6.536216e-02
6.589476e-02
6.642740e-02
6.696007e-02
6.749280e-02
6.802556e-02
6.855836e-02
6.909121e-02
6.962409e-02
7.015702e-02
7.068999e-02
7.122299e-02
7.175604e-02
7.228913e-02
7.282225e-02
7.335541e-02
7.388861e-02
7.442185e-02
7.495513e-02
7.548844e-02
7.602179e-02
7.655518e-02
7.708860e-02
7.762206e-02
7.815555e-02
7.868908e-02
7.922265e-02
7.975625e-02
8.028989e-02
8.082356e-02
8.135726e-02
8.189100e-02
8.242478e-02
8.295858e-02
8.349242e-02
8.402630e-02
8.456020e-02
8.509414e-02
8.562811e-02
8.616212e-02
8.669615e-02
8.723022e-02
8.776432e-02
8.829845e-02
8.883262e-02
8.936681e-02
8.990103e-02
9.043529e-02
9.096957e-02
9.150389e-02
9.203823e-02
9.257261e-02
9.310701e-02
9.364145e-02
9.417591e-02
9.471040e-02
9.524493e-02
9.577948e-02
9.631405e-02
9.684866e-02
9.738330e-02
9.791796e-02
9.845265e-02
9.898737e-02
9.952211e-02
1.000569e-01
1.005917e-01
1.011265e-01
1.016614e-01
1.021962e-01
1.027312e-01
1.032661e-01
1.038010e-01
1.043360e-01
1.048710e-01
1.054061e-01
1.059411e-01
1.064762e-01
1.070113e-01
1.075465e-01
1.080816e-01
1.086168e-01
1.091520e-01
1.096873e-01
1.102225e-01
1.107578e-01
1.112931e-01
1.118284e-01
1.123638e-01
1.128991e-01
1.134345e-01
1.139699e-01
1.145054e-01
1.150408e-01
1.155763e-01
1.161118e-01
1.166474e-01
1.171829e-01
1.177185e-01
1.182541e-01
1.187897e-01
1.193253e-01
1.198609e-01
1.203966e-01
1.209323e-01
1.214680e-01
1.220037e-01
1.225395e-01
1.230752e-01
1.236110e-01
1.241468e-01
1.246826e-01
1.252184e-01
1.257543e-01
1.262901e-01
1.268260e-01
1.273619e-01
1.278978e-01
1.284337e-01
1.289696e-01
1.295055e-01
1.300415e-01
1.305775e-01
1.311134e-01
1.316494e-01
1.321854e-01
1.327214e-01
1.332574e-01
1.337934e-01
1.343295e-01
1.348655e-01
1.354015e-01
1.359376e-01
1.364736e-01
1.370097e-01
1.375457e-01
1.380818e-01
1.386179e-01
1.391539e-01
1.396900e-01
1.402260e-01
1.407621e-01
1.412981e-01
1.418342e-01
1.423702e-01
1.429063e-01
1.434423e-01
1.439783e-01
1.445143e-01
1.450503e-01
1.455863e-01
1.461223e-01
1.466583e-01
1.471942e-01
1.477301e-01
1.482661e-01
1.488019e-01
1.493378e-01
1.498737e-01
1.504095e-01
1.509453e-01
1.514811e-01
1.520168e-01
1.525525e-01
1.530882e-01
1.536238e-01
1.541594e-01
1.546950e-01
1.552306e-01
1.557660e-01
1.563015e-01
1.568369e-01
1.573723e-01
1.579076e-01
1.584429e-01
1.589781e-01
1.595132e-01
1.600484e-01
1.605834e-01
1.611184e-01
1.616533e-01
1.621882e-01
1.627230e-01
1.632577e-01
1.637924e-01
1.643270e-01
1.648615e-01
1.653959e-01
1.659303e-01
1.664646e-01
1.669988e-01
1.675329e-01
1.680669e-01
1.686008e-01
1.691347e-01
1.696684e-01
1.702020e-01
1.707356e-01
1.712690e-01
1.718023e-01
1.723356e-01
1.728687e-01
1.734017e-01
1.739345e-01
1.744673e-01
1.749999e-01
1.755325e-01
1.760648e-01
1.765971e-01
1.771292e-01
1.776612e-01
1.781931e-01
1.787248e-01
1.792563e-01
1.797877e-01
1.803190e-01
1.808501e-01
1.813811e-01
1.819119e-01
1.824425e-01
1.829730e-01
1.835033e-01
1.840334e-01
1.845634e-01
1.850932e-01
1.856228e-01
1.861522e-01
1.866815e-01
1.872106e-01
1.877394e-01
1.882681e-01
1.887966e-01
1.893249e-01
1.898530e-01
1.903808e-01
1.909085e-01
1.914360e-01
1.919632e-01
1.924902e-01
1.930170e-01
1.935436e-01
1.940700e-01
1.945961e-01
1.951220e-01
1.956477e-01
1.961731e-01
1.966983e-01
1.972232e-01
1.977479e-01
1.982724e-01
1.987966e-01
1.993205e-01
1.998442e-01
2.003676e-01
2.008908e-01
2.014137e-01
2.019363e-01
2.024586e-01
2.029807e-01
2.035025e-01
2.040240e-01
2.045452e-01
2.050662e-01
2.055868e-01
2.061072e-01
2.066273e-01
2.071470e-01
2.076665e-01
2.081856e-01
2.087045e-01
2.092230e-01
2.097412e-01
2.102592e-01
2.107768e-01
2.112940e-01
2.118110e-01
2.123276e-01
2.128439e-01
2.133599e-01
2.138755e-01
2.143908e-01
2.149057e-01
2.154203e-01
2.159346e-01
2.164485e-01
2.169620e-01
2.174752e-01
2.179881e-01
2.185006e-01
2.190127e-01
2.195244e-01
2.200358e-01
2.205469e-01
2.210575e-01
2.215678e-01
2.220777e-01
2.225872e-01
2.230963e-01
2.236051e-01
2.241135e-01
2.246214e-01
2.251290e-01
2.256362e-01
2.261430e-01
2.266494e-01
2.271554e-01
2.276610e-01
2.281661e-01
2.286709e-01
2.291753e-01
2.296792e-01
2.301827e-01
2.306858e-01
2.311885e-01
2.316908e-01
2.321926e-01
2.326940e-01
2.331950e-01
2.336955e-01
2.341956e-01
2.346953e-01
2.351945e-01
2.356933e-01
2.361916e-01
2.366895e-01
2.371869e-01
2.376839e-01
2.381805e-01
2.386766e-01
2.391722e-01
2.396674e-01
2.401621e-01
2.406563e-01
2.411501e-01
2.416434e-01
2.421362e-01
2.426286e-01
2.431205e-01
2.436119e-01
2.441028e-01
2.445932e-01
2.450832e-01
2.455727e-01
2.460617e-01
2.465502e-01
2.470382e-01
2.475257e-01
2.480127e-01
2.484993e-01
2.489853e-01
2.494708e-01
2.499559e-01
2.504404e-01
2.509244e-01
2.514079e-01
2.518909e-01
2.523734e-01
2.528553e-01
2.533368e-01
2.538177e-01
2.542981e-01
2.547780e-01
2.552573e-01
2.557362e-01
2.562145e-01
2.566923e-01
2.571695e-01
2.576462e-01
2.581224e-01
2.585980e-01
2.590731e-01
2.595477e-01
2.600217e-01
2.604952e-01
2.609681e-01
2.614405e-01
2.619123e-01
2.623836e-01
2.628543e-01
2.633244e-01
2.637941e-01
2.642631e-01
2.647316e-01
2.651995e-01
2.656669e-01
2.661337e-01
2.665999e-01
2.670656e-01
2.675307e-01
2.679952e-01
2.684591e-01
2.689225e-01
2.693853e-01
2.698475e-01
2.703091e-01
2.707702e-01
2.712306e-01
2.716905e-01
2.721498e-01
2.726085e-01
2.730666e-01
2.735241e-01
2.739811e-01
2.744374e-01
2.748931e-01
2.753483e-01
2.758028e-01
2.762567e-01
2.767100e-01
2.771628e-01
2.776149e-01
2.780664e-01
2.785173e-01
2.789676e-01
2.794173e-01
2.798663e-01
2.803148e-01
2.807626e-01
2.812098e-01
2.816564e-01
2.821024e-01
2.825477e-01
2.829924e-01
2.834365e-01
2.838800e-01
2.843228e-01
2.847650e-01
2.852066e-01
2.856475e-01
2.860878e-01
2.865275e-01
2.869665e-01
2.874049e-01
2.878426e-01
2.882797e-01
2.887162e-01
2.891520e-01
2.895872e-01
2.900217e-01
2.904556e-01
2.908888e-01
2.913214e-01
2.917533e-01
2.921845e-01
2.926151e-01
2.930451e-01
2.934744e-01
2.939030e-01
2.943309e-01
2.947582e-01
2.951849e-01
2.956108e-01
2.960361e-01
2.964608e-01
2.968847e-01
2.973080e-01
2.977306e-01
2.981526e-01
2.985738e-01
2.989944e-01
2.994143e-01
2.998336e-01
3.002521e-01
3.006700e-01
3.010872e-01
3.015037e-01
3.019195e-01
3.023346e-01
3.027491e-01
3.031628e-01
3.035759e-01
3.039883e-01
3.043999e-01
3.048109e-01
3.052212e-01
3.056308e-01
3.060397e-01
3.064479e-01
3.068554e-01
3.072622e-01
3.076683e-01
3.080737e-01
3.084784e-01
3.088823e-01
3.092856e-01
3.096882e-01
3.100900e-01
3.104912e-01
3.108916e-01
3.112913e-01
3.116904e-01
3.120887e-01
3.124862e-01
3.128831e-01
3.132793e-01
3.136747e-01
3.140694e-01
3.144634e-01
3.148567e-01
3.152492e-01
3.156411e-01
3.160322e-01
3.164226e-01
3.168122e-01
3.172012e-01
3.175894e-01
3.179768e-01
3.183636e-01
3.187496e-01
3.191349e-01
3.195195e-01
3.199033e-01
3.202864e-01
3.206688e-01
3.210504e-01
3.214313e-01
3.218115e-01
3.221909e-01
3.225696e-01
3.229475e-01
3.233247e-01
3.237012e-01
3.240769e-01
3.244519e-01
3.248262e-01
3.251997e-01
3.255725e-01
3.259445e-01
3.263158e-01
3.266864e-01
3.270562e-01
3.274252e-01
3.277936e-01
3.281611e-01
3.285280e-01
3.288941e-01
3.292594e-01
3.296240e-01
3.299879e-01
3.303510e-01
3.307133e-01
3.310749e-01
3.314358e-01
3.317959e-01
3.321553e-01
3.325139e-01
3.328718e-01
3.332289e-01
3.335853e-01
3.339410e-01
3.342959e-01
3.346500e-01
3.350034e-01
3.353561e-01
3.357080e-01
3.360591e-01
3.364096e-01
3.367592e-01
3.371082e-01
3.374563e-01
3.378038e-01
3.381505e-01
3.384964e-01
3.388416e-01
3.391861e-01
3.395298e-01
3.398727e-01
3.402150e-01
3.405565e-01
3.408972e-01
3.412372e-01
3.415765e-01
3.419150e-01
3.422528e-01
3.425898e-01
3.429261e-01
3.432617e-01
3.435966e-01
3.439307e-01
3.442640e-01
3.445967e-01
3.449286e-01
3.452598e-01
3.455902e-01
3.459199e-01
3.462489e-01
3.465772e-01
3.469047e-01
3.472315e-01
3.475575e-01
3.478828e-01
3.482074e-01
3.485313e-01
3.488545e-01
3.491769e-01
3.494986e-01
3.498196e-01
3.501399e-01
3.504595e-01
3.507784e-01
3.510965e-01
3.514140e-01
3.517307e-01
3.520468e-01
3.523621e-01
3.526768e-01
3.529907e-01
3.533039e-01
3.536165e-01
3.539283e-01
3.542395e-01
3.545500e-01
3.548597e-01
3.551688e-01
3.554772e-01
3.557850e-01
3.560920e-01
3.563984e-01
3.567041e-01
3.570091e-01
3.573134e-01
3.576171e-01
3.579201e-01
3.582224e-01
3.585241e-01
3.588251e-01
3.591255e-01
3.594251e-01
3.597242e-01
3.600226e-01
3.603203e-01
3.606174e-01
3.609138e-01
3.612096e-01
3.615048e-01
3.617993e-01
3.620932e-01
3.623865e-01
3.626791e-01
3.629711e-01
3.632624e-01
3.635532e-01
3.638433e-01
3.641328e-01
3.644217e-01
3.647100e-01
3.649977e-01
3.652847e-01
3.655712e-01
3.658571e-01
3.661423e-01
3.664270e-01
3.667111e-01
3.669946e-01
3.672774e-01
3.675598e-01
3.678415e-01
3.681226e-01
3.684032e-01
3.686832e-01
3.689627e-01
3.692415e-01
3.695198e-01
3.697976e-01
3.700748e-01
3.703514e-01
3.706275e-01
3.709030e-01
3.711780e-01
3.714524e-01
3.717263e-01
3.719997e-01
3.722725e-01
3.725448e-01
3.728166e-01
3.730878e-01
3.733585e-01
3.736287e-01
3.738984e-01
3.741676e-01
3.744362e-01
3.747044e-01
3.749720e-01
3.752392e-01
3.755058e-01
3.757720e-01
3.760376e-01
3.763028e-01
3.765675e-01
3.768317e-01
3.770954e-01
3.773587e-01
3.776215e-01
3.778838e-01
3.781456e-01
3.784070e-01
3.786679e-01
3.789284e-01
3.791884e-01
3.794480e-01
3.797071e-01
3.799658e-01
3.802240e-01
3.804818e-01
3.807391e-01
3.809960e-01
3.812525e-01
3.815086e-01
3.817642e-01
3.820195e-01
3.822743e-01
3.825287e-01
3.827826e-01
3.830362e-01
3.832894e-01
3.835422e-01
3.837945e-01
3.840465e-01
3.842981e-01
3.845493e-01
3.848001e-01
3.850505e-01
3.853006e-01
3.855503e-01
3.857996e-01
3.860485e-01
3.862971e-01
3.865453e-01
3.867931e-01
3.870406e-01
3.872878e-01
3.875345e-01
3.877810e-01
3.880271e-01
3.882728e-01
3.885182e-01
3.887633e-01
3.890080e-01
3.892525e-01
3.894965e-01
3.897403e-01
3.899838e-01
3.902269e-01
3.904697e-01
3.907122e-01
3.909544e-01
3.911963e-01
3.914378e-01
3.916791e-01
3.919201e-01
3.921608e-01
3.924012e-01
