1.000000e+00
1.000000e+00
1.000000e+00
1.000000e+00
1.000000e+00
1.000000e+00
1.000000e+00
1.000000e+00
1.000000e+00
1.000000e+00
1.000000e+00
1.000000e+00
1.000000e+00
1.000000e+00
1.000000e+00
1.000000e+00
9.999999e-01
9.999992e-01
9.999958e-01
9.999828e-01
9.999414e-01
9.998316e-01
9.995834e-01
9.990960e-01
9.982511e-01
9.969373e-01
9.950765e-01
9.926337e-01
9.896008e-01
9.859531e-01
9.815889e-01
9.762594e-01
9.694828e-01
9.604101e-01
9.475702e-01
9.283260e-01
8.976271e-01
8.451223e-01
7.498900e-01
5.798060e-01
1.000000e+00
1.000000e+00
1.000000e+00
1.000000e+00
1.000000e+00
1.000000e+00
1.000000e+00
1.000000e+00
1.000000e+00
1.000000e+00
1.000000e+00
1.000000e+00
1.000000e+00
1.000000e+00
1.000000e+00
1.000000e+00
9.999999e-01
9.999993e-01
9.999967e-01
9.999875e-01
9.999604e-01
9.998933e-01
9.997470e-01
9.994577e-01
9.989212e-01
9.979706e-01
9.963545e-01
9.937299e-01
9.896703e-01
9.836683e-01
9.751027e-01
9.631470e-01
9.465958e-01
9.235633e-01
8.909612e-01
8.436246e-01
7.731209e-01
6.673926e-01
5.148820e-01
3.135149e-01
1.000000e+00
1.000000e+00
1.000000e+00
1.000000e+00
1.000000e+00
1.000000e+00
1.000000e+00
1.000000e+00
1.000000e+00
1.000000e+00
1.000000e+00
1.000000e+00
1.000000e+00
1.000000e+00
1.000000e+00
1.000000e+00
9.999999e-01
9.999993e-01
9.999970e-01
9.999888e-01
9.999643e-01
9.998972e-01
9.997220e-01
9.992882e-01
9.983017e-01
9.962900e-01
9.926294e-01
9.866197e-01
9.775341e-01
9.645895e-01
9.468244e-01
9.228961e-01
8.908012e-01
8.475171e-01
7.886513e-01
7.084728e-01
6.012485e-01
4.649561e-01
3.065745e-01
1.442870e-01
1.000000e+00
1.000000e+00
1.000000e+00
1.000000e+00
1.000000e+00
1.000000e+00
1.000000e+00
1.000000e+00
1.000000e+00
1.000000e+00
1.000000e+00
1.000000e+00
1.000000e+00
1.000000e+00
1.000000e+00
1.000000e+00
9.999999e-01
9.999992e-01
9.999965e-01
9.999862e-01
9.999490e-01
9.998195e-01
9.994129e-01
9.983217e-01
9.958586e-01
9.911238e-01
9.831621e-01
9.710686e-01
9.539564e-01
9.308076e-01
9.002725e-01
8.604651e-01
8.088214e-01
7.421673e-01
6.572883e-01
5.523474e-01
4.291840e-01
2.957225e-01
1.668220e-01
6.182276e-02
1.000000e+00
1.000000e+00
1.000000e+00
1.000000e+00
1.000000e+00
1.000000e+00
1.000000e+00
1.000000e+00
1.000000e+00
1.000000e+00
1.000000e+00
1.000000e+00
1.000000e+00
1.000000e+00
1.000000e+00
1.000000e+00
9.999998e-01
9.999989e-01
9.999946e-01
9.999746e-01
9.998836e-01
9.995289e-01
9.984233e-01
9.956813e-01
9.901212e-01
9.805265e-01
9.658251e-01
9.450574e-01
9.172066e-01
8.810192e-01
8.348978e-01
7.769394e-01
7.052166e-01
6.184149e-01
5.168663e-01
4.038203e-01
2.864946e-01
1.760676e-01
8.560356e-02
2.576011e-02
1.000000e+00
1.000000e+00
1.000000e+00
1.000000e+00
1.000000e+00
1.000000e+00
1.000000e+00
1.000000e+00
1.000000e+00
1.000000e+00
1.000000e+00
1.000000e+00
1.000000e+00
1.000000e+00
1.000000e+00
9.999999e-01
9.999996e-01
9.999979e-01
9.999884e-01
9.999329e-01
9.996602e-01
9.986527e-01
9.958609e-01
9.898154e-01
9.790174e-01
9.622245e-01
9.384252e-01
9.066473e-01
8.658041e-01
8.146758e-01
7.520567e-01
6.770849e-01
5.897501e-01
4.915402e-01
3.861219e-01
2.797873e-01
1.811613e-01
9.958082e-02
4.213599e-02
1.058771e-02
1.000000e+00
1.000000e+00
1.000000e+00
1.000000e+00
1.000000e+00
1.000000e+00
1.000000e+00
1.000000e+00
1.000000e+00
1.000000e+00
1.000000e+00
1.000000e+00
1.000000e+00
1.000000e+00
1.000000e+00
9.999999e-01
9.999991e-01
9.999950e-01
9.999666e-01
9.997866e-01
9.989664e-01
9.963488e-01
9.901771e-01
9.786362e-01
9.602979e-01
9.341120e-01
8.991810e-01
8.546226e-01
7.996139e-01
7.335879e-01
6.565202e-01
5.692642e-01
4.739172e-01
3.741790e-01
2.755300e-01
1.848729e-01
1.092788e-01
5.391792e-02
2.004193e-02
4.293975e-03
1.000000e+00
1.000000e+00
1.000000e+00
1.000000e+00
1.000000e+00
1.000000e+00
1.000000e+00
1.000000e+00
1.000000e+00
1.000000e+00
1.000000e+00
1.000000e+00
1.000000e+00
1.000000e+00
9.999999e-01
9.999996e-01
9.999973e-01
9.999845e-01
9.998850e-01
9.992968e-01
9.970376e-01
9.910790e-01
9.792420e-01
9.598815e-01
9.319153e-01
8.945414e-01
8.470939e-01
7.891255e-01
7.206126e-01
6.421657e-01
5.552093e-01
4.621613e-01
3.666193e-01
2.734174e-01
1.882786e-01
1.168297e-01
6.308481e-02
2.803640e-02
9.225572e-03
1.710293e-03
1.000000e+00
1.000000e+00
1.000000e+00
1.000000e+00
1.000000e+00
1.000000e+00
1.000000e+00
1.000000e+00
1.000000e+00
1.000000e+00
1.000000e+00
1.000000e+00
1.000000e+00
1.000000e+00
9.999998e-01
9.999983e-01
9.999902e-01
9.999429e-01
9.995804e-01
9.978014e-01
9.923514e-01
9.806278e-01
9.607149e-01
9.314979e-01
8.922875e-01
8.426347e-01
7.824300e-01
7.120967e-01
6.327219e-01
5.461120e-01
4.548521e-01
3.623992e-01
2.730862e-01
1.918107e-01
1.232411e-01
7.065183e-02
3.487597e-02
1.400188e-02
4.102467e-03
6.648993e-04
1.000000e+00
1.000000e+00
1.000000e+00
1.000000e+00
1.000000e+00
1.000000e+00
1.000000e+00
1.000000e+00
1.000000e+00
1.000000e+00
1.000000e+00
1.000000e+00
1.000000e+00
9.999998e-01
9.999987e-01
9.999922e-01
9.999595e-01
9.997693e-01
9.985134e-01
9.938040e-01
9.825566e-01
9.625018e-01
9.324745e-01
8.919123e-01
8.405856e-01
7.786882e-01
7.070107e-01
6.270001e-01
5.407216e-01
4.508417e-01
3.606719e-01
2.741558e-01
1.955991e-01
1.290140e-01
7.718556e-02
4.084670e-02
1.844334e-02
6.703448e-03
1.756241e-03
2.506876e-04
1.000000e+00
1.000000e+00
1.000000e+00
1.000000e+00
1.000000e+00
1.000000e+00
1.000000e+00
1.000000e+00
1.000000e+00
1.000000e+00
1.000000e+00
1.000000e+00
9.999998e-01
9.999987e-01
9.999925e-01
9.999612e-01
9.998284e-01
9.990558e-01
9.952352e-01
9.847636e-01
9.649266e-01
9.344620e-01
8.929270e-01
8.403141e-01
7.771045e-01
7.044052e-01
6.239452e-01
5.379675e-01
4.491664e-01
3.607112e-01
2.762351e-01
1.996067e-01
1.343769e-01
8.299999e-02
4.615087e-02
2.252676e-02
9.306266e-03
3.066667e-03
7.206250e-04
9.108689e-05
1.000000e+00
1.000000e+00
1.000000e+00
1.000000e+00
1.000000e+00
1.000000e+00
1.000000e+00
1.000000e+00
1.000000e+00
1.000000e+00
1.000000e+00
9.999997e-01
9.999983e-01
9.999907e-01
9.999553e-01
9.998118e-01
9.993067e-01
9.964538e-01
9.869357e-01
9.675775e-01
9.370062e-01
8.948355e-01
8.412367e-01
7.769676e-01
7.034410e-01
6.226341e-01
5.369211e-01
4.489887e-01
3.618638e-01
2.789201e-01
2.036902e-01
1.393902e-01
8.824730e-02
5.090901e-02
2.626231e-02
1.181297e-02
4.464851e-03
1.335141e-03
2.820315e-04
3.169773e-05
1.000000e+00
1.000000e+00
1.000000e+00
1.000000e+00
1.000000e+00
1.000000e+00
1.000000e+00
1.000000e+00
1.000000e+00
9.999999e-01
9.999993e-01
9.999968e-01
9.999852e-01
9.999369e-01
9.997565e-01
9.991599e-01
9.974468e-01
9.888594e-01
9.698685e-01
9.393073e-01
8.968118e-01
8.425617e-01
7.774868e-01
7.032892e-01
6.222045e-01
5.367337e-01
4.495415e-01
3.635109e-01
2.817863e-01
2.076279e-01
1.439983e-01
9.296529e-02
5.517027e-02
2.965261e-02
1.416756e-02
5.866681e-03
2.028048e-03
5.506284e-04
1.047322e-04
1.049978e-05
1.000000e+00
1.000000e+00
1.000000e+00
1.000000e+00
1.000000e+00
1.000000e+00
1.000000e+00
9.999999e-01
9.999995e-01
9.999980e-01
9.999923e-01
9.999707e-01
9.998931e-01
9.996348e-01
9.988502e-01
9.967035e-01
9.915597e-01
9.714262e-01
9.400216e-01
8.970424e-01
8.424681e-01
7.770707e-01
7.026189e-01
6.215343e-01
5.364476e-01
4.500202e-01
3.650122e-01
2.843701e-01
2.111300e-01
1.480572e-01
9.710494e-02
5.892271e-02
3.267814e-02
1.632555e-02
7.212182e-03
2.746407e-03
8.679331e-04
2.140192e-04
3.670108e-05
3.290375e-06
1.000000e+00
1.000000e+00
1.000000e+00
1.000000e+00
9.999999e-01
9.999997e-01
9.999993e-01
9.999978e-01
9.999933e-01
9.999787e-01
9.999325e-01
9.997908e-01
9.993790e-01
9.982660e-01
9.954996e-01
9.891294e-01
9.692784e-01
9.367948e-01
8.926026e-01
8.376614e-01
7.726166e-01
6.988887e-01
6.187051e-01
5.346565e-01
4.493930e-01
3.656111e-01
2.861322e-01
2.138365e-01
1.513491e-01
1.005479e-01
6.210249e-02
3.529314e-02
1.823992e-02
8.451541e-03
3.446633e-03
1.205631e-03
3.481275e-04
7.797532e-05
1.206774e-05
9.695005e-07
9.999999e-01
9.999998e-01
9.999997e-01
9.999994e-01
9.999986e-01
9.999965e-01
9.999912e-01
9.999767e-01
9.999373e-01
9.998311e-01
9.995506e-01
9.988404e-01
9.971440e-01
9.933941e-01
9.858742e-01
9.724823e-01
9.356007e-01
8.881403e-01
8.309678e-01
7.650736e-01
6.917391e-01
6.127523e-01
5.302828e-01
4.467026e-01
3.645407e-01
2.864960e-01
2.153380e-01
1.536016e-01
1.031234e-01
6.460426e-02
3.742725e-02
1.985569e-02
9.537680e-03
4.090479e-03
1.537533e-03
4.935193e-04
1.301366e-04
2.647960e-05
3.701570e-06
2.669348e-07
9.999992e-01
9.999985e-01
9.999970e-01
9.999936e-01
9.999857e-01
9.999672e-01
9.999230e-01
9.998177e-01
9.995696e-01
9.989982e-01
9.977264e-01
9.950272e-01
9.896455e-01
9.797320e-01
9.631588e-01
9.384860e-01
8.858831e-01
8.248835e-01
7.567518e-01
6.828219e-01
6.045276e-01
5.235222e-01
4.417403e-01
3.614142e-01
2.850482e-01
2.152756e-01
1.545392e-01
1.046372e-01
6.629769e-02
3.899266e-02
2.111040e-02
1.042358e-02
4.642736e-03
1.839577e-03
6.364258e-04
1.872712e-04
4.507499e-05
8.332651e-06
1.052899e-06
6.825703e-08
9.999948e-01
9.999895e-01
9.999778e-01
9.999519e-01
9.998949e-01
9.997704e-01
9.995029e-01
9.989404e-01
9.977898e-01
9.955154e-01
9.912051e-01
9.834508e-01
9.703558e-01
9.498458e-01
9.203869e-01
8.819014e-01
8.171340e-01
7.465952e-01
6.717528e-01
5.938840e-01
5.142286e-01
4.342813e-01
3.559378e-01
2.814704e-01
2.133509e-01
1.539126e-01
1.048992e-01
6.704703e-02
3.989556e-02
2.193908e-02
1.106333e-02
5.070939e-03
2.089962e-03
7.638085e-04
2.429201e-04
6.547604e-05
1.438024e-05
2.415563e-06
2.760997e-07
1.611242e-08
9.999751e-01
9.999448e-01
9.998742e-01
9.997220e-01
9.994071e-01
9.987794e-01
9.975747e-01
9.953495e-01
9.913970e-01
9.846619e-01
9.736985e-01
9.567545e-01
9.320763e-01
8.984475e-01
8.557260e-01
8.049370e-01
7.330637e-01
6.577633e-01
5.804171e-01
5.021230e-01
4.240738e-01
3.478594e-01
2.755129e-01
2.093311e-01
1.515208e-01
1.037489e-01
6.673249e-02
4.005089e-02
2.228271e-02
1.141610e-02
5.346950e-03
2.269940e-03
8.641473e-04
2.908996e-04
8.496587e-05
2.096536e-05
4.200773e-06
6.413682e-07
6.636482e-08
3.490997e-09
9.999032e-01
9.997654e-01
9.994420e-01
9.987290e-01
9.973903e-01
9.949943e-01
9.909318e-01
9.843687e-01
9.742220e-01
9.591846e-01
9.378460e-01
9.089532e-01
8.717757e-01
8.263851e-01
7.736050e-01
7.145873e-01
6.399003e-01
5.635705e-01
4.868358e-01
4.108272e-01
3.369333e-01
2.669668e-01
2.030403e-01
1.472196e-01
1.010726e-01
6.526890e-02
3.939750e-02
2.209845e-02
1.145197e-02
5.449908e-03
2.365288e-03
9.283355e-04
3.259780e-04
1.009715e-04
2.706588e-05
6.111882e-06
1.117290e-06
1.551203e-07
1.454374e-08
6.905833e-10
9.996667e-01
9.991298e-01
9.979617e-01
9.954759e-01
9.909403e-01
9.839918e-01
9.736507e-01
9.589948e-01
9.390611e-01
9.129391e-01
8.799378e-01
8.397764e-01
7.926889e-01
7.393461e-01
6.806217e-01
6.173173e-01
5.427895e-01
4.680395e-01
3.943190e-01
3.229812e-01
2.556863e-01
1.943668e-01
1.409287e-01
9.681585e-02
6.262009e-02
3.791131e-02
2.136946e-02
1.115825e-02
5.369737e-03
2.368125e-03
9.506620e-04
3.444813e-04
1.114606e-04
3.174630e-05
7.807013e-06
1.613324e-06
2.691634e-07
3.400517e-08
2.892067e-09
1.241511e-10
9.990132e-01
9.972911e-01
9.937859e-01
9.870223e-01
9.750850e-01
9.594924e-01
9.391450e-01
9.135207e-01
8.823084e-01
8.453382e-01
8.026379e-01
7.544656e-01
7.012841e-01
6.436795e-01
5.822666e-01
5.176264e-01
4.454340e-01
3.744002e-01
3.059361e-01
2.416427e-01
1.833058e-01
1.326620e-01
9.100392e-02
5.881482e-02
3.561752e-02
2.011364e-02
1.054502e-02
5.110318e-03
2.278578e-03
9.296734e-04
3.447801e-04
1.152442e-04
3.434016e-05
8.991212e-06
2.028562e-06
3.837509e-07
5.846892e-08
6.728307e-09
5.197715e-10
2.020794e-11
9.975653e-01
9.931880e-01
9.847360e-01
9.689935e-01
9.443063e-01
9.168377e-01
8.845776e-01
8.477866e-01
8.067264e-01
7.615783e-01
7.125057e-01
6.597223e-01
6.035285e-01
5.443188e-01
4.825842e-01
4.189389e-01
3.510555e-01
2.858692e-01
2.249555e-01
1.699924e-01
1.225537e-01
8.376076e-02
5.395900e-02
3.259857e-02
1.838864e-02
9.648070e-03
4.691100e-03
2.105592e-03
8.685865e-04
3.275315e-04
1.121414e-04
3.456371e-05
9.483947e-06
2.283080e-06
4.727761e-07
8.193052e-08
1.141125e-08
1.197656e-09
8.417745e-11
2.969932e-12
9.949990e-01
9.859413e-01
9.688520e-01
9.362397e-01
8.972520e-01
8.567541e-01
8.132479e-01
7.672687e-01
7.190544e-01
6.686123e-01
6.158905e-01
5.609083e-01
5.038275e-01
4.449892e-01
3.849451e-01
3.245048e-01
2.629973e-01
2.058668e-01
1.546850e-01
1.108577e-01
7.531559e-02
4.824224e-02
2.899778e-02
1.629306e-02
8.528885e-03
4.146613e-03
1.866480e-03
7.750144e-04
2.955666e-04
1.029677e-04
3.254385e-05
9.250437e-06
2.338193e-06
5.178369e-07
9.850527e-08
1.565504e-08
1.995925e-09
1.913710e-10
1.226155e-11
3.934871e-13
9.912434e-01
9.752233e-01
9.429294e-01
8.895379e-01
8.374866e-01
7.848558e-01
7.318953e-01
6.788701e-01
6.256367e-01
5.718757e-01
5.173097e-01
4.618352e-01
4.055888e-01
3.489812e-01
2.927220e-01
2.378433e-01
1.848640e-01
1.378315e-01
9.797376e-02
6.600836e-02
4.193479e-02
2.501345e-02
1.396038e-02
7.269668e-03
3.523073e-03
1.584871e-03
6.598630e-04
2.533703e-04
8.932646e-05
2.875529e-05
8.393171e-06
2.201584e-06
5.130597e-07
1.046444e-07
1.830890e-08
2.672436e-09
3.124284e-10
2.742071e-11
1.605236e-12
4.697557e-14
9.863971e-01
9.606006e-01
9.033445e-01
8.359737e-01
7.705222e-01
7.070094e-01
6.459857e-01
5.873189e-01
5.304590e-01
4.747930e-01
4.198766e-01
3.655514e-01
3.119906e-01
2.597090e-01
2.095493e-01
1.626417e-01
1.200677e-01
8.444206e-02
5.626988e-02
3.536101e-02
2.087484e-02
1.154135e-02
5.962000e-03
2.871694e-03
1.287065e-03
5.354921e-04
2.062242e-04
7.324670e-05
2.388506e-05
7.110153e-06
1.918362e-06
4.648741e-07
1.000091e-07
1.881306e-08
3.032527e-09
4.072947e-10
4.375317e-11
3.523232e-12
1.889331e-13
5.056163e-15
9.804297e-01
9.362703e-01
8.578020e-01
7.771026e-01
6.989400e-01
6.255861e-01
5.576634e-01
4.946608e-01
4.356361e-01
3.796989e-01
3.262582e-01
2.751127e-01
2.264555e-01
1.808309e-01
1.390520e-01
1.020729e-01
7.084803e-02
4.656390e-02
2.886178e-02
1.681561e-02
9.185222e-03
4.694478e-03
2.241260e-03
9.979463e-04
4.136425e-04
1.592334e-04
5.676041e-05
1.866514e-05
5.635729e-06
1.553292e-06
3.879258e-07
8.697917e-08
1.730312e-08
3.007603e-09
4.475541e-10
5.543325e-11
5.485013e-12
4.063074e-13
2.001562e-14
4.913663e-16
9.713726e-01
8.996861e-01
8.058123e-01
7.107893e-01
6.210390e-01
5.396037e-01
4.668366e-01
4.017025e-01
3.428113e-01
2.889826e-01
2.394673e-01
1.939789e-01
1.526279e-01
1.158055e-01
8.403021e-02
5.776503e-02
3.734326e-02
2.276110e-02
1.304869e-02
7.022021e-03
3.541336e-03
1.671473e-03
7.374179e-04
3.036586e-04
1.164962e-04
4.153752e-05
1.372215e-05
4.183651e-06
1.171449e-06
2.994330e-07
6.934537e-08
1.441388e-08
2.656993e-09
4.276839e-10
5.889215e-11
6.743845e-12
6.163198e-13
4.212097e-14
1.912136e-15
4.320457e-17
9.508431e-01
8.510935e-01
7.399346e-01
6.315263e-01
5.331964e-01
4.474087e-01
3.735747e-01
3.098939e-01
2.544840e-01
2.058765e-01
1.631355e-01
1.257943e-01
9.371379e-02
6.691176e-02
4.538781e-02
2.897146e-02
1.731391e-02
9.735903e-03
5.146007e-03
2.553732e-03
1.188516e-03
5.182145e-04
2.114460e-04
8.062043e-05
2.866803e-05
9.482835e-06
2.908291e-06
8.235991e-07
2.142772e-07
5.089973e-08
1.095452e-08
2.115649e-09
3.622420e-10
5.413439e-11
6.916518e-12
7.343500e-13
6.217374e-14
3.932841e-15
1.650845e-16
3.445468e-18
9.041027e-01
7.782402e-01
6.508345e-01
5.341870e-01
4.336951e-01
3.497242e-01
2.802440e-01
2.226440e-01
1.746192e-01
1.344493e-01
1.009731e-01
7.344027e-02
5.133161e-02
3.419471e-02
2.152012e-02
1.267847e-02
6.971093e-03
3.607145e-03
1.756082e-03
8.036790e-04
3.454330e-04
1.393064e-04
5.265077e-05
1.862029e-05
6.148853e-06
1.890708e-06
5.394656e-07
1.422157e-07
3.445883e-08
7.625098e-09
1.528870e-09
2.750696e-10
4.386635e-11
6.103693e-12
7.257596e-13
7.167125e-14
5.640195e-15
3.313695e-16
1.290855e-17
2.498110e-19
8.101827e-01
6.663158e-01
5.332046e-01
4.193043e-01
3.261156e-01
2.515464e-01
1.923399e-01
1.453557e-01
1.080522e-01
7.853761e-02
5.543910e-02
3.772682e-02
2.455783e-02
1.516694e-02
8.813198e-03
4.777606e-03
2.411963e-03
1.147998e-03
5.150690e-04
2.176468e-04
8.653144e-05
3.233663e-05
1.134407e-05
3.729448e-06
1.146335e-06
3.284538e-07
8.740375e-08
2.150459e-08
4.865475e-09
1.005687e-09
1.883930e-10
3.166906e-11
4.718291e-12
6.132161e-13
6.808294e-14
6.275191e-15
4.606651e-16
2.523206e-17
9.157582e-19
1.649957e-20
6.578935e-01
5.156655e-01
3.944294e-01
2.966034e-01
2.202512e-01
1.617503e-01
1.173408e-01
8.380773e-02
5.864307e-02
3.996124e-02
2.634064e-02
1.667410e-02
1.006025e-02
5.740633e-03
3.073899e-03
1.532537e-03
7.104952e-04
3.114100e-04
1.289776e-04
5.041941e-05
1.858269e-05
6.450154e-06
2.105572e-06
6.451618e-07
1.850796e-07
4.955059e-08
1.233237e-08
2.840027e-09
6.017961e-10
1.165492e-10
2.046254e-11
3.224362e-12
4.503161e-13
5.485663e-14
5.707528e-15
4.928332e-16
3.388080e-17
1.737070e-18
5.898172e-20
9.936608e-22
4.641267e-01
3.479022e-01
2.545799e-01
1.827950e-01
1.291940e-01
8.995266e-02
6.161205e-02
4.137799e-02
2.711933e-02
1.724684e-02
1.057493e-02
6.208727e-03
3.465629e-03
1.825781e-03
9.012064e-04
4.137891e-04
1.764566e-04
7.137493e-05
2.735326e-05
9.917026e-06
3.397348e-06
1.098390e-06
3.346098e-07
9.584062e-08
2.573833e-08
6.458659e-09
1.508184e-09
3.261426e-10
6.493855e-11
1.182377e-11
1.952381e-12
2.894114e-13
3.802873e-14
4.358659e-15
4.266421e-16
3.465212e-17
2.240190e-18
1.079710e-19
3.445068e-21
5.451582e-23
2.717026e-01
1.962739e-01
1.377467e-01
9.441329e-02
6.339912e-02
4.174735e-02
2.692551e-02
1.695989e-02
1.038847e-02
6.155503e-03
3.507273e-03
1.909317e-03
9.864444e-04
4.803723e-04
2.189878e-04
9.282995e-05
3.651052e-05
1.366801e-05
4.860810e-06
1.639331e-06
5.236229e-07
1.581889e-07
4.511887e-08
1.212066e-08
3.057506e-09
7.215996e-10
1.586514e-10
3.233129e-11
6.071073e-12
1.043097e-12
1.626071e-13
2.276378e-14
2.825479e-15
3.059404e-16
2.829181e-17
2.170760e-18
1.325531e-19
6.033143e-21
1.817400e-22
2.714287e-24
1.255365e-01
8.835352e-02
5.978339e-02
3.920950e-02
2.504027e-02
1.559923e-02
9.475059e-03
5.598713e-03
3.206473e-03
1.771552e-03
9.390683e-04
4.747521e-04
2.274777e-04
1.026426e-04
4.333663e-05
1.701438e-05
6.193100e-06
2.153047e-06
7.129517e-07
2.244411e-07
6.707878e-08
1.900409e-08
5.093433e-09
1.288048e-09
3.063357e-10
6.825378e-11
1.418293e-11
2.734343e-12
4.861306e-13
7.913332e-14
1.169383e-14
1.552487e-15
1.828014e-16
1.878113e-17
1.648152e-18
1.200099e-19
6.954228e-21
3.003400e-22
8.583461e-24
1.215967e-25
4.361365e-02
3.028310e-02
1.991219e-02
1.256169e-02
7.657506e-03
4.525832e-03
2.595165e-03
1.441738e-03
7.737395e-04
3.995083e-04
1.974956e-04
9.296569e-05
4.142909e-05
1.737493e-05
6.817119e-06
2.487937e-06
8.414957e-07
2.727261e-07
8.440954e-08
2.490048e-08
6.990955e-09
1.864783e-09
4.715243e-10
1.126984e-10
2.537214e-11
5.358616e-12
1.056744e-12
1.935417e-13
3.271661e-14
5.067424e-15
7.129567e-16
9.016361e-17
1.011703e-17
9.908271e-19
8.290305e-20
5.756355e-21
3.181011e-22
1.310134e-23
3.570489e-25
4.822860e-27
1.090284e-02
7.548535e-03
4.863207e-03
2.969524e-03
1.736329e-03
9.774990e-04
5.309606e-04
2.782017e-04
1.403258e-04
6.791443e-05
3.140475e-05
1.380772e-05
5.741907e-06
2.246134e-06
8.220545e-07
2.800042e-07
8.840432e-08
2.682349e-08
7.792518e-09
2.163402e-09
5.730426e-10
1.445367e-10
3.462826e-11
7.856004e-12
1.681467e-12
3.380934e-13
6.355300e-14
1.110669e-14
1.793173e-15
2.654787e-16
3.572637e-17
4.324037e-18
4.645692e-19
4.358154e-20
3.493936e-21
2.325043e-22
1.231563e-23
4.862474e-25
1.270386e-26
1.645033e-28
1.860034e-03
1.291762e-03
8.204007e-04
4.874244e-04
2.745869e-04
1.478065e-04
7.631478e-05
3.783415e-05
1.799292e-05
8.188429e-06
3.553512e-06
1.464308e-06
5.702806e-07
2.088800e-07
7.160149e-08
2.286103e-08
6.770736e-09
1.932119e-09
5.293102e-10
1.389441e-10
3.488370e-11
8.358065e-12
1.905960e-12
4.123030e-13
8.428081e-14
1.620764e-14
2.917479e-15
4.887943e-16
7.572786e-17
1.076773e-17
1.392726e-18
1.621159e-19
1.676038e-20
1.513681e-21
1.168725e-22
7.492560e-24
3.824412e-25
1.455304e-26
3.665017e-28
4.574997e-30
1.958856e-04
1.366435e-04
8.580167e-05
4.976052e-05
2.709114e-05
1.398479e-05
6.883374e-06
3.238383e-06
1.456473e-06
6.252567e-07
2.555075e-07
9.903421e-08
3.625977e-08
1.248628e-08
4.026261e-09
1.210546e-09
3.380493e-10
9.117469e-11
2.367205e-11
5.904608e-12
1.411980e-12
3.229207e-13
7.042562e-14
1.459576e-14
2.863039e-15
5.290948e-16
9.164283e-17
1.479087e-17
2.209754e-18
3.032669e-19
3.789002e-20
4.263315e-21
4.263189e-22
3.726029e-23
2.785387e-24
1.729558e-25
8.553498e-27
3.154444e-28
7.700619e-30
9.319406e-32
9.715774e-06
6.796291e-06
4.220072e-06
2.391558e-06
1.260286e-06
6.250837e-07
2.939488e-07
1.315641e-07
5.611586e-08
2.279531e-08
8.801474e-09
3.220685e-09
1.113016e-09
3.618779e-10
1.102669e-10
3.136987e-11
8.303046e-12
2.127696e-12
5.263145e-13
1.253930e-13
2.870575e-14
6.297757e-15
1.320039e-15
2.633915e-16
4.982134e-17
8.891405e-18
1.489227e-18
2.327024e-19
3.369463e-20
4.486077e-21
5.442038e-22
5.949895e-23
5.785166e-24
4.919354e-25
3.579806e-26
2.164832e-27
1.043095e-28
3.749243e-30
8.923012e-32
1.053026e-33
