2.019160e+06
2.017954e+06
2.017222e+06
2.016712e+06
2.016323e+06
2.016009e+06
2.015743e+06
2.015512e+06
2.015306e+06
2.015119e+06
2.014947e+06
2.014786e+06
2.014634e+06
2.014489e+06
2.014349e+06
2.014212e+06
2.014078e+06
2.013945e+06
2.013811e+06
2.013677e+06
2.013539e+06
2.013398e+06
2.013252e+06
2.013099e+06
2.012937e+06
2.012764e+06
2.012576e+06
2.012370e+06
2.012142e+06
2.011885e+06
2.011593e+06
2.011256e+06
2.010863e+06
2.010397e+06
2.009832e+06
2.009131e+06
2.008225e+06
2.006984e+06
2.005122e+06
2.001906e+06
2.017601e+06
2.017123e+06
2.016643e+06
2.016235e+06
2.015894e+06
2.015604e+06
2.015353e+06
2.015131e+06
2.014931e+06
2.014749e+06
2.014580e+06
2.014421e+06
2.014271e+06
2.014128e+06
2.013989e+06
2.013854e+06
2.013721e+06
2.013589e+06
2.013457e+06
2.013323e+06
2.013187e+06
2.013048e+06
2.012903e+06
2.012751e+06
2.012591e+06
2.012419e+06
2.012233e+06
2.012030e+06
2.011803e+06
2.011549e+06
2.011259e+06
2.010927e+06
2.010540e+06
2.010086e+06
2.009545e+06
2.008890e+06
2.008085e+06
2.007082e+06
2.005856e+06
2.004589e+06
2.016519e+06
2.016294e+06
2.015994e+06
2.015692e+06
2.015413e+06
2.015160e+06
2.014933e+06
2.014727e+06
2.014539e+06
2.014365e+06
2.014202e+06
2.014048e+06
2.013902e+06
2.013762e+06
2.013626e+06
2.013494e+06
2.013363e+06
2.013233e+06
2.013104e+06
2.012972e+06
2.012839e+06
2.012702e+06
2.012560e+06
2.012412e+06
2.012255e+06
2.012087e+06
2.011906e+06
2.011706e+06
2.011483e+06
2.011233e+06
2.010949e+06
2.010626e+06
2.010253e+06
2.009824e+06
2.009325e+06
2.008745e+06
2.008076e+06
2.007325e+06
2.006554e+06
2.005961e+06
2.015664e+06
2.015539e+06
2.015345e+06
2.015126e+06
2.014904e+06
2.014692e+06
2.014493e+06
2.014306e+06
2.014132e+06
2.013969e+06
2.013815e+06
2.013668e+06
2.013528e+06
2.013392e+06
2.013260e+06
2.013132e+06
2.013004e+06
2.012878e+06
2.012752e+06
2.012624e+06
2.012494e+06
2.012361e+06
2.012224e+06
2.012080e+06
2.011928e+06
2.011765e+06
2.011588e+06
2.011392e+06
2.011174e+06
2.010929e+06
2.010653e+06
2.010341e+06
2.009987e+06
2.009588e+06
2.009139e+06
2.008641e+06
2.008102e+06
2.007551e+06
2.007053e+06
2.006729e+06
2.014932e+06
2.014855e+06
2.014723e+06
2.014561e+06
2.014387e+06
2.014211e+06
2.014039e+06
2.013873e+06
2.013715e+06
2.013564e+06
2.013420e+06
2.013282e+06
2.013148e+06
2.013018e+06
2.012892e+06
2.012767e+06
2.012645e+06
2.012523e+06
2.012401e+06
2.012277e+06
2.012153e+06
2.012025e+06
2.011893e+06
2.011754e+06
2.011608e+06
2.011449e+06
2.011275e+06
2.011083e+06
2.010869e+06
2.010629e+06
2.010360e+06
2.010061e+06
2.009729e+06
2.009363e+06
2.008966e+06
2.008545e+06
2.008115e+06
2.007708e+06
2.007370e+06
2.007171e+06
2.014277e+06
2.014225e+06
2.014131e+06
2.014009e+06
2.013871e+06
2.013725e+06
2.013578e+06
2.013433e+06
2.013291e+06
2.013153e+06
2.013020e+06
2.012890e+06
2.012764e+06
2.012641e+06
2.012521e+06
2.012402e+06
2.012285e+06
2.012168e+06
2.012051e+06
2.011933e+06
2.011814e+06
2.011692e+06
2.011565e+06
2.011432e+06
2.011290e+06
2.011134e+06
2.010963e+06
2.010772e+06
2.010561e+06
2.010325e+06
2.010065e+06
2.009780e+06
2.009470e+06
2.009138e+06
2.008791e+06
2.008438e+06
2.008095e+06
2.007787e+06
2.007546e+06
2.007412e+06
2.013675e+06
2.013637e+06
2.013567e+06
2.013473e+06
2.013362e+06
2.013242e+06
2.013116e+06
2.012989e+06
2.012863e+06
2.012738e+06
2.012615e+06
2.012495e+06
2.012377e+06
2.012262e+06
2.012148e+06
2.012035e+06
2.011924e+06
2.011813e+06
2.011702e+06
2.011590e+06
2.011477e+06
2.011361e+06
2.011240e+06
2.011111e+06
2.010971e+06
2.010816e+06
2.010645e+06
2.010455e+06
2.010245e+06
2.010014e+06
2.009763e+06
2.009493e+06
2.009206e+06
2.008909e+06
2.008607e+06
2.008310e+06
2.008033e+06
2.007794e+06
2.007615e+06
2.007518e+06
2.013110e+06
2.013082e+06
2.013028e+06
2.012953e+06
2.012863e+06
2.012763e+06
2.012656e+06
2.012545e+06
2.012433e+06
2.012320e+06
2.012208e+06
2.012098e+06
2.011988e+06
2.011880e+06
2.011773e+06
2.011668e+06
2.011562e+06
2.011458e+06
2.011353e+06
2.011248e+06
2.011141e+06
2.011030e+06
2.010913e+06
2.010786e+06
2.010646e+06
2.010490e+06
2.010318e+06
2.010128e+06
2.009919e+06
2.009693e+06
2.009452e+06
2.009198e+06
2.008936e+06
2.008670e+06
2.008407e+06
2.008157e+06
2.007929e+06
2.007739e+06
2.007601e+06
2.007528e+06
2.012574e+06
2.012552e+06
2.012509e+06
2.012449e+06
2.012375e+06
2.012290e+06
2.012199e+06
2.012102e+06
2.012003e+06
2.011902e+06
2.011800e+06
2.011699e+06
2.011598e+06
2.011498e+06
2.011398e+06
2.011299e+06
2.011201e+06
2.011103e+06
2.011005e+06
2.010906e+06
2.010804e+06
2.010697e+06
2.010582e+06
2.010454e+06
2.010312e+06
2.010153e+06
2.009979e+06
2.009787e+06
2.009581e+06
2.009362e+06
2.009132e+06
2.008896e+06
2.008656e+06
2.008419e+06
2.008189e+06
2.007976e+06
2.007787e+06
2.007632e+06
2.007522e+06
2.007464e+06
2.012061e+06
2.012043e+06
2.012008e+06
2.011958e+06
2.011897e+06
2.011825e+06
2.011746e+06
2.011662e+06
2.011574e+06
2.011484e+06
2.011392e+06
2.011300e+06
2.011207e+06
2.011115e+06
2.011022e+06
2.010930e+06
2.010839e+06
2.010748e+06
2.010656e+06
2.010563e+06
2.010465e+06
2.010359e+06
2.010242e+06
2.010111e+06
2.009965e+06
2.009803e+06
2.009625e+06
2.009435e+06
2.009232e+06
2.009021e+06
2.008804e+06
2.008584e+06
2.008366e+06
2.008153e+06
2.007952e+06
2.007768e+06
2.007608e+06
2.007479e+06
2.007389e+06
2.007342e+06
2.011565e+06
2.011550e+06
2.011521e+06
2.011480e+06
2.011428e+06
2.011368e+06
2.011300e+06
2.011226e+06
2.011148e+06
2.011068e+06
2.010985e+06
2.010901e+06
2.010816e+06
2.010731e+06
2.010646e+06
2.010561e+06
2.010476e+06
2.010392e+06
2.010307e+06
2.010217e+06
2.010120e+06
2.010012e+06
2.009891e+06
2.009755e+06
2.009603e+06
2.009437e+06
2.009258e+06
2.009069e+06
2.008872e+06
2.008670e+06
2.008465e+06
2.008262e+06
2.008063e+06
2.007872e+06
2.007694e+06
2.007534e+06
2.007397e+06
2.007288e+06
2.007213e+06
2.007174e+06
2.011083e+06
2.011071e+06
2.011047e+06
2.011013e+06
2.010969e+06
2.010917e+06
2.010858e+06
2.010794e+06
2.010725e+06
2.010654e+06
2.010579e+06
2.010503e+06
2.010426e+06
2.010348e+06
2.010269e+06
2.010191e+06
2.010113e+06
2.010035e+06
2.009954e+06
2.009865e+06
2.009766e+06
2.009653e+06
2.009525e+06
2.009382e+06
2.009226e+06
2.009057e+06
2.008878e+06
2.008693e+06
2.008502e+06
2.008309e+06
2.008117e+06
2.007929e+06
2.007747e+06
2.007575e+06
2.007417e+06
2.007276e+06
2.007158e+06
2.007064e+06
2.007000e+06
2.006967e+06
2.010614e+06
2.010604e+06
2.010584e+06
2.010555e+06
2.010518e+06
2.010473e+06
2.010422e+06
2.010366e+06
2.010306e+06
2.010242e+06
2.010175e+06
2.010106e+06
2.010036e+06
2.009965e+06
2.009893e+06
2.009821e+06
2.009749e+06
2.009676e+06
2.009595e+06
2.009503e+06
2.009397e+06
2.009277e+06
2.009142e+06
2.008993e+06
2.008833e+06
2.008663e+06
2.008486e+06
2.008305e+06
2.008122e+06
2.007939e+06
2.007759e+06
2.007585e+06
2.007418e+06
2.007263e+06
2.007121e+06
2.006997e+06
2.006892e+06
2.006811e+06
2.006756e+06
2.006727e+06
2.010155e+06
2.010147e+06
2.010130e+06
2.010106e+06
2.010074e+06
2.010036e+06
2.009992e+06
2.009943e+06
2.009890e+06
2.009833e+06
2.009773e+06
2.009711e+06
2.009647e+06
2.009582e+06
2.009516e+06
2.009450e+06
2.009383e+06
2.009311e+06
2.009226e+06
2.009126e+06
2.009012e+06
2.008884e+06
2.008742e+06
2.008588e+06
2.008426e+06
2.008257e+06
2.008083e+06
2.007908e+06
2.007732e+06
2.007559e+06
2.007391e+06
2.007229e+06
2.007076e+06
2.006935e+06
2.006808e+06
2.006697e+06
2.006604e+06
2.006533e+06
2.006484e+06
2.006459e+06
2.009705e+06
2.009698e+06
2.009684e+06
2.009663e+06
2.009636e+06
2.009604e+06
2.009566e+06
2.009524e+06
2.009477e+06
2.009427e+06
2.009373e+06
2.009318e+06
2.009260e+06
2.009200e+06
2.009139e+06
2.009077e+06
2.009015e+06
2.008934e+06
2.008840e+06
2.008731e+06
2.008608e+06
2.008472e+06
2.008325e+06
2.008168e+06
2.008006e+06
2.007839e+06
2.007670e+06
2.007501e+06
2.007333e+06
2.007170e+06
2.007012e+06
2.006862e+06
2.006722e+06
2.006593e+06
2.006477e+06
2.006378e+06
2.006295e+06
2.006231e+06
2.006188e+06
2.006166e+06
2.009261e+06
2.009256e+06
2.009244e+06
2.009227e+06
2.009205e+06
2.009177e+06
2.009145e+06
2.009108e+06
2.009068e+06
2.009024e+06
2.008976e+06
2.008926e+06
2.008873e+06
2.008818e+06
2.008759e+06
2.008696e+06
2.008626e+06
2.008539e+06
2.008435e+06
2.008317e+06
2.008185e+06
2.008043e+06
2.007892e+06
2.007735e+06
2.007574e+06
2.007410e+06
2.007247e+06
2.007084e+06
2.006925e+06
2.006771e+06
2.006624e+06
2.006484e+06
2.006355e+06
2.006237e+06
2.006132e+06
2.006041e+06
2.005967e+06
2.005910e+06
2.005871e+06
2.005851e+06
2.008824e+06
2.008819e+06
2.008810e+06
2.008796e+06
2.008778e+06
2.008755e+06
2.008728e+06
2.008697e+06
2.008662e+06
2.008624e+06
2.008582e+06
2.008536e+06
2.008487e+06
2.008433e+06
2.008374e+06
2.008305e+06
2.008224e+06
2.008125e+06
2.008010e+06
2.007883e+06
2.007745e+06
2.007598e+06
2.007446e+06
2.007290e+06
2.007131e+06
2.006972e+06
2.006815e+06
2.006659e+06
2.006508e+06
2.006363e+06
2.006225e+06
2.006096e+06
2.005976e+06
2.005867e+06
2.005771e+06
2.005689e+06
2.005621e+06
2.005569e+06
2.005534e+06
2.005517e+06
2.008391e+06
2.008387e+06
2.008380e+06
2.008370e+06
2.008356e+06
2.008338e+06
2.008316e+06
2.008290e+06
2.008260e+06
2.008226e+06
2.008188e+06
2.008146e+06
2.008097e+06
2.008042e+06
2.007976e+06
2.007897e+06
2.007801e+06
2.007689e+06
2.007565e+06
2.007431e+06
2.007288e+06
2.007141e+06
2.006989e+06
2.006835e+06
2.006680e+06
2.006526e+06
2.006374e+06
2.006226e+06
2.006083e+06
2.005946e+06
2.005817e+06
2.005696e+06
2.005585e+06
2.005485e+06
2.005397e+06
2.005321e+06
2.005260e+06
2.005213e+06
2.005181e+06
2.005165e+06
2.007961e+06
2.007959e+06
2.007954e+06
2.007948e+06
2.007938e+06
2.007924e+06
2.007907e+06
2.007886e+06
2.007860e+06
2.007829e+06
2.007792e+06
2.007749e+06
2.007697e+06
2.007633e+06
2.007557e+06
2.007464e+06
2.007355e+06
2.007233e+06
2.007102e+06
2.006963e+06
2.006819e+06
2.006671e+06
2.006521e+06
2.006370e+06
2.006220e+06
2.006071e+06
2.005926e+06
2.005785e+06
2.005650e+06
2.005521e+06
2.005400e+06
2.005287e+06
2.005184e+06
2.005091e+06
2.005010e+06
2.004940e+06
2.004884e+06
2.004840e+06
2.004811e+06
2.004797e+06
2.007533e+06
2.007533e+06
2.007531e+06
2.007528e+06
2.007522e+06
2.007513e+06
2.007500e+06
2.007482e+06
2.007458e+06
2.007427e+06
2.007387e+06
2.007337e+06
2.007276e+06
2.007201e+06
2.007111e+06
2.007006e+06
2.006887e+06
2.006758e+06
2.006623e+06
2.006482e+06
2.006338e+06
2.006192e+06
2.006044e+06
2.005897e+06
2.005752e+06
2.005609e+06
2.005471e+06
2.005337e+06
2.005209e+06
2.005088e+06
2.004974e+06
2.004869e+06
2.004772e+06
2.004686e+06
2.004611e+06
2.004546e+06
2.004494e+06
2.004454e+06
2.004427e+06
2.004414e+06
2.007106e+06
2.007107e+06
2.007109e+06
2.007109e+06
2.007108e+06
2.007102e+06
2.007091e+06
2.007073e+06
2.007047e+06
2.007010e+06
2.006962e+06
2.006902e+06
2.006828e+06
2.006740e+06
2.006639e+06
2.006526e+06
2.006400e+06
2.006268e+06
2.006130e+06
2.005990e+06
2.005847e+06
2.005703e+06
2.005560e+06
2.005417e+06
2.005277e+06
2.005141e+06
2.005008e+06
2.004881e+06
2.004761e+06
2.004646e+06
2.004539e+06
2.004441e+06
2.004351e+06
2.004270e+06
2.004200e+06
2.004140e+06
2.004092e+06
2.004055e+06
2.004030e+06
2.004018e+06
2.006678e+06
2.006681e+06
2.006685e+06
2.006690e+06
2.006691e+06
2.006686e+06
2.006673e+06
2.006651e+06
2.006616e+06
2.006570e+06
2.006511e+06
2.006438e+06
2.006353e+06
2.006255e+06
2.006146e+06
2.006026e+06
2.005898e+06
2.005764e+06
2.005627e+06
2.005488e+06
2.005347e+06
2.005207e+06
2.005068e+06
2.004930e+06
2.004796e+06
2.004666e+06
2.004540e+06
2.004419e+06
2.004305e+06
2.004197e+06
2.004097e+06
2.004004e+06
2.003920e+06
2.003844e+06
2.003779e+06
2.003723e+06
2.003678e+06
2.003644e+06
2.003621e+06
2.003609e+06
2.006246e+06
2.006250e+06
2.006258e+06
2.006264e+06
2.006265e+06
2.006257e+06
2.006237e+06
2.006205e+06
2.006160e+06
2.006102e+06
2.006031e+06
2.005948e+06
2.005854e+06
2.005749e+06
2.005635e+06
2.005513e+06
2.005383e+06
2.005250e+06
2.005114e+06
2.004977e+06
2.004841e+06
2.004704e+06
2.004570e+06
2.004438e+06
2.004309e+06
2.004185e+06
2.004065e+06
2.003951e+06
2.003843e+06
2.003741e+06
2.003646e+06
2.003559e+06
2.003480e+06
2.003409e+06
2.003347e+06
2.003295e+06
2.003253e+06
2.003221e+06
2.003200e+06
2.003189e+06
2.005807e+06
2.005813e+06
2.005822e+06
2.005828e+06
2.005823e+06
2.005807e+06
2.005777e+06
2.005733e+06
2.005677e+06
2.005608e+06
2.005528e+06
2.005437e+06
2.005337e+06
2.005228e+06
2.005111e+06
2.004988e+06
2.004859e+06
2.004727e+06
2.004594e+06
2.004461e+06
2.004328e+06
2.004196e+06
2.004067e+06
2.003940e+06
2.003817e+06
2.003699e+06
2.003585e+06
2.003477e+06
2.003374e+06
2.003278e+06
2.003188e+06
2.003106e+06
2.003031e+06
2.002965e+06
2.002907e+06
2.002858e+06
2.002818e+06
2.002788e+06
2.002768e+06
2.002758e+06
2.005360e+06
2.005367e+06
2.005374e+06
2.005374e+06
2.005360e+06
2.005332e+06
2.005291e+06
2.005236e+06
2.005170e+06
2.005093e+06
2.005006e+06
2.004910e+06
2.004806e+06
2.004694e+06
2.004577e+06
2.004454e+06
2.004326e+06
2.004197e+06
2.004068e+06
2.003938e+06
2.003810e+06
2.003683e+06
2.003559e+06
2.003438e+06
2.003321e+06
2.003208e+06
2.003099e+06
2.002996e+06
2.002899e+06
2.002807e+06
2.002723e+06
2.002645e+06
2.002574e+06
2.002511e+06
2.002457e+06
2.002411e+06
2.002374e+06
2.002345e+06
2.002327e+06
2.002317e+06
2.004902e+06
2.004908e+06
2.004912e+06
2.004901e+06
2.004875e+06
2.004836e+06
2.004784e+06
2.004720e+06
2.004645e+06
2.004562e+06
2.004470e+06
2.004370e+06
2.004264e+06
2.004152e+06
2.004034e+06
2.003913e+06
2.003788e+06
2.003662e+06
2.003536e+06
2.003411e+06
2.003288e+06
2.003166e+06
2.003047e+06
2.002932e+06
2.002820e+06
2.002712e+06
2.002609e+06
2.002510e+06
2.002418e+06
2.002331e+06
2.002250e+06
2.002176e+06
2.002110e+06
2.002050e+06
2.001999e+06
2.001955e+06
2.001920e+06
2.001893e+06
2.001876e+06
2.001867e+06
2.004434e+06
2.004438e+06
2.004432e+06
2.004410e+06
2.004373e+06
2.004322e+06
2.004260e+06
2.004188e+06
2.004107e+06
2.004018e+06
2.003923e+06
2.003821e+06
2.003714e+06
2.003602e+06
2.003486e+06
2.003367e+06
2.003245e+06
2.003123e+06
2.003001e+06
2.002881e+06
2.002762e+06
2.002646e+06
2.002532e+06
2.002421e+06
2.002314e+06
2.002211e+06
2.002113e+06
2.002019e+06
2.001931e+06
2.001848e+06
2.001771e+06
2.001701e+06
2.001638e+06
2.001581e+06
2.001532e+06
2.001491e+06
2.001458e+06
2.001433e+06
2.001416e+06
2.001407e+06
2.003956e+06
2.003955e+06
2.003938e+06
2.003903e+06
2.003854e+06
2.003793e+06
2.003722e+06
2.003644e+06
2.003558e+06
2.003466e+06
2.003368e+06
2.003265e+06
2.003158e+06
2.003047e+06
2.002933e+06
2.002817e+06
2.002699e+06
2.002581e+06
2.002464e+06
2.002348e+06
2.002234e+06
2.002122e+06
2.002013e+06
2.001907e+06
2.001805e+06
2.001706e+06
2.001612e+06
2.001522e+06
2.001438e+06
2.001359e+06
2.001286e+06
2.001219e+06
2.001158e+06
2.001105e+06
2.001058e+06
2.001019e+06
2.000987e+06
2.000963e+06
2.000947e+06
2.000939e+06
2.003467e+06
2.003458e+06
2.003428e+06
2.003381e+06
2.003321e+06
2.003251e+06
2.003173e+06
2.003089e+06
2.003000e+06
2.002905e+06
2.002807e+06
2.002704e+06
2.002598e+06
2.002489e+06
2.002377e+06
2.002264e+06
2.002150e+06
2.002037e+06
2.001924e+06
2.001813e+06
2.001703e+06
2.001596e+06
2.001491e+06
2.001389e+06
2.001291e+06
2.001197e+06
2.001106e+06
2.001020e+06
2.000940e+06
2.000864e+06
2.000794e+06
2.000730e+06
2.000672e+06
2.000621e+06
2.000577e+06
2.000539e+06
2.000509e+06
2.000486e+06
2.000471e+06
2.000463e+06
2.002966e+06
2.002945e+06
2.002901e+06
2.002842e+06
2.002773e+06
2.002696e+06
2.002613e+06
2.002526e+06
2.002435e+06
2.002339e+06
2.002241e+06
2.002139e+06
2.002035e+06
2.001928e+06
2.001820e+06
2.001710e+06
2.001600e+06
2.001491e+06
2.001383e+06
2.001275e+06
2.001170e+06
2.001067e+06
2.000966e+06
2.000868e+06
2.000774e+06
2.000683e+06
2.000596e+06
2.000514e+06
2.000436e+06
2.000364e+06
2.000297e+06
2.000235e+06
2.000180e+06
2.000131e+06
2.000088e+06
2.000052e+06
2.000024e+06
2.000002e+06
1.999987e+06
1.999980e+06
2.002439e+06
2.002406e+06
2.002352e+06
2.002284e+06
2.002209e+06
2.002129e+06
2.002044e+06
2.001956e+06
2.001864e+06
2.001769e+06
2.001672e+06
2.001572e+06
2.001470e+06
2.001366e+06
2.001261e+06
2.001156e+06
2.001050e+06
2.000944e+06
2.000840e+06
2.000736e+06
2.000635e+06
2.000535e+06
2.000438e+06
2.000344e+06
2.000253e+06
2.000165e+06
2.000082e+06
2.000002e+06
1.999928e+06
1.999858e+06
1.999793e+06
1.999734e+06
1.999681e+06
1.999634e+06
1.999593e+06
1.999559e+06
1.999531e+06
1.999510e+06
1.999496e+06
1.999489e+06
2.001875e+06
2.001836e+06
2.001778e+06
2.001708e+06
2.001632e+06
2.001552e+06
2.001467e+06
2.001380e+06
2.001289e+06
2.001196e+06
2.001101e+06
2.001004e+06
2.000905e+06
2.000804e+06
2.000702e+06
2.000600e+06
2.000498e+06
2.000396e+06
2.000295e+06
2.000196e+06
2.000097e+06
2.000001e+06
1.999907e+06
1.999816e+06
1.999728e+06
1.999644e+06
1.999563e+06
1.999486e+06
1.999414e+06
1.999347e+06
1.999284e+06
1.999228e+06
1.999176e+06
1.999131e+06
1.999091e+06
1.999058e+06
1.999032e+06
1.999011e+06
1.998998e+06
1.998991e+06
2.001275e+06
2.001239e+06
2.001184e+06
2.001118e+06
2.001045e+06
2.000967e+06
2.000885e+06
2.000800e+06
2.000713e+06
2.000622e+06
2.000530e+06
2.000436e+06
2.000340e+06
2.000242e+06
2.000144e+06
2.000045e+06
1.999946e+06
1.999848e+06
1.999750e+06
1.999653e+06
1.999558e+06
1.999465e+06
1.999374e+06
1.999285e+06
1.999200e+06
1.999118e+06
1.999040e+06
1.998966e+06
1.998896e+06
1.998831e+06
1.998770e+06
1.998715e+06
1.998666e+06
1.998622e+06
1.998583e+06
1.998551e+06
1.998526e+06
1.998506e+06
1.998493e+06
1.998487e+06
2.000657e+06
2.000627e+06
2.000579e+06
2.000519e+06
2.000452e+06
2.000379e+06
2.000301e+06
2.000220e+06
2.000136e+06
2.000049e+06
1.999960e+06
1.999868e+06
1.999775e+06
1.999681e+06
1.999586e+06
1.999490e+06
1.999394e+06
1.999298e+06
1.999203e+06
1.999109e+06
1.999017e+06
1.998926e+06
1.998838e+06
1.998752e+06
1.998669e+06
1.998589e+06
1.998513e+06
1.998441e+06
1.998373e+06
1.998309e+06
1.998251e+06
1.998197e+06
1.998149e+06
1.998106e+06
1.998069e+06
1.998038e+06
1.998013e+06
1.997994e+06
1.997982e+06
1.997975e+06
2.000036e+06
2.000012e+06
1.999971e+06
1.999919e+06
1.999858e+06
1.999791e+06
1.999718e+06
1.999641e+06
1.999561e+06
1.999477e+06
1.999391e+06
1.999302e+06
1.999212e+06
1.999121e+06
1.999028e+06
1.998935e+06
1.998841e+06
1.998748e+06
1.998656e+06
1.998564e+06
1.998474e+06
1.998385e+06
1.998299e+06
1.998215e+06
1.998134e+06
1.998056e+06
1.997982e+06
1.997912e+06
1.997845e+06
1.997784e+06
1.997726e+06
1.997674e+06
1.997627e+06
1.997586e+06
1.997550e+06
1.997519e+06
1.997495e+06
1.997476e+06
1.997464e+06
1.997458e+06
1.999421e+06
1.999402e+06
1.999368e+06
1.999322e+06
1.999268e+06
1.999205e+06
1.999137e+06
1.999065e+06
1.998988e+06
1.998907e+06
1.998824e+06
1.998738e+06
1.998651e+06
1.998561e+06
1.998471e+06
1.998380e+06
1.998289e+06
1.998197e+06
1.998107e+06
1.998017e+06
1.997929e+06
1.997842e+06
1.997758e+06
1.997676e+06
1.997596e+06
1.997520e+06
1.997447e+06
1.997378e+06
1.997314e+06
1.997253e+06
1.997197e+06
1.997146e+06
1.997100e+06
1.997059e+06
1.997024e+06
1.996994e+06
1.996970e+06
1.996952e+06
1.996940e+06
1.996934e+06
1.998818e+06
1.998802e+06
1.998773e+06
1.998733e+06
1.998683e+06
1.998625e+06
1.998561e+06
1.998492e+06
1.998418e+06
1.998340e+06
1.998260e+06
1.998176e+06
1.998090e+06
1.998003e+06
1.997915e+06
1.997825e+06
1.997736e+06
1.997646e+06
1.997557e+06
1.997469e+06
1.997382e+06
1.997297e+06
1.997214e+06
1.997133e+06
1.997055e+06
1.996980e+06
1.996909e+06
1.996841e+06
1.996777e+06
1.996718e+06
1.996663e+06
1.996613e+06
1.996567e+06
1.996527e+06
1.996493e+06
1.996463e+06
1.996440e+06
1.996422e+06
1.996410e+06
1.996405e+06
1.998228e+06
1.998215e+06
1.998189e+06
1.998152e+06
1.998106e+06
1.998052e+06
1.997991e+06
1.997924e+06
1.997852e+06
1.997777e+06
1.997698e+06
1.997616e+06
1.997532e+06
1.997446e+06
1.997359e+06
1.997271e+06
1.997183e+06
1.997094e+06
1.997007e+06
1.996920e+06
1.996834e+06
1.996750e+06
1.996668e+06
1.996588e+06
1.996511e+06
1.996437e+06
1.996367e+06
1.996300e+06
1.996237e+06
1.996178e+06
1.996124e+06
1.996074e+06
1.996030e+06
1.995990e+06
1.995956e+06
1.995927e+06
1.995904e+06
1.995886e+06
1.995875e+06
1.995869e+06
1.997651e+06
1.997639e+06
1.997615e+06
1.997580e+06
1.997536e+06
1.997484e+06
1.997426e+06
1.997361e+06
1.997291e+06
1.997217e+06
1.997139e+06
1.997058e+06
1.996975e+06
1.996890e+06
1.996804e+06
1.996717e+06
1.996630e+06
1.996542e+06
1.996455e+06
1.996369e+06
1.996284e+06
1.996201e+06
1.996120e+06
1.996041e+06
1.995964e+06
1.995891e+06
1.995821e+06
1.995755e+06
1.995692e+06
1.995634e+06
1.995580e+06
1.995531e+06
1.995487e+06
1.995447e+06
1.995414e+06
1.995385e+06
1.995362e+06
1.995345e+06
1.995333e+06
1.995327e+06
1.997086e+06
1.997074e+06
1.997051e+06
1.997018e+06
1.996975e+06
1.996924e+06
1.996866e+06
1.996802e+06
1.996733e+06
1.996660e+06
1.996583e+06
1.996503e+06
1.996420e+06
1.996336e+06
1.996250e+06
1.996164e+06
1.996077e+06
1.995990e+06
1.995903e+06
1.995817e+06
1.995733e+06
1.995650e+06
1.995569e+06
1.995490e+06
1.995414e+06
1.995341e+06
1.995271e+06
1.995205e+06
1.995143e+06
1.995085e+06
1.995032e+06
1.994983e+06
1.994939e+06
1.994900e+06
1.994866e+06
1.994837e+06
1.994815e+06
1.994797e+06
1.994786e+06
1.994780e+06
