7.977671e-171
3.226331e-168
1.459530e-93
3.461191e-62
6.971417e-46
4.880835e-36
1.903595e-29
1.064056e-24
4.322961e-21
3.116314e-18
6.727863e-16
6.001626e-14
2.720586e-12
7.202243e-11
1.227729e-09
1.447298e-08
1.245377e-07
8.155261e-07
4.176430e-06
1.722062e-05
5.861543e-05
1.683929e-04
4.166090e-04
9.039754e-04
1.748919e-03
3.062670e-03
4.923505e-03
7.366328e-03
1.039925e-02
1.404694e-02
1.841114e-02
2.374056e-02
3.051718e-02
3.958994e-02
5.242976e-02
7.167397e-02
1.023729e-01
1.548777e-01
2.501100e-01
4.201940e-01
4.817025e-168
4.755583e-127
1.983187e-88
2.129768e-61
1.923548e-45
9.877803e-36
3.270385e-29
1.652418e-24
6.252161e-21
4.256091e-18
8.725112e-16
7.398895e-14
3.184081e-12
7.979620e-11
1.282621e-09
1.418679e-08
1.138502e-07
6.907465e-07
3.277426e-06
1.251009e-05
3.955996e-05
1.067271e-04
2.529801e-04
5.422921e-04
1.078769e-03
2.029378e-03
3.645525e-03
6.270147e-03
1.032968e-02
1.633166e-02
2.489731e-02
3.685302e-02
5.340417e-02
7.643675e-02
1.090388e-01
1.563754e-01
2.268791e-01
3.326074e-01
4.851180e-01
6.864851e-01
8.492262e-94
1.162544e-88
2.464497e-73
4.042579e-58
1.447606e-44
3.412808e-35
8.168209e-29
3.430708e-24
1.147096e-20
7.111115e-18
1.348059e-15
1.065407e-13
4.289483e-12
1.007298e-10
1.517528e-09
1.572409e-08
1.181188e-07
6.714256e-07
3.026082e-06
1.120071e-05
3.566435e-05
1.027605e-04
2.780369e-04
7.118331e-04
1.698297e-03
3.710041e-03
7.370556e-03
1.338032e-02
2.246592e-02
3.541046e-02
5.317564e-02
7.710387e-02
1.091988e-01
1.524829e-01
2.113487e-01
2.915272e-01
3.987515e-01
5.350439e-01
6.934255e-01
8.557130e-01
2.012408e-62
1.102080e-61
1.959995e-58
1.593882e-50
3.482112e-42
3.135875e-34
3.493217e-28
1.036351e-23
2.809168e-20
1.502500e-17
2.539066e-15
1.823030e-13
6.748607e-12
1.469501e-10
2.066851e-09
2.012451e-08
1.431147e-07
7.800029e-07
3.506636e-06
1.379790e-05
5.099291e-05
1.804584e-04
5.870884e-04
1.678282e-03
4.141437e-03
8.876219e-03
1.683793e-02
2.893139e-02
4.604361e-02
6.919236e-02
9.972753e-02
1.395349e-01
1.911786e-01
2.578327e-01
3.427117e-01
4.476526e-01
5.708160e-01
7.042775e-01
8.331780e-01
9.381772e-01
4.647913e-46
1.197941e-45
7.134473e-45
1.605263e-42
1.194404e-37
2.691877e-32
3.657534e-27
5.266585e-23
9.897510e-20
4.199070e-17
6.010137e-15
3.794776e-13
1.266004e-11
2.530057e-10
3.317030e-09
3.056373e-08
2.090799e-07
1.124682e-06
5.420235e-06
2.544355e-05
1.163921e-04
4.710955e-04
1.576733e-03
4.318735e-03
9.878764e-03
1.947354e-02
3.417493e-02
5.494263e-02
8.279336e-02
1.189808e-01
1.651022e-01
2.230606e-01
2.947834e-01
3.815851e-01
4.831337e-01
5.961797e-01
7.135054e-01
8.239324e-01
9.143964e-01
9.742399e-01
4.093652e-36
7.822763e-36
2.351870e-35
1.562171e-34
1.456469e-32
3.271156e-29
1.675885e-25
5.700458e-22
5.611378e-19
1.656413e-16
1.869943e-14
9.962680e-13
2.926645e-11
5.312075e-10
6.489956e-09
5.706679e-08
3.814730e-07
2.082185e-06
1.162562e-05
6.707946e-05
3.397734e-04
1.347303e-03
4.139095e-03
1.018455e-02
2.098265e-02
3.777554e-02
6.157482e-02
9.335274e-02
1.341959e-01
1.853242e-01
2.479433e-01
3.229151e-01
4.102499e-01
5.084598e-01
6.138781e-01
7.202127e-01
8.188387e-01
9.004192e-01
9.578640e-01
9.894123e-01
2.132044e-29
3.479667e-29
7.804892e-29
2.716850e-28
2.210173e-27
1.261463e-25
3.751791e-23
1.764919e-20
6.089412e-18
1.025693e-15
8.246485e-14
3.505811e-12
8.795632e-11
1.428605e-09
1.619114e-08
1.361237e-07
8.935506e-07
5.030558e-06
3.342579e-05
2.133504e-04
1.033599e-03
3.651237e-03
9.822945e-03
2.136383e-02
3.970209e-02
6.588798e-02
1.008190e-01
1.453774e-01
2.003861e-01
2.664121e-01
3.434798e-01
4.307358e-01
5.260828e-01
6.258210e-01
7.244700e-01
8.151271e-01
8.907212e-01
9.460821e-01
9.799581e-01
9.957060e-01
1.639453e-24
2.441518e-24
4.665158e-24
1.226532e-23
5.234285e-23
5.464669e-22
1.978898e-20
1.574815e-18
1.512799e-16
1.160000e-14
5.779000e-13
1.807468e-11
3.689872e-10
5.203868e-09
5.359452e-08
4.234362e-07
2.678016e-06
1.551092e-05
1.150205e-04
7.031655e-04
2.962400e-03
8.921026e-03
2.075797e-02
4.011853e-02
6.808472e-02
1.054586e-01
1.529061e-01
2.108745e-01
2.793874e-01
3.578343e-01
4.447907e-01
5.378387e-01
6.333807e-01
7.265826e-01
8.117214e-01
8.831703e-01
9.369152e-01
9.719636e-01
9.907744e-01
9.982897e-01
9.185341e-21
1.297303e-20
2.260232e-20
5.109533e-20
1.650636e-19
9.141046e-19
1.057199e-17
2.374632e-16
7.516721e-15
2.473476e-13
6.862065e-12
1.444555e-10
2.246353e-09
2.615369e-08
2.346408e-07
1.675519e-06
9.827326e-06
5.705799e-05
4.195506e-04
2.198587e-03
7.648609e-03
1.937216e-02
3.928514e-02
6.850209e-02
1.077125e-01
1.573653e-01
2.175700e-01
2.879033e-01
3.672781e-01
4.538880e-01
5.451479e-01
6.376008e-01
7.269138e-01
8.081893e-01
8.767589e-01
9.293482e-01
9.651240e-01
9.859981e-01
9.958975e-01
9.993351e-01
8.950687e-18
1.230870e-17
2.039400e-17
4.239490e-17
1.179883e-16
4.834442e-16
3.183776e-15
3.318420e-14
4.733222e-13
7.663984e-12
1.202785e-10
1.645062e-09
1.856228e-08
1.698536e-07
1.266057e-06
7.802762e-06
4.054365e-05
2.307034e-04
1.486647e-03
6.196015e-03
1.744338e-02
3.749820e-02
6.752550e-02
1.080877e-01
1.594144e-01
2.213118e-01
2.929893e-01
3.729999e-01
4.592784e-01
5.491583e-01
6.393281e-01
7.258442e-01
8.044009e-01
8.709860e-01
9.228144e-01
9.591533e-01
9.815567e-01
9.932966e-01
9.982438e-01
9.997493e-01
2.521502e-15
3.443920e-15
5.584916e-15
1.111357e-14
2.836655e-14
9.768230e-14
4.693630e-13
3.092672e-12
2.586076e-11
2.461028e-10
2.396238e-09
2.193932e-08
1.786475e-07
1.256035e-06
7.544148e-06
3.875165e-05
1.716415e-04
9.442499e-04
4.764754e-03
1.523639e-02
3.507338e-02
6.553799e-02
1.070730e-01
1.596859e-01
2.228955e-01
2.955948e-01
3.760548e-01
4.620325e-01
5.508336e-01
6.392888e-01
7.237649e-01
8.003933e-01
8.656231e-01
9.170000e-01
9.538491e-01
9.774732e-01
9.906937e-01
9.969333e-01
9.992794e-01
9.999089e-01
2.808864e-13
3.873068e-13
6.278012e-13
1.226993e-12
2.973035e-12
9.140645e-12
3.587548e-11
1.757816e-10
1.022108e-09
6.592332e-09
4.397533e-08
2.853352e-07
1.718796e-06
9.321157e-06
4.472196e-05
1.882481e-04
6.932737e-04
3.546182e-03
1.306427e-02
3.242251e-02
6.299376e-02
1.051645e-01
1.587633e-01
2.230324e-01
2.965590e-01
3.773659e-01
4.630789e-01
5.510113e-01
6.381362e-01
7.210799e-01
7.963098e-01
8.606098e-01
9.117527e-01
9.490910e-01
9.737377e-01
9.881870e-01
9.955351e-01
9.986649e-01
9.997180e-01
9.999683e-01
1.515299e-11
2.140587e-11
3.525249e-11
6.883589e-11
1.615591e-10
4.581237e-10
1.556341e-09
6.183330e-09
2.767456e-08
1.333482e-07
6.598744e-07
3.210530e-06
1.481324e-05
6.309264e-05
2.434989e-04
8.400617e-04
2.553243e-03
1.114059e-02
3.013146e-02
6.069274e-02
1.031882e-01
1.574383e-01
2.225132e-01
2.967108e-01
3.777955e-01
4.632663e-01
5.504585e-01
6.364891e-01
7.182137e-01
7.923721e-01
8.560017e-01
9.070347e-01
9.448297e-01
9.703474e-01
9.858324e-01
9.941333e-01
9.979720e-01
9.994494e-01
9.998953e-01
9.999895e-01
4.541907e-10
6.669179e-10
1.130951e-09
2.232092e-09
5.135285e-09
1.368045e-08
4.154883e-08
1.405356e-07
5.142582e-07
1.971393e-06
7.661217e-06
2.925795e-05
1.068563e-04
3.651993e-04
1.149767e-03
3.296516e-03
8.440293e-03
2.857377e-02
5.997835e-02
1.029576e-01
1.575319e-01
2.229293e-01
2.973811e-01
3.784657e-01
4.635524e-01
5.499798e-01
6.349878e-01
7.156299e-01
7.888700e-01
8.519428e-01
9.028951e-01
9.410773e-01
9.673219e-01
9.836744e-01
9.927878e-01
9.972536e-01
9.991321e-01
9.997860e-01
9.999633e-01
9.999967e-01
8.337358e-09
1.292333e-08
2.282759e-08
4.589252e-08
1.041844e-07
2.634363e-07
7.286039e-07
2.158550e-06
6.697337e-06
2.126134e-05
6.746574e-05
2.092116e-04
6.210284e-04
1.734011e-03
4.500447e-03
1.087057e-02
3.072161e-02
6.320521e-02
1.073974e-01
1.623386e-01
2.273834e-01
3.011113e-01
3.812949e-01
4.653435e-01
5.506070e-01
6.343889e-01
7.138678e-01
7.861635e-01
8.486509e-01
8.994521e-01
9.378975e-01
9.647069e-01
9.817601e-01
9.915485e-01
9.965534e-01
9.987944e-01
9.996519e-01
9.999220e-01
9.999879e-01
9.999990e-01
1.007328e-07
1.676886e-07
3.116448e-07
6.412029e-07
1.440195e-06
3.472633e-06
8.833181e-06
2.329741e-05
6.265022e-05
1.689485e-04
4.493783e-04
1.159619e-03
2.855961e-03
6.605894e-03
1.412576e-02
2.751768e-02
6.439931e-02
1.118597e-01
1.690322e-01
2.349264e-01
3.082609e-01
3.872477e-01
4.697172e-01
5.532974e-01
6.354593e-01
7.135040e-01
7.846620e-01
8.463984e-01
8.968766e-01
9.353957e-01
9.625727e-01
9.801443e-01
9.904623e-01
9.959095e-01
9.984625e-01
9.995065e-01
9.998699e-01
9.999735e-01
9.999963e-01
9.999997e-01
8.482613e-07
1.542788e-06
3.043759e-06
6.422141e-06
1.426015e-05
3.279519e-05
7.700833e-05
1.823357e-04
4.303998e-04
1.001773e-03
2.273569e-03
4.972843e-03
1.035447e-02
2.026803e-02
3.684124e-02
6.151405e-02
1.141169e-01
1.751165e-01
2.432482e-01
3.171781e-01
3.954724e-01
4.764778e-01
5.582597e-01
6.385858e-01
7.149518e-01
7.847244e-01
8.454608e-01
8.953628e-01
9.337023e-01
9.610073e-01
9.788896e-01
9.895764e-01
9.953573e-01
9.981604e-01
9.993636e-01
9.998127e-01
9.999549e-01
9.999917e-01
9.999989e-01
9.999999e-01
5.233458e-06
1.051621e-05
2.224556e-05
4.809187e-05
1.050890e-04
2.295894e-04
4.971292e-04
1.059619e-03
2.210161e-03
4.484608e-03
8.794903e-03
1.654923e-02
2.964417e-02
5.015418e-02
7.961313e-02
1.180986e-01
1.828660e-01
2.534048e-01
3.282472e-01
4.061160e-01
4.857714e-01
5.657187e-01
6.440622e-01
7.185296e-01
7.866491e-01
8.460874e-01
8.951008e-01
9.329530e-01
9.601044e-01
9.780609e-01
9.889367e-01
9.949291e-01
9.979100e-01
9.992362e-01
9.997571e-01
9.999345e-01
9.999856e-01
9.999976e-01
9.999997e-01
1.000000e+00
2.486687e-05
5.519919e-05
1.258339e-04
2.780485e-04
5.928770e-04
1.220615e-03
2.425341e-03
4.650528e-03
8.602967e-03
1.533806e-02
2.630147e-02
4.324545e-02
6.792366e-02
1.015525e-01
1.442740e-01
1.950630e-01
2.669363e-01
3.422367e-01
4.195829e-01
4.978770e-01
5.759262e-01
6.521406e-01
7.244871e-01
7.906689e-01
8.484792e-01
8.962511e-01
9.332675e-01
9.599491e-01
9.777173e-01
9.885839e-01
9.946531e-01
9.977301e-01
9.991359e-01
9.997091e-01
9.999150e-01
9.999790e-01
9.999958e-01
9.999994e-01
9.999999e-01
1.000000e+00
9.682685e-05
2.346366e-04
5.579530e-04
1.271031e-03
2.609741e-03
5.005670e-03
9.068176e-03
1.563130e-02
2.577798e-02
4.081541e-02
6.215402e-02
9.104679e-02
1.282243e-01
1.736149e-01
2.263950e-01
2.854127e-01
3.600997e-01
4.364295e-01
5.131642e-01
5.891728e-01
6.630667e-01
7.330332e-01
7.969597e-01
8.527804e-01
8.989274e-01
9.347311e-01
9.606025e-01
9.779016e-01
9.885480e-01
9.945501e-01
9.976347e-01
9.990717e-01
9.996740e-01
9.998990e-01
9.999729e-01
9.999939e-01
9.999989e-01
9.999998e-01
1.000000e+00
1.000000e+00
3.332690e-04
8.701928e-04
2.038327e-03
4.524147e-03
9.059712e-03
1.600816e-02
2.634931e-02
4.100524e-02
6.093893e-02
8.706090e-02
1.200622e-01
1.602236e-01
2.073111e-01
2.606539e-01
3.193783e-01
3.826827e-01
4.572105e-01
5.319605e-01
6.056810e-01
6.770188e-01
7.443137e-01
8.056332e-01
8.590713e-01
9.031841e-01
9.373799e-01
9.620887e-01
9.786305e-01
9.888417e-01
9.946303e-01
9.976319e-01
9.990493e-01
9.996555e-01
9.998885e-01
9.999683e-01
9.999922e-01
9.999984e-01
9.999997e-01
1.000000e+00
1.000000e+00
1.000000e+00
9.868084e-04
2.708852e-03
6.214072e-03
1.297774e-02
2.491496e-02
4.050758e-02
6.085499e-02
8.647929e-02
1.176916e-01
1.546618e-01
1.973621e-01
2.455344e-01
2.987159e-01
3.563205e-01
4.177334e-01
4.823736e-01
5.545660e-01
6.255998e-01
6.940639e-01
7.583573e-01
8.166942e-01
8.673380e-01
9.089961e-01
9.411852e-01
9.643825e-01
9.798864e-01
9.894550e-01
9.948897e-01
9.977214e-01
9.990703e-01
9.996552e-01
9.998848e-01
9.999657e-01
9.999910e-01
9.999980e-01
9.999996e-01
9.999999e-01
1.000000e+00
1.000000e+00
1.000000e+00
2.434722e-03
6.812015e-03
1.526395e-02
3.100650e-02
5.569374e-02
8.316228e-02
1.154224e-01
1.522134e-01
1.932736e-01
2.384217e-01
2.874943e-01
3.402777e-01
3.964715e-01
4.556812e-01
5.174158e-01
5.810611e-01
6.489445e-01
7.141308e-01
7.750445e-01
8.300076e-01
8.774463e-01
9.162392e-01
9.460410e-01
9.674014e-01
9.816114e-01
9.903519e-01
9.953089e-01
9.978944e-01
9.991314e-01
9.996725e-01
9.998879e-01
9.999654e-01
9.999905e-01
9.999977e-01
9.999995e-01
9.999999e-01
1.000000e+00
1.000000e+00
1.000000e+00
1.000000e+00
5.000958e-03
1.405867e-02
3.114799e-02
6.376029e-02
1.027480e-01
1.432459e-01
1.867521e-01
2.327313e-01
2.809456e-01
3.313877e-01
3.841095e-01
4.390917e-01
4.961725e-01
5.550108e-01
6.150549e-01
6.754952e-01
7.370027e-01
7.941332e-01
8.453150e-01
8.891423e-01
9.246844e-01
9.517578e-01
9.710022e-01
9.837069e-01
9.914711e-01
9.958534e-01
9.981335e-01
9.992250e-01
9.997044e-01
9.998970e-01
9.999675e-01
9.999907e-01
9.999977e-01
9.999995e-01
9.999999e-01
1.000000e+00
1.000000e+00
1.000000e+00
1.000000e+00
1.000000e+00
8.756608e-03
2.477673e-02
5.707065e-02
1.104621e-01
1.625134e-01
2.151442e-01
2.681047e-01
3.211299e-01
3.743633e-01
4.281243e-01
4.826903e-01
5.381648e-01
5.944112e-01
6.510188e-01
7.072780e-01
7.621567e-01
8.151360e-01
8.621685e-01
9.020262e-01
9.339916e-01
9.580652e-01
9.749865e-01
9.860396e-01
9.927303e-01
9.964769e-01
9.984151e-01
9.993401e-01
9.997466e-01
9.999107e-01
9.999712e-01
9.999916e-01
9.999978e-01
9.999995e-01
9.999999e-01
1.000000e+00
1.000000e+00
1.000000e+00
1.000000e+00
1.000000e+00
1.000000e+00
1.360294e-02
3.939943e-02
9.665553e-02
1.640263e-01
2.294778e-01
2.929906e-01
3.540143e-01
4.126811e-01
4.695410e-01
5.252070e-01
5.801234e-01
6.344486e-01
6.880094e-01
7.402910e-01
7.904507e-01
8.373583e-01
8.799323e-01
9.155579e-01
9.437301e-01
9.646390e-01
9.791252e-01
9.884586e-01
9.940380e-01
9.971283e-01
9.987129e-01
9.994645e-01
9.997938e-01
9.999268e-01
9.999761e-01
9.999929e-01
9.999981e-01
9.999995e-01
9.999999e-01
1.000000e+00
1.000000e+00
1.000000e+00
1.000000e+00
1.000000e+00
1.000000e+00
1.000000e+00
1.957029e-02
6.372975e-02
1.421980e-01
2.228974e-01
3.010600e-01
3.744139e-01
4.423366e-01
5.053392e-01
5.643639e-01
6.203011e-01
6.737418e-01
7.248873e-01
7.735445e-01
8.191691e-01
8.609480e-01
8.979271e-01
9.291520e-01
9.534361e-01
9.711382e-01
9.831844e-01
9.908148e-01
9.953055e-01
9.977587e-01
9.990021e-01
9.995864e-01
9.998408e-01
9.999432e-01
9.999813e-01
9.999944e-01
9.999984e-01
9.999996e-01
9.999999e-01
1.000000e+00
1.000000e+00
1.000000e+00
1.000000e+00
1.000000e+00
1.000000e+00
1.000000e+00
1.000000e+00
2.862741e-02
1.003139e-01
1.941877e-01
2.892107e-01
3.789610e-01
4.603963e-01
5.331634e-01
5.982975e-01
6.571887e-01
7.110174e-01
7.605327e-01
8.060211e-01
8.473721e-01
8.841945e-01
9.159698e-01
9.422350e-01
9.626567e-01
9.772389e-01
9.869513e-01
9.929780e-01
9.964587e-01
9.983285e-01
9.992626e-01
9.996963e-01
9.998835e-01
9.999585e-01
9.999863e-01
9.999958e-01
9.999988e-01
9.999997e-01
9.999999e-01
1.000000e+00
1.000000e+00
1.000000e+00
1.000000e+00
1.000000e+00
1.000000e+00
1.000000e+00
1.000000e+00
1.000000e+00
4.915694e-02
1.489065e-01
2.600654e-01
3.684737e-01
4.668036e-01
5.525913e-01
6.264253e-01
6.901061e-01
7.455160e-01
7.941235e-01
8.368645e-01
8.742057e-01
9.062862e-01
9.330882e-01
9.546122e-01
9.710285e-01
9.826861e-01
9.902641e-01
9.948540e-01
9.974463e-01
9.988115e-01
9.994818e-01
9.997886e-01
9.999194e-01
9.999713e-01
9.999905e-01
9.999971e-01
9.999992e-01
9.999998e-01
9.999999e-01
1.000000e+00
1.000000e+00
1.000000e+00
1.000000e+00
1.000000e+00
1.000000e+00
1.000000e+00
1.000000e+00
1.000000e+00
1.000000e+00
9.589729e-02
2.217598e-01
3.491655e-01
4.658130e-01
5.663049e-01
6.502758e-01
7.197560e-01
7.773560e-01
8.253808e-01
8.655507e-01
8.990269e-01
9.265597e-01
9.486684e-01
9.658053e-01
9.784799e-01
9.873215e-01
9.930289e-01
9.963929e-01
9.982439e-01
9.991963e-01
9.996546e-01
9.998607e-01
9.999473e-01
9.999814e-01
9.999939e-01
9.999981e-01
9.999995e-01
9.999999e-01
1.000000e+00
1.000000e+00
1.000000e+00
1.000000e+00
1.000000e+00
1.000000e+00
1.000000e+00
1.000000e+00
1.000000e+00
1.000000e+00
1.000000e+00
1.000000e+00
1.898173e-01
3.336842e-01
4.667954e-01
5.806957e-01
6.738844e-01
7.484536e-01
8.076601e-01
8.546443e-01
8.919478e-01
9.214624e-01
9.445609e-01
9.622732e-01
9.754422e-01
9.848331e-01
9.911868e-01
9.952224e-01
9.975880e-01
9.988520e-01
9.994849e-01
9.997824e-01
9.999135e-01
9.999677e-01
9.999887e-01
9.999963e-01
9.999989e-01
9.999997e-01
9.999999e-01
1.000000e+00
1.000000e+00
1.000000e+00
1.000000e+00
1.000000e+00
1.000000e+00
1.000000e+00
1.000000e+00
1.000000e+00
1.000000e+00
1.000000e+00
1.000000e+00
1.000000e+00
3.421065e-01
4.843345e-01
6.055706e-01
7.033966e-01
7.797488e-01
8.382497e-01
8.826592e-01
9.161923e-01
9.413569e-01
9.600388e-01
9.736594e-01
9.833259e-01
9.899397e-01
9.942594e-01
9.969261e-01
9.984675e-01
9.992895e-01
9.996886e-01
9.998710e-01
9.999496e-01
9.999814e-01
9.999935e-01
9.999979e-01
9.999994e-01
9.999998e-01
1.000000e+00
1.000000e+00
1.000000e+00
1.000000e+00
1.000000e+00
1.000000e+00
1.000000e+00
1.000000e+00
1.000000e+00
1.000000e+00
1.000000e+00
1.000000e+00
1.000000e+00
1.000000e+00
1.000000e+00
5.358733e-01
6.520978e-01
7.454201e-01
8.172050e-01
8.708060e-01
9.100473e-01
9.383879e-01
9.586220e-01
9.728807e-01
9.827532e-01
9.894251e-01
9.937913e-01
9.965344e-01
9.981742e-01
9.990988e-01
9.995862e-01
9.998235e-01
9.999286e-01
9.999726e-01
9.999901e-01
9.999966e-01
9.999989e-01
9.999997e-01
9.999999e-01
1.000000e+00
1.000000e+00
1.000000e+00
1.000000e+00
1.000000e+00
1.000000e+00
1.000000e+00
1.000000e+00
1.000000e+00
1.000000e+00
1.000000e+00
1.000000e+00
1.000000e+00
1.000000e+00
1.000000e+00
1.000000e+00
7.282974e-01
8.037261e-01
8.622533e-01
9.055867e-01
9.366009e-01
9.582527e-01
9.730745e-01
9.830401e-01
9.896115e-01
9.938445e-01
9.964927e-01
9.980907e-01
9.990136e-01
9.995196e-01
9.997810e-01
9.999072e-01
9.999635e-01
9.999863e-01
9.999951e-01
9.999984e-01
9.999995e-01
9.999998e-01
1.000000e+00
1.000000e+00
1.000000e+00
1.000000e+00
1.000000e+00
1.000000e+00
1.000000e+00
1.000000e+00
1.000000e+00
1.000000e+00
1.000000e+00
1.000000e+00
1.000000e+00
1.000000e+00
1.000000e+00
1.000000e+00
1.000000e+00
1.000000e+00
8.744635e-01
9.116465e-01
9.402166e-01
9.607905e-01
9.749597e-01
9.844008e-01
9.905249e-01
9.944013e-01
9.967935e-01
9.982284e-01
9.990609e-01
9.995252e-01
9.997725e-01
9.998974e-01
9.999567e-01
9.999830e-01
9.999938e-01
9.999978e-01
9.999993e-01
9.999998e-01
9.999999e-01
1.000000e+00
1.000000e+00
1.000000e+00
1.000000e+00
1.000000e+00
1.000000e+00
1.000000e+00
1.000000e+00
1.000000e+00
1.000000e+00
1.000000e+00
1.000000e+00
1.000000e+00
1.000000e+00
1.000000e+00
1.000000e+00
1.000000e+00
1.000000e+00
1.000000e+00
9.563864e-01
9.697169e-01
9.800878e-01
9.874383e-01
9.923425e-01
9.954742e-01
9.974048e-01
9.985583e-01
9.992263e-01
9.996005e-01
9.998025e-01
9.999070e-01
9.999586e-01
9.999826e-01
9.999932e-01
9.999975e-01
9.999992e-01
9.999997e-01
9.999999e-01
1.000000e+00
1.000000e+00
1.000000e+00
1.000000e+00
1.000000e+00
1.000000e+00
1.000000e+00
1.000000e+00
1.000000e+00
1.000000e+00
1.000000e+00
1.000000e+00
1.000000e+00
1.000000e+00
1.000000e+00
1.000000e+00
1.000000e+00
1.000000e+00
1.000000e+00
1.000000e+00
1.000000e+00
9.890972e-01
9.924515e-01
9.951368e-01
9.970305e-01
9.982637e-01
9.990225e-01
9.994690e-01
9.997218e-01
9.998597e-01
9.999321e-01
9.999686e-01
9.999862e-01
9.999943e-01
9.999978e-01
9.999992e-01
9.999997e-01
9.999999e-01
1.000000e+00
1.000000e+00
1.000000e+00
1.000000e+00
1.000000e+00
1.000000e+00
1.000000e+00
1.000000e+00
1.000000e+00
1.000000e+00
1.000000e+00
1.000000e+00
1.000000e+00
1.000000e+00
1.000000e+00
1.000000e+00
1.000000e+00
1.000000e+00
1.000000e+00
1.000000e+00
1.000000e+00
1.000000e+00
1.000000e+00
9.981400e-01
9.987082e-01
9.991796e-01
9.995126e-01
9.997254e-01
9.998522e-01
9.999237e-01
9.999622e-01
9.999820e-01
9.999918e-01
9.999964e-01
9.999985e-01
9.999994e-01
9.999998e-01
9.999999e-01
1.000000e+00
1.000000e+00
1.000000e+00
1.000000e+00
1.000000e+00
1.000000e+00
1.000000e+00
1.000000e+00
1.000000e+00
1.000000e+00
1.000000e+00
1.000000e+00
1.000000e+00
1.000000e+00
1.000000e+00
1.000000e+00
1.000000e+00
1.000000e+00
1.000000e+00
1.000000e+00
1.000000e+00
1.000000e+00
1.000000e+00
1.000000e+00
1.000000e+00
9.998041e-01
9.998634e-01
9.999142e-01
9.999502e-01
9.999729e-01
9.999860e-01
9.999931e-01
9.999968e-01
9.999985e-01
9.999994e-01
9.999997e-01
9.999999e-01
1.000000e+00
1.000000e+00
1.000000e+00
1.000000e+00
1.000000e+00
1.000000e+00
1.000000e+00
1.000000e+00
1.000000e+00
1.000000e+00
1.000000e+00
1.000000e+00
1.000000e+00
1.000000e+00
1.000000e+00
1.000000e+00
1.000000e+00
1.000000e+00
1.000000e+00
1.000000e+00
1.000000e+00
1.000000e+00
1.000000e+00
1.000000e+00
1.000000e+00
1.000000e+00
1.000000e+00
1.000000e+00
9.999903e-01
9.999932e-01
9.999958e-01
9.999976e-01
9.999987e-01
9.999994e-01
9.999997e-01
9.999999e-01
9.999999e-01
1.000000e+00
1.000000e+00
1.000000e+00
1.000000e+00
1.000000e+00
1.000000e+00
1.000000e+00
1.000000e+00
1.000000e+00
1.000000e+00
1.000000e+00
1.000000e+00
1.000000e+00
1.000000e+00
1.000000e+00
1.000000e+00
1.000000e+00
1.000000e+00
1.000000e+00
1.000000e+00
1.000000e+00
1.000000e+00
1.000000e+00
1.000000e+00
1.000000e+00
1.000000e+00
1.000000e+00
1.000000e+00
1.000000e+00
1.000000e+00
1.000000e+00
