2.000000e-06
-0.000000e+00
-0.000000e+00
-0.000000e+00
-0.000000e+00
-0.000000e+00
-0.000000e+00
-0.000000e+00
-0.000000e+00
-0.000000e+00
-0.000000e+00
-0.000000e+00
-0.000000e+00
-0.000000e+00
-0.000000e+00
-0.000000e+00
-0.000000e+00
-0.000000e+00
-0.000000e+00
-0.000000e+00
-0.000000e+00
-0.000000e+00
-0.000000e+00
-0.000000e+00
-0.000000e+00
-0.000000e+00
-0.000000e+00
-0.000000e+00
-0.000000e+00
-0.000000e+00
-0.000000e+00
-0.000000e+00
-0.000000e+00
-0.000000e+00
-0.000000e+00
-0.000000e+00
-0.000000e+00
-0.000000e+00
-0.000000e+00
-2.653358e-06
1.997355e-06
7.879580e-07
3.691183e-07
2.007738e-07
1.225629e-07
8.132846e-08
5.723783e-08
4.197669e-08
3.166826e-08
2.433087e-08
1.887026e-08
1.464157e-08
1.124295e-08
8.411056e-09
5.964875e-09
3.773824e-09
1.738717e-09
-2.167153e-10
-2.165835e-09
-4.167577e-09
-6.284037e-09
-8.582901e-09
-1.114424e-08
-1.406773e-08
-1.747825e-08
-2.152640e-08
-2.638306e-08
-3.223419e-08
-3.929008e-08
-4.782351e-08
-5.824443e-08
-7.121987e-08
-8.787393e-08
-1.101762e-07
-1.418279e-07
-1.906070e-07
-2.755437e-07
-4.516777e-07
-9.016462e-07
-2.286446e-06
1.204157e-06
7.853232e-07
4.877403e-07
3.114155e-07
2.081510e-07
1.455144e-07
1.056471e-07
7.900144e-08
6.036605e-08
4.678544e-08
3.650894e-08
2.845334e-08
2.191938e-08
1.643656e-08
1.167471e-08
7.391648e-09
3.400808e-09
-4.461431e-10
-4.288375e-09
-8.247156e-09
-1.245220e-08
-1.705181e-08
-2.222840e-08
-2.820702e-08
-3.523765e-08
-4.353711e-08
-5.321352e-08
-6.423850e-08
-7.651899e-08
-9.005011e-08
-1.050864e-07
-1.223069e-07
-1.430432e-07
-1.697631e-07
-2.072326e-07
-2.652222e-07
-3.642683e-07
-5.455451e-07
-8.758865e-07
-1.372583e-06
8.297649e-07
6.614231e-07
4.851003e-07
3.489965e-07
2.531117e-07
1.869317e-07
1.408355e-07
1.080164e-07
8.400951e-08
6.593626e-08
5.192704e-08
4.074371e-08
3.154486e-08
2.374123e-08
1.690585e-08
1.071718e-08
4.922058e-09
-6.863274e-10
-6.301868e-09
-1.210141e-08
-1.827889e-08
-2.506638e-08
-3.275317e-08
-4.165923e-08
-5.201861e-08
-6.380877e-08
-7.667527e-08
-9.007442e-08
-1.035676e-07
-1.170918e-07
-1.311219e-07
-1.467938e-07
-1.661369e-07
-1.925808e-07
-2.318669e-07
-2.933168e-07
-3.907423e-07
-5.401550e-07
-7.453850e-07
-9.505791e-07
6.237047e-07
5.454971e-07
4.422376e-07
3.463571e-07
2.683671e-07
2.082654e-07
1.627470e-07
1.282196e-07
1.017196e-07
8.102331e-08
6.451947e-08
5.104978e-08
3.977528e-08
3.007776e-08
2.149032e-08
1.364911e-08
6.259487e-09
-9.256284e-10
-8.140152e-09
-1.560682e-08
-2.358436e-08
-3.240174e-08
-4.244435e-08
-5.399347e-08
-6.694297e-08
-8.065462e-08
-9.419249e-08
-1.068040e-07
-1.183055e-07
-1.292212e-07
-1.407704e-07
-1.548578e-07
-1.741583e-07
-2.022914e-07
-2.439605e-07
-3.047388e-07
-3.897881e-07
-4.999833e-07
-6.229077e-07
-7.186915e-07
4.958475e-07
4.546191e-07
3.919933e-07
3.258258e-07
2.657337e-07
2.150157e-07
1.736675e-07
1.403954e-07
1.136263e-07
9.191805e-08
7.407790e-08
5.916080e-08
4.642881e-08
3.530427e-08
2.532858e-08
1.612935e-08
7.394964e-09
-1.143137e-09
-9.743316e-09
-1.867125e-08
-2.827289e-08
-3.899652e-08
-5.122271e-08
-6.485612e-08
-7.905858e-08
-9.256301e-08
-1.043745e-07
-1.142817e-07
-1.229426e-07
-1.317054e-07
-1.423865e-07
-1.571172e-07
-1.782646e-07
-2.083563e-07
-2.498771e-07
-3.047265e-07
-3.729744e-07
-4.504405e-07
-5.251178e-07
-5.750119e-07
4.092160e-07
3.851360e-07
3.452886e-07
2.992180e-07
2.537255e-07
2.123956e-07
1.765120e-07
1.460681e-07
1.204720e-07
9.894480e-08
8.071336e-08
6.508677e-08
5.147497e-08
3.938197e-08
2.839038e-08
1.814456e-08
8.335717e-09
-1.310979e-09
-1.106690e-08
-2.126446e-08
-3.239541e-08
-4.498537e-08
-5.906758e-08
-7.370801e-08
-8.734466e-08
-9.874330e-08
-1.076667e-07
-1.148985e-07
-1.218902e-07
-1.303686e-07
-1.420654e-07
-1.585861e-07
-1.813524e-07
-2.115298e-07
-2.498349e-07
-2.961019e-07
-3.484936e-07
-4.023726e-07
-4.493253e-07
-4.778577e-07
3.466625e-07
3.314186e-07
3.048056e-07
2.720311e-07
2.375540e-07
2.043288e-07
1.739164e-07
1.468930e-07
1.232488e-07
1.026758e-07
8.474397e-08
6.899800e-08
5.500234e-08
4.235829e-08
3.070637e-08
1.972249e-08
9.112776e-09
-1.399831e-09
-1.210426e-08
-2.348434e-08
-3.622151e-08
-5.060305e-08
-6.573092e-08
-7.977116e-08
-9.120118e-08
-9.970568e-08
-1.061524e-07
-1.120675e-07
-1.191030e-07
-1.287127e-07
-1.420366e-07
-1.599067e-07
-1.828731e-07
-2.111704e-07
-2.445715e-07
-2.821001e-07
-3.216188e-07
-3.594189e-07
-3.901587e-07
-4.077780e-07
2.993517e-07
2.890689e-07
2.704831e-07
2.465460e-07
2.201299e-07
1.934489e-07
1.679315e-07
1.443384e-07
1.229545e-07
1.037655e-07
8.658873e-08
7.115891e-08
5.717810e-08
4.434245e-08
3.235420e-08
2.092561e-08
9.779928e-09
-1.394690e-09
-1.295070e-08
-2.567032e-08
-4.019786e-08
-5.584757e-08
-7.055417e-08
-8.242580e-08
-9.098279e-08
-9.712567e-08
-1.024381e-07
-1.085272e-07
-1.166668e-07
-1.277158e-07
-1.421823e-07
-1.603120e-07
-1.821289e-07
-2.074015e-07
-2.355332e-07
-2.653973e-07
-2.951566e-07
-3.221635e-07
-3.431158e-07
-3.546973e-07
2.623228e-07
2.550212e-07
2.415109e-07
2.235393e-07
2.029701e-07
1.814048e-07
1.600220e-07
1.395744e-07
1.204651e-07
1.028428e-07
8.668650e-08
7.187076e-08
5.820867e-08
4.547915e-08
3.344201e-08
2.184418e-08
1.041801e-08
-1.348987e-09
-1.395671e-08
-2.845249e-08
-4.457339e-08
-6.012975e-08
-7.278115e-08
-8.177154e-08
-8.797336e-08
-9.301850e-08
-9.850250e-08
-1.055962e-07
-1.149947e-07
-1.270266e-07
-1.417826e-07
-1.591926e-07
-1.790389e-07
-2.009174e-07
-2.241674e-07
-2.477884e-07
-2.703720e-07
-2.901055e-07
-3.049312e-07
-3.129397e-07
2.325946e-07
2.271815e-07
2.169993e-07
2.031296e-07
1.868059e-07
1.691780e-07
1.511769e-07
1.334719e-07
1.164888e-07
1.004538e-07
8.544367e-08
7.142890e-08
5.830661e-08
4.592327e-08
3.408945e-08
2.258597e-08
1.114882e-08
-1.561904e-09
-1.591471e-08
-3.238054e-08
-4.883455e-08
-6.248775e-08
-7.220061e-08
-7.873866e-08
-8.376493e-08
-8.889220e-08
-9.524628e-08
-1.034344e-07
-1.136888e-07
-1.260224e-07
-1.403249e-07
-1.563975e-07
-1.739451e-07
-1.925456e-07
-2.116092e-07
-2.303380e-07
-2.477020e-07
-2.624668e-07
-2.733147e-07
-2.790861e-07
2.082790e-07
2.041101e-07
1.961749e-07
1.851733e-07
1.719453e-07
1.573242e-07
1.420353e-07
1.266473e-07
1.115641e-07
9.703980e-08
8.320538e-08
7.009450e-08
5.766541e-08
4.581709e-08
3.440254e-08
2.324379e-08
1.212655e-08
-2.960864e-09
-1.979105e-08
-3.709010e-08
-5.177692e-08
-6.235632e-08
-6.941872e-08
-7.461270e-08
-7.957415e-08
-8.542107e-08
-9.272193e-08
-1.016626e-07
-1.122202e-07
-1.242713e-07
-1.376374e-07
-1.520907e-07
-1.673420e-07
-1.830203e-07
-1.986475e-07
-2.136160e-07
-2.271803e-07
-2.384862e-07
-2.466603e-07
-2.509629e-07
1.881318e-07
1.848044e-07
1.784164e-07
1.694430e-07
1.584776e-07
1.461377e-07
1.329924e-07
1.195179e-07
1.060802e-07
9.293583e-08
8.024345e-08
6.807812e-08
5.644278e-08
4.527363e-08
3.444366e-08
2.379697e-08
1.330224e-08
-7.195102e-09
-2.555885e-08
-4.112296e-08
-5.243978e-08
-6.003805e-08
-6.549922e-08
-7.043786e-08
-7.596290e-08
-8.262608e-08
-9.059445e-08
-9.983355e-08
-1.102219e-07
-1.216014e-07
-1.337898e-07
-1.465781e-07
-1.597193e-07
-1.729133e-07
-1.857888e-07
-1.978876e-07
-2.086632e-07
-2.175095e-07
-2.238278e-07
-2.271269e-07
1.713115e-07
1.685591e-07
1.632427e-07
1.557045e-07
1.463841e-07
1.357565e-07
1.242784e-07
1.123515e-07
1.003028e-07
8.837972e-08
7.675430e-08
6.553107e-08
5.475036e-08
4.437420e-08
3.423616e-08
2.398666e-08
1.354292e-08
-1.515316e-08
-3.143787e-08
-4.301152e-08
-5.082726e-08
-5.646020e-08
-6.142474e-08
-6.675946e-08
-7.297931e-08
-8.023545e-08
-8.849194e-08
-9.763705e-08
-1.075332e-07
-1.180325e-07
-1.289778e-07
-1.401972e-07
-1.514948e-07
-1.626365e-07
-1.733354e-07
-1.832407e-07
-1.919432e-07
-1.990016e-07
-2.039942e-07
-2.065844e-07
1.572432e-07
1.548775e-07
1.502905e-07
1.437477e-07
1.355976e-07
1.262255e-07
1.160130e-07
1.053067e-07
9.439966e-08
8.352571e-08
7.286207e-08
6.253692e-08
5.263262e-08
4.315750e-08
3.389109e-08
2.376521e-08
8.774677e-09
-2.422061e-08
-3.480269e-08
-4.230574e-08
-4.781341e-08
-5.268799e-08
-5.784633e-08
-6.372693e-08
-7.044537e-08
-7.795726e-08
-8.615860e-08
-9.492953e-08
-1.041483e-07
-1.136936e-07
-1.234414e-07
-1.332594e-07
-1.429962e-07
-1.524688e-07
-1.614503e-07
-1.696663e-07
-1.768033e-07
-1.825341e-07
-1.865551e-07
-1.886304e-07
1.455403e-07
1.434170e-07
1.392936e-07
1.333982e-07
1.260326e-07
1.175346e-07
1.082414e-07
9.846236e-08
8.846300e-08
7.845969e-08
6.862362e-08
5.909080e-08
4.997671e-08
4.140138e-08
3.355888e-08
2.686858e-08
-1.024252e-08
-2.624923e-08
-3.462182e-08
-4.007607e-08
-4.470414e-08
-4.954427e-08
-5.502771e-08
-6.124441e-08
-6.813086e-08
-7.557615e-08
-8.346528e-08
-9.169086e-08
-1.001537e-07
-1.087604e-07
-1.174179e-07
-1.260255e-07
-1.344644e-07
-1.425863e-07
-1.502067e-07
-1.571062e-07
-1.630414e-07
-1.677663e-07
-1.710590e-07
-1.727509e-07
1.359604e-07
1.339565e-07
1.300686e-07
1.245186e-07
1.175999e-07
1.096386e-07
1.009549e-07
9.183682e-08
8.252514e-08
7.320888e-08
6.402491e-08
5.505714e-08
4.633693e-08
3.788131e-08
2.988720e-08
2.321241e-08
-1.893190e-08
-2.748222e-08
-3.291973e-08
-3.735434e-08
-4.188587e-08
-4.696140e-08
-5.268206e-08
-5.899218e-08
-6.578355e-08
-7.294308e-08
-8.036894e-08
-8.797309e-08
-9.567896e-08
-1.034168e-07
-1.111167e-07
-1.186990e-07
-1.260654e-07
-1.330908e-07
-1.396219e-07
-1.454811e-07
-1.504783e-07
-1.544268e-07
-1.571626e-07
-1.585632e-07
1.283842e-07
1.263795e-07
1.225052e-07
1.170069e-07
1.102085e-07
1.024618e-07
9.409577e-08
8.538672e-08
7.654465e-08
6.770451e-08
5.891554e-08
5.013152e-08
4.124313e-08
3.225378e-08
2.365075e-08
1.669699e-08
-2.134625e-08
-2.615103e-08
-3.032786e-08
-3.462831e-08
-3.938439e-08
-4.468129e-08
-5.048186e-08
-5.669871e-08
-6.323254e-08
-6.999026e-08
-7.689158e-08
-8.386948e-08
-9.086709e-08
-9.783193e-08
-1.047081e-07
-1.114280e-07
-1.179055e-07
-1.240326e-07
-1.296807e-07
-1.347060e-07
-1.389596e-07
-1.422988e-07
-1.446011e-07
-1.457761e-07
1.228113e-07
1.206703e-07
1.165625e-07
1.107889e-07
1.037515e-07
9.587574e-08
8.751881e-08
7.894073e-08
7.029286e-08
6.161119e-08
5.282314e-08
4.381037e-08
3.458506e-08
2.552235e-08
1.736211e-08
1.080141e-08
-1.980760e-08
-2.357532e-08
-2.765198e-08
-3.216184e-08
-3.712479e-08
-4.250324e-08
-4.823017e-08
-5.422715e-08
-6.041650e-08
-6.672841e-08
-7.310393e-08
-7.949416e-08
-8.585642e-08
-9.214826e-08
-9.832069e-08
-1.043124e-07
-1.100460e-07
-1.154279e-07
-1.203507e-07
-1.246984e-07
-1.283537e-07
-1.312074e-07
-1.331666e-07
-1.341640e-07
1.193687e-07
1.169154e-07
1.122603e-07
1.057840e-07
9.803559e-08
8.958953e-08
8.083555e-08
7.199478e-08
6.314013e-08
5.424037e-08
4.525631e-08
3.628428e-08
2.764698e-08
1.978110e-08
1.294698e-08
6.992509e-09
-1.700490e-08
-2.091066e-08
-2.522675e-08
-2.992665e-08
-3.496471e-08
-4.028596e-08
-4.583033e-08
-5.153720e-08
-5.734997e-08
-6.321899e-08
-6.910220e-08
-7.496317e-08
-8.076709e-08
-8.647591e-08
-9.204375e-08
-9.741372e-08
-1.025167e-07
-1.072724e-07
-1.115918e-07
-1.153814e-07
-1.185492e-07
-1.210103e-07
-1.226940e-07
-1.235492e-07
1.183198e-07
1.152836e-07
1.096278e-07
1.017737e-07
9.254479e-08
8.286687e-08
7.315540e-08
6.362953e-08
5.438982e-08
4.550624e-08
3.709235e-08
2.931094e-08
2.229280e-08
1.603002e-08
1.032570e-08
4.789523e-09
-1.432494e-08
-1.853606e-08
-2.303960e-08
-2.780617e-08
-3.279534e-08
-3.796281e-08
-4.326343e-08
-4.865371e-08
-5.409396e-08
-5.954902e-08
-6.498747e-08
-7.037935e-08
-7.569312e-08
-8.089247e-08
-8.593396e-08
-9.076565e-08
-9.532698e-08
-9.954994e-08
-1.033613e-07
-1.066860e-07
-1.094511e-07
-1.115906e-07
-1.130498e-07
-1.137896e-07
1.200326e-07
1.158983e-07
1.084643e-07
9.809462e-08
8.600913e-08
7.438054e-08
6.347761e-08
5.358846e-08
4.481097e-08
3.710091e-08
3.032950e-08
2.432143e-08
1.887306e-08
1.375937e-08
8.730442e-09
3.490530e-09
-1.207960e-08
-1.644884e-08
-2.100069e-08
-2.571746e-08
-3.057122e-08
-3.553050e-08
-4.056352e-08
-4.563979e-08
-5.073071e-08
-5.580930e-08
-6.084917e-08
-6.582292e-08
-7.070043e-08
-7.544725e-08
-8.002338e-08
-8.438272e-08
-8.847327e-08
-9.223808e-08
-9.561717e-08
-9.855001e-08
-1.009787e-07
-1.028512e-07
-1.041250e-07
-1.047697e-07
1.247972e-07
1.185059e-07
1.077764e-07
9.313617e-08
7.679286e-08
6.344507e-08
5.245647e-08
4.363324e-08
3.656523e-08
3.074269e-08
2.570923e-08
2.111358e-08
1.669953e-08
1.227217e-08
7.661596e-09
2.694765e-09
-1.020235e-08
-1.456582e-08
-1.904768e-08
-2.363321e-08
-2.830152e-08
-3.302982e-08
-3.779489e-08
-4.257350e-08
-4.734232e-08
-5.207763e-08
-5.675499e-08
-6.134851e-08
-6.583003e-08
-7.016809e-08
-7.432720e-08
-7.826746e-08
-8.194477e-08
-8.531174e-08
-8.831919e-08
-9.091817e-08
-9.306233e-08
-9.471049e-08
-9.582916e-08
-9.639463e-08
1.324044e-07
1.220738e-07
1.057766e-07
8.471482e-08
6.479806e-08
5.182709e-08
4.250883e-08
3.578030e-08
3.067521e-08
2.646355e-08
2.265964e-08
1.896074e-08
1.517954e-08
1.119099e-08
6.896667e-09
2.207602e-09
-8.575441e-09
-1.282405e-08
-1.716106e-08
-2.156920e-08
-2.602974e-08
-3.052326e-08
-3.502950e-08
-3.952726e-08
-4.399461e-08
-4.840920e-08
-5.274827e-08
-5.698830e-08
-6.110416e-08
-6.506829e-08
-6.884996e-08
-7.241511e-08
-7.572656e-08
-7.874489e-08
-8.142967e-08
-8.374113e-08
-8.564195e-08
-8.709929e-08
-8.808654e-08
-8.858500e-08
1.417993e-07
1.248531e-07
1.004267e-07
7.214809e-08
5.294449e-08
4.205392e-08
3.507025e-08
3.030575e-08
2.668261e-08
2.354708e-08
2.051992e-08
1.738645e-08
1.402443e-08
1.035928e-08
6.339018e-09
1.925578e-09
-7.117537e-09
-1.119742e-08
-1.535406e-08
-1.956590e-08
-2.381258e-08
-2.807354e-08
-3.232756e-08
-3.655320e-08
-4.072935e-08
-4.483561e-08
-4.885200e-08
-5.275826e-08
-5.653284e-08
-6.015208e-08
-6.358966e-08
-6.681658e-08
-6.980150e-08
-7.251157e-08
-7.491347e-08
-7.697470e-08
-7.866506e-08
-7.995815e-08
-8.083269e-08
-8.127380e-08
1.512712e-07
1.251007e-07
9.009987e-08
5.882404e-08
4.338201e-08
3.495183e-08
2.992955e-08
2.656483e-08
2.391370e-08
2.146253e-08
1.893342e-08
1.617797e-08
1.311766e-08
9.710476e-09
5.933935e-09
1.780587e-09
-5.795380e-09
-9.691969e-09
-1.365860e-08
-1.766894e-08
-2.169886e-08
-2.572502e-08
-2.972506e-08
-3.367826e-08
-3.756578e-08
-4.137042e-08
-4.507564e-08
-4.866455e-08
-5.211886e-08
-5.541829e-08
-5.854028e-08
-6.146009e-08
-6.415129e-08
-6.658643e-08
-6.873792e-08
-7.057912e-08
-7.208544e-08
-7.323553e-08
-7.401227e-08
-7.440371e-08
1.590166e-07
1.208973e-07
7.527766e-08
4.886023e-08
3.649810e-08
3.013218e-08
2.649276e-08
2.403659e-08
2.199315e-08
1.996668e-08
1.775293e-08
1.524874e-08
1.240483e-08
9.201119e-09
5.635132e-09
1.719262e-09
-4.613208e-09
-8.331027e-09
-1.210640e-08
-1.590969e-08
-1.971413e-08
-2.349566e-08
-2.723328e-08
-3.090921e-08
-3.450827e-08
-3.801679e-08
-4.142139e-08
-4.470792e-08
-4.786073e-08
-5.086229e-08
-5.369316e-08
-5.633223e-08
-5.875715e-08
-6.094492e-08
-6.287265e-08
-6.451840e-08
-6.586206e-08
-6.688625e-08
-6.757713e-08
-6.792504e-08
1.637203e-07
1.088158e-07
6.260359e-08
4.168870e-08
3.200882e-08
2.716903e-08
2.441439e-08
2.248288e-08
2.076493e-08
1.895678e-08
1.690705e-08
1.454370e-08
1.183760e-08
8.784320e-09
5.396101e-09
1.699524e-09
-3.591569e-09
-7.134403e-09
-1.071188e-08
-1.429504e-08
-1.785868e-08
-2.138179e-08
-2.484747e-08
-2.824215e-08
-3.155432e-08
-3.477325e-08
-3.788788e-08
-4.088607e-08
-4.375422e-08
-4.647707e-08
-4.903786e-08
-5.141853e-08
-5.360016e-08
-5.556345e-08
-5.728935e-08
-5.875975e-08
-5.995812e-08
-6.087028e-08
-6.148494e-08
-6.179427e-08
1.624864e-07
9.190975e-08
5.367135e-08
3.726596e-08
2.970801e-08
2.584413e-08
2.352379e-08
2.177386e-08
2.012525e-08
1.834482e-08
1.631784e-08
1.399264e-08
1.135327e-08
8.406270e-09
5.174464e-09
1.693812e-09
-2.746168e-09
-6.103915e-09
-9.466404e-09
-1.281044e-08
-1.611660e-08
-1.936953e-08
-2.255730e-08
-2.567021e-08
-2.869953e-08
-3.163655e-08
-3.447179e-08
-3.719462e-08
-3.979310e-08
-4.225395e-08
-4.456268e-08
-4.670387e-08
-4.866149e-08
-5.041934e-08
-5.196155e-08
-5.327311e-08
-5.434040e-08
-5.515179e-08
-5.569806e-08
-5.597283e-08
1.501717e-07
7.781527e-08
4.830765e-08
3.561933e-08
2.942040e-08
2.593789e-08
2.361402e-08
2.172630e-08
1.991426e-08
1.799269e-08
1.586844e-08
1.350037e-08
1.087919e-08
8.016919e-09
4.940945e-09
1.689390e-09
-2.073440e-09
-5.221313e-09
-8.345797e-09
-1.143221e-08
-1.446837e-08
-1.744464e-08
-2.035318e-08
-2.318703e-08
-2.593927e-08
-2.860250e-08
-3.116841e-08
-3.362762e-08
-3.596965e-08
-3.818295e-08
-4.025504e-08
-4.217277e-08
-4.392258e-08
-4.549088e-08
-4.686440e-08
-4.803071e-08
-4.897858e-08
-4.969842e-08
-5.018268e-08
-5.042614e-08
1.283242e-07
6.926637e-08
4.688863e-08
3.645597e-08
3.069195e-08
2.701474e-08
2.431144e-08
2.203212e-08
1.988368e-08
1.770568e-08
1.541265e-08
1.296474e-08
1.035175e-08
7.583477e-09
4.683067e-09
1.681790e-09
-1.550000e-09
-4.457906e-09
-7.323304e-09
-1.013900e-08
-1.289863e-08
-1.559668e-08
-1.822796e-08
-2.078722e-08
-2.326872e-08
-2.566602e-08
-2.797180e-08
-3.017782e-08
-3.227493e-08
-3.425314e-08
-3.610175e-08
-3.780958e-08
-3.936519e-08
-4.075716e-08
-4.197446e-08
-4.300675e-08
-4.384476e-08
-4.448061e-08
-4.490808e-08
-4.512291e-08
1.048067e-07
6.537015e-08
4.806237e-08
3.859080e-08
3.259542e-08
2.836327e-08
2.507437e-08
2.228402e-08
1.973461e-08
1.727372e-08
1.481313e-08
1.230607e-08
9.733334e-09
7.094002e-09
4.398883e-09
1.665947e-09
-1.143183e-09
-3.786366e-09
-6.378333e-09
-8.916360e-09
-1.139753e-08
-1.381864e-08
-1.617609e-08
-1.846567e-08
-2.068255e-08
-2.282111e-08
-2.487496e-08
-2.683693e-08
-2.869911e-08
-3.045291e-08
-3.208923e-08
-3.359861e-08
-3.497142e-08
-3.619811e-08
-3.726952e-08
-3.817707e-08
-3.891311e-08
-3.947116e-08
-3.984612e-08
-4.003450e-08
8.627987e-08
6.279039e-08
4.920155e-08
4.028527e-08
3.394900e-08
2.915776e-08
2.532291e-08
2.208175e-08
1.920206e-08
1.653371e-08
1.398096e-08
1.148510e-08
9.012821e-09
6.548088e-09
4.086612e-09
1.632318e-09
-8.233141e-10
-3.186897e-09
-5.497905e-09
-7.755601e-09
-9.958689e-09
-1.210519e-08
-1.419241e-08
-1.621696e-08
-1.817473e-08
-2.006091e-08
-2.187000e-08
-2.359584e-08
-2.523165e-08
-2.677016e-08
-2.820366e-08
-2.952420e-08
-3.072375e-08
-3.179435e-08
-3.272842e-08
-3.351888e-08
-3.415944e-08
-3.464478e-08
-3.497074e-08
-3.513445e-08
7.256249e-08
5.884877e-08
4.827325e-08
4.013277e-08
3.379180e-08
2.875053e-08
2.463277e-08
2.116136e-08
1.813527e-08
1.541095e-08
1.288773e-08
1.049664e-08
8.191952e-09
5.944964e-09
3.739529e-09
1.569081e-09
-5.700697e-10
-2.647228e-09
-4.674120e-09
-6.650888e-09
-8.577015e-09
-1.045122e-08
-1.227148e-08
-1.403505e-08
-1.573851e-08
-1.737780e-08
-1.894829e-08
-2.044475e-08
-2.186150e-08
-2.319240e-08
-2.443104e-08
-2.557079e-08
-2.660500e-08
-2.752713e-08
-2.833091e-08
-2.901058e-08
-2.956098e-08
-2.997779e-08
-3.025760e-08
-3.039810e-08
6.074611e-08
5.255311e-08
4.455404e-08
3.757611e-08
3.173356e-08
2.689519e-08
2.286700e-08
1.946107e-08
1.651818e-08
1.391202e-08
1.154634e-08
9.350161e-09
7.272786e-09
5.279505e-09
3.348105e-09
1.466157e-09
-3.720441e-10
-2.159878e-09
-3.901321e-09
-5.597154e-09
-7.247385e-09
-8.851251e-09
-1.040726e-08
-1.191324e-08
-1.336644e-08
-1.476351e-08
-1.610059e-08
-1.737339e-08
-1.857717e-08
-1.970690e-08
-2.075729e-08
-2.172291e-08
-2.259833e-08
-2.337823e-08
-2.405752e-08
-2.463153e-08
-2.509611e-08
-2.544777e-08
-2.568377e-08
-2.580224e-08
4.914209e-08
4.420710e-08
3.844571e-08
3.290778e-08
2.798479e-08
2.375283e-08
2.015296e-08
1.708004e-08
1.442377e-08
1.208564e-08
9.984546e-09
8.057020e-09
6.255485e-09
4.545776e-09
2.904679e-09
1.317700e-09
-2.229813e-10
-1.719394e-09
-3.174315e-09
-4.589085e-09
-5.964142e-09
-7.299142e-09
-8.593051e-09
-9.844229e-09
-1.105049e-08
-1.220918e-08
-1.331719e-08
-1.437103e-08
-1.536690e-08
-1.630074e-08
-1.716830e-08
-1.796523e-08
-1.868719e-08
-1.932992e-08
-1.988940e-08
-2.036191e-08
-2.074416e-08
-2.103339e-08
-2.122745e-08
-2.132485e-08
3.774306e-08
3.484330e-08
3.094922e-08
2.689289e-08
2.308854e-08
1.969635e-08
1.674026e-08
1.418016e-08
1.195223e-08
9.989614e-09
8.232056e-09
6.629475e-09
5.142550e-09
3.741880e-09
2.406579e-09
1.122734e-09
-1.180489e-10
-1.320489e-09
-2.487491e-09
-3.620737e-09
-4.720958e-09
-5.788121e-09
-6.821572e-09
-7.820123e-09
-8.782126e-09
-9.705531e-09
-1.058793e-08
-1.142663e-08
-1.221866e-08
-1.296086e-08
-1.364993e-08
-1.428252e-08
-1.485525e-08
-1.536487e-08
-1.580825e-08
-1.618254e-08
-1.648523e-08
-1.671419e-08
-1.686777e-08
-1.694485e-08
2.711632e-08
2.547654e-08
2.301653e-08
2.027421e-08
1.757692e-08
1.508844e-08
1.286743e-08
1.091337e-08
9.197162e-09
7.679383e-09
6.320232e-09
5.084332e-09
3.942565e-09
2.872317e-09
1.856930e-09
8.847917e-10
-5.156075e-11
-9.570361e-10
-1.834424e-09
-2.685416e-09
-3.510828e-09
-4.310810e-09
-5.084990e-09
-5.832562e-09
-6.552352e-09
-7.242878e-09
-7.902386e-09
-8.528894e-09
-9.120233e-09
-9.674088e-09
-1.018805e-08
-1.065965e-08
-1.108644e-08
-1.146603e-08
-1.179617e-08
-1.207477e-08
-1.230001e-08
-1.247035e-08
-1.258459e-08
-1.264192e-08
1.746266e-08
1.658628e-08
1.516526e-08
1.349766e-08
1.179499e-08
1.018048e-08
8.710850e-09
7.400328e-09
6.239615e-09
5.208653e-09
4.284342e-09
3.444722e-09
2.670932e-09
1.947851e-09
1.264017e-09
6.111976e-10
-1.608739e-11
-6.216710e-10
-1.207753e-09
-1.775675e-09
-2.326124e-09
-2.859300e-09
-3.375014e-09
-3.872777e-09
-4.351839e-09
-4.811239e-09
-5.249832e-09
-5.666323e-09
-6.059288e-09
-6.427210e-09
-6.768511e-09
-7.081578e-09
-7.364810e-09
-7.616647e-09
-7.835614e-09
-8.020359e-09
-8.169688e-09
-8.282601e-09
-8.358321e-09
-8.396317e-09
8.548302e-09
8.165374e-09
7.517200e-09
6.732612e-09
5.912644e-09
5.121505e-09
4.392192e-09
3.736090e-09
3.151694e-09
2.631006e-09
2.163650e-09
1.739239e-09
1.348576e-09
9.841295e-10
6.400890e-10
3.122077e-10
-2.456615e-12
-3.058073e-10
-5.992410e-10
-8.834028e-10
-1.158694e-09
-1.425246e-09
-1.682988e-09
-1.931688e-09
-2.170983e-09
-2.400401e-09
-2.619377e-09
-2.827271e-09
-3.023378e-09
-3.206949e-09
-3.377201e-09
-3.533339e-09
-3.674570e-09
-3.800125e-09
-3.909275e-09
-4.001353e-09
-4.075771e-09
-4.132037e-09
-4.169766e-09
-4.188697e-09
0.000000e+00
0.000000e+00
0.000000e+00
0.000000e+00
0.000000e+00
0.000000e+00
0.000000e+00
0.000000e+00
0.000000e+00
0.000000e+00
0.000000e+00
0.000000e+00
0.000000e+00
0.000000e+00
0.000000e+00
0.000000e+00
0.000000e+00
0.000000e+00
0.000000e+00
0.000000e+00
0.000000e+00
0.000000e+00
0.000000e+00
0.000000e+00
0.000000e+00
0.000000e+00
0.000000e+00
0.000000e+00
0.000000e+00
0.000000e+00
0.000000e+00
0.000000e+00
0.000000e+00
0.000000e+00
0.000000e+00
0.000000e+00
0.000000e+00
0.000000e+00
0.000000e+00
0.000000e+00
