2.003782e+06
2.003396e+06
2.003162e+06
2.003001e+06
2.002878e+06
2.002780e+06
2.002698e+06
2.002628e+06
2.002567e+06
2.002513e+06
2.002464e+06
2.002419e+06
2.002379e+06
2.002342e+06
2.002307e+06
2.002276e+06
2.002246e+06
2.002218e+06
2.002193e+06
2.002169e+06
2.002146e+06
2.002125e+06
2.002106e+06
2.002088e+06
2.002071e+06
2.002055e+06
2.002041e+06
2.002028e+06
2.002017e+06
2.002007e+06
2.001998e+06
2.001992e+06
2.001987e+06
2.001987e+06
2.001986e+06
2.001988e+06
2.001988e+06
2.001989e+06
2.001989e+06
2.001989e+06
2.003389e+06
2.003237e+06
2.003084e+06
2.002955e+06
2.002848e+06
2.002757e+06
2.002680e+06
2.002613e+06
2.002554e+06
2.002501e+06
2.002453e+06
2.002409e+06
2.002369e+06
2.002332e+06
2.002298e+06
2.002267e+06
2.002237e+06
2.002210e+06
2.002184e+06
2.002161e+06
2.002138e+06
2.002117e+06
2.002098e+06
2.002080e+06
2.002063e+06
2.002048e+06
2.002033e+06
2.002020e+06
2.002009e+06
2.001999e+06
2.001990e+06
2.001983e+06
2.001977e+06
2.001972e+06
2.001971e+06
2.001970e+06
2.001970e+06
2.001970e+06
2.001971e+06
2.001971e+06
2.003149e+06
2.003078e+06
2.002982e+06
2.002887e+06
2.002800e+06
2.002722e+06
2.002652e+06
2.002590e+06
2.002534e+06
2.002483e+06
2.002437e+06
2.002395e+06
2.002356e+06
2.002320e+06
2.002287e+06
2.002256e+06
2.002227e+06
2.002200e+06
2.002175e+06
2.002151e+06
2.002129e+06
2.002108e+06
2.002089e+06
2.002071e+06
2.002054e+06
2.002038e+06
2.002024e+06
2.002011e+06
2.002000e+06
2.001989e+06
2.001980e+06
2.001972e+06
2.001965e+06
2.001959e+06
2.001955e+06
2.001952e+06
2.001952e+06
2.001952e+06
2.001952e+06
2.001953e+06
2.002981e+06
2.002942e+06
2.002881e+06
2.002812e+06
2.002743e+06
2.002677e+06
2.002616e+06
2.002560e+06
2.002509e+06
2.002462e+06
2.002418e+06
2.002378e+06
2.002340e+06
2.002306e+06
2.002273e+06
2.002243e+06
2.002215e+06
2.002188e+06
2.002163e+06
2.002140e+06
2.002118e+06
2.002097e+06
2.002078e+06
2.002060e+06
2.002043e+06
2.002028e+06
2.002014e+06
2.002001e+06
2.001989e+06
2.001978e+06
2.001969e+06
2.001960e+06
2.001953e+06
2.001946e+06
2.001941e+06
2.001937e+06
2.001934e+06
2.001934e+06
2.001934e+06
2.001934e+06
2.002852e+06
2.002828e+06
2.002787e+06
2.002736e+06
2.002682e+06
2.002628e+06
2.002576e+06
2.002526e+06
2.002480e+06
2.002436e+06
2.002396e+06
2.002358e+06
2.002322e+06
2.002289e+06
2.002257e+06
2.002228e+06
2.002200e+06
2.002174e+06
2.002150e+06
2.002127e+06
2.002105e+06
2.002085e+06
2.002066e+06
2.002048e+06
2.002032e+06
2.002016e+06
2.002002e+06
2.001989e+06
2.001977e+06
2.001966e+06
2.001957e+06
2.001948e+06
2.001940e+06
2.001933e+06
2.001927e+06
2.001922e+06
2.001918e+06
2.001917e+06
2.001917e+06
2.001917e+06
2.002747e+06
2.002731e+06
2.002702e+06
2.002664e+06
2.002621e+06
2.002577e+06
2.002533e+06
2.002489e+06
2.002448e+06
2.002408e+06
2.002370e+06
2.002335e+06
2.002301e+06
2.002270e+06
2.002240e+06
2.002211e+06
2.002185e+06
2.002159e+06
2.002135e+06
2.002113e+06
2.002092e+06
2.002072e+06
2.002053e+06
2.002036e+06
2.002019e+06
2.002004e+06
2.001990e+06
2.001976e+06
2.001964e+06
2.001953e+06
2.001943e+06
2.001934e+06
2.001926e+06
2.001919e+06
2.001912e+06
2.001907e+06
2.001903e+06
2.001900e+06
2.001899e+06
2.001899e+06
2.002659e+06
2.002647e+06
2.002626e+06
2.002596e+06
2.002563e+06
2.002526e+06
2.002488e+06
2.002451e+06
2.002414e+06
2.002378e+06
2.002343e+06
2.002310e+06
2.002279e+06
2.002249e+06
2.002220e+06
2.002193e+06
2.002167e+06
2.002143e+06
2.002120e+06
2.002098e+06
2.002077e+06
2.002057e+06
2.002039e+06
2.002021e+06
2.002005e+06
2.001990e+06
2.001976e+06
2.001963e+06
2.001950e+06
2.001939e+06
2.001929e+06
2.001920e+06
2.001912e+06
2.001904e+06
2.001897e+06
2.001892e+06
2.001887e+06
2.001884e+06
2.001881e+06
2.001881e+06
2.002582e+06
2.002573e+06
2.002557e+06
2.002534e+06
2.002506e+06
2.002476e+06
2.002444e+06
2.002411e+06
2.002378e+06
2.002346e+06
2.002314e+06
2.002284e+06
2.002255e+06
2.002226e+06
2.002199e+06
2.002173e+06
2.002149e+06
2.002125e+06
2.002103e+06
2.002081e+06
2.002061e+06
2.002042e+06
2.002023e+06
2.002006e+06
2.001990e+06
2.001975e+06
2.001961e+06
2.001948e+06
2.001936e+06
2.001924e+06
2.001914e+06
2.001905e+06
2.001896e+06
2.001888e+06
2.001882e+06
2.001876e+06
2.001871e+06
2.001867e+06
2.001865e+06
2.001864e+06
2.002514e+06
2.002507e+06
2.002494e+06
2.002476e+06
2.002453e+06
2.002428e+06
2.002400e+06
2.002372e+06
2.002343e+06
2.002314e+06
2.002285e+06
2.002257e+06
2.002229e+06
2.002203e+06
2.002177e+06
2.002153e+06
2.002129e+06
2.002106e+06
2.002084e+06
2.002064e+06
2.002044e+06
2.002025e+06
2.002007e+06
2.001990e+06
2.001974e+06
2.001959e+06
2.001945e+06
2.001932e+06
2.001920e+06
2.001908e+06
2.001898e+06
2.001889e+06
2.001880e+06
2.001872e+06
2.001865e+06
2.001859e+06
2.001854e+06
2.001850e+06
2.001848e+06
2.001847e+06
2.002453e+06
2.002448e+06
2.002437e+06
2.002422e+06
2.002403e+06
2.002381e+06
2.002358e+06
2.002333e+06
2.002307e+06
2.002281e+06
2.002255e+06
2.002229e+06
2.002203e+06
2.002178e+06
2.002154e+06
2.002131e+06
2.002108e+06
2.002086e+06
2.002065e+06
2.002045e+06
2.002026e+06
2.002007e+06
2.001990e+06
2.001973e+06
2.001957e+06
2.001942e+06
2.001928e+06
2.001915e+06
2.001903e+06
2.001892e+06
2.001881e+06
2.001872e+06
2.001863e+06
2.001855e+06
2.001848e+06
2.001842e+06
2.001837e+06
2.001833e+06
2.001830e+06
2.001829e+06
2.002398e+06
2.002393e+06
2.002384e+06
2.002372e+06
2.002356e+06
2.002337e+06
2.002317e+06
2.002294e+06
2.002271e+06
2.002248e+06
2.002224e+06
2.002200e+06
2.002177e+06
2.002153e+06
2.002130e+06
2.002108e+06
2.002086e+06
2.002066e+06
2.002045e+06
2.002026e+06
2.002007e+06
2.001989e+06
2.001972e+06
2.001955e+06
2.001939e+06
2.001925e+06
2.001911e+06
2.001898e+06
2.001885e+06
2.001874e+06
2.001863e+06
2.001854e+06
2.001845e+06
2.001837e+06
2.001830e+06
2.001824e+06
2.001819e+06
2.001815e+06
2.001812e+06
2.001811e+06
2.002347e+06
2.002343e+06
2.002335e+06
2.002325e+06
2.002311e+06
2.002295e+06
2.002277e+06
2.002257e+06
2.002237e+06
2.002215e+06
2.002193e+06
2.002171e+06
2.002149e+06
2.002128e+06
2.002106e+06
2.002085e+06
2.002064e+06
2.002044e+06
2.002024e+06
2.002006e+06
2.001987e+06
2.001970e+06
2.001953e+06
2.001936e+06
2.001921e+06
2.001906e+06
2.001892e+06
2.001879e+06
2.001867e+06
2.001855e+06
2.001845e+06
2.001835e+06
2.001826e+06
2.001818e+06
2.001811e+06
2.001805e+06
2.001800e+06
2.001796e+06
2.001793e+06
2.001792e+06
2.002299e+06
2.002296e+06
2.002290e+06
2.002281e+06
2.002269e+06
2.002255e+06
2.002239e+06
2.002221e+06
2.002203e+06
2.002183e+06
2.002163e+06
2.002143e+06
2.002122e+06
2.002102e+06
2.002081e+06
2.002061e+06
2.002041e+06
2.002022e+06
2.002003e+06
2.001985e+06
2.001967e+06
2.001949e+06
2.001933e+06
2.001917e+06
2.001901e+06
2.001887e+06
2.001873e+06
2.001860e+06
2.001847e+06
2.001836e+06
2.001825e+06
2.001815e+06
2.001806e+06
2.001798e+06
2.001791e+06
2.001785e+06
2.001780e+06
2.001776e+06
2.001773e+06
2.001772e+06
2.002255e+06
2.002253e+06
2.002247e+06
2.002239e+06
2.002229e+06
2.002216e+06
2.002202e+06
2.002186e+06
2.002169e+06
2.002152e+06
2.002133e+06
2.002114e+06
2.002095e+06
2.002076e+06
2.002056e+06
2.002037e+06
2.002018e+06
2.002000e+06
2.001981e+06
2.001963e+06
2.001946e+06
2.001929e+06
2.001912e+06
2.001897e+06
2.001881e+06
2.001867e+06
2.001853e+06
2.001840e+06
2.001827e+06
2.001816e+06
2.001805e+06
2.001795e+06
2.001786e+06
2.001778e+06
2.001770e+06
2.001764e+06
2.001759e+06
2.001755e+06
2.001752e+06
2.001751e+06
2.002214e+06
2.002212e+06
2.002207e+06
2.002200e+06
2.002191e+06
2.002179e+06
2.002167e+06
2.002152e+06
2.002137e+06
2.002121e+06
2.002104e+06
2.002086e+06
2.002068e+06
2.002050e+06
2.002031e+06
2.002013e+06
2.001995e+06
2.001977e+06
2.001959e+06
2.001942e+06
2.001924e+06
2.001908e+06
2.001891e+06
2.001876e+06
2.001861e+06
2.001846e+06
2.001832e+06
2.001819e+06
2.001806e+06
2.001795e+06
2.001784e+06
2.001773e+06
2.001764e+06
2.001756e+06
2.001749e+06
2.001742e+06
2.001737e+06
2.001733e+06
2.001730e+06
2.001729e+06
2.002176e+06
2.002173e+06
2.002169e+06
2.002163e+06
2.002154e+06
2.002144e+06
2.002133e+06
2.002120e+06
2.002106e+06
2.002090e+06
2.002075e+06
2.002058e+06
2.002041e+06
2.002024e+06
2.002006e+06
2.001989e+06
2.001971e+06
2.001954e+06
2.001936e+06
2.001919e+06
2.001903e+06
2.001886e+06
2.001870e+06
2.001854e+06
2.001839e+06
2.001825e+06
2.001811e+06
2.001797e+06
2.001785e+06
2.001773e+06
2.001761e+06
2.001751e+06
2.001742e+06
2.001733e+06
2.001726e+06
2.001719e+06
2.001714e+06
2.001710e+06
2.001707e+06
2.001705e+06
2.002139e+06
2.002137e+06
2.002133e+06
2.002128e+06
2.002120e+06
2.002111e+06
2.002100e+06
2.002088e+06
2.002075e+06
2.002061e+06
2.002046e+06
2.002031e+06
2.002015e+06
2.001998e+06
2.001981e+06
2.001965e+06
2.001948e+06
2.001931e+06
2.001914e+06
2.001897e+06
2.001880e+06
2.001864e+06
2.001848e+06
2.001832e+06
2.001817e+06
2.001803e+06
2.001788e+06
2.001775e+06
2.001762e+06
2.001750e+06
2.001739e+06
2.001728e+06
2.001718e+06
2.001710e+06
2.001702e+06
2.001695e+06
2.001690e+06
2.001686e+06
2.001683e+06
2.001681e+06
2.002105e+06
2.002103e+06
2.002099e+06
2.002094e+06
2.002087e+06
2.002079e+06
2.002069e+06
2.002058e+06
2.002046e+06
2.002032e+06
2.002018e+06
2.002004e+06
2.001989e+06
2.001973e+06
2.001957e+06
2.001940e+06
2.001924e+06
2.001907e+06
2.001891e+06
2.001874e+06
2.001858e+06
2.001842e+06
2.001826e+06
2.001810e+06
2.001795e+06
2.001780e+06
2.001766e+06
2.001752e+06
2.001739e+06
2.001726e+06
2.001715e+06
2.001704e+06
2.001694e+06
2.001685e+06
2.001677e+06
2.001670e+06
2.001665e+06
2.001660e+06
2.001657e+06
2.001656e+06
2.002072e+06
2.002071e+06
2.002067e+06
2.002062e+06
2.002056e+06
2.002048e+06
2.002039e+06
2.002029e+06
2.002017e+06
2.002005e+06
2.001991e+06
2.001977e+06
2.001963e+06
2.001948e+06
2.001932e+06
2.001916e+06
2.001900e+06
2.001884e+06
2.001868e+06
2.001851e+06
2.001835e+06
2.001819e+06
2.001803e+06
2.001787e+06
2.001772e+06
2.001757e+06
2.001742e+06
2.001728e+06
2.001715e+06
2.001702e+06
2.001690e+06
2.001679e+06
2.001669e+06
2.001660e+06
2.001651e+06
2.001644e+06
2.001638e+06
2.001634e+06
2.001631e+06
2.001629e+06
2.002041e+06
2.002040e+06
2.002037e+06
2.002032e+06
2.002026e+06
2.002019e+06
2.002010e+06
2.002000e+06
2.001990e+06
2.001978e+06
2.001965e+06
2.001952e+06
2.001938e+06
2.001923e+06
2.001908e+06
2.001893e+06
2.001877e+06
2.001861e+06
2.001845e+06
2.001829e+06
2.001812e+06
2.001796e+06
2.001780e+06
2.001764e+06
2.001749e+06
2.001733e+06
2.001719e+06
2.001704e+06
2.001690e+06
2.001677e+06
2.001665e+06
2.001653e+06
2.001643e+06
2.001633e+06
2.001624e+06
2.001617e+06
2.001611e+06
2.001606e+06
2.001603e+06
2.001601e+06
2.002012e+06
2.002010e+06
2.002007e+06
2.002003e+06
2.001998e+06
2.001991e+06
2.001983e+06
2.001973e+06
2.001963e+06
2.001952e+06
2.001940e+06
2.001927e+06
2.001913e+06
2.001899e+06
2.001884e+06
2.001869e+06
2.001854e+06
2.001838e+06
2.001822e+06
2.001806e+06
2.001790e+06
2.001773e+06
2.001757e+06
2.001741e+06
2.001725e+06
2.001710e+06
2.001694e+06
2.001680e+06
2.001665e+06
2.001652e+06
2.001639e+06
2.001627e+06
2.001615e+06
2.001605e+06
2.001596e+06
2.001588e+06
2.001582e+06
2.001577e+06
2.001573e+06
2.001571e+06
2.001984e+06
2.001982e+06
2.001980e+06
2.001976e+06
2.001970e+06
2.001964e+06
2.001956e+06
2.001947e+06
2.001937e+06
2.001926e+06
2.001915e+06
2.001902e+06
2.001889e+06
2.001875e+06
2.001861e+06
2.001846e+06
2.001831e+06
2.001815e+06
2.001799e+06
2.001783e+06
2.001767e+06
2.001750e+06
2.001734e+06
2.001718e+06
2.001701e+06
2.001685e+06
2.001670e+06
2.001654e+06
2.001639e+06
2.001625e+06
2.001612e+06
2.001599e+06
2.001587e+06
2.001576e+06
2.001567e+06
2.001558e+06
2.001551e+06
2.001546e+06
2.001542e+06
2.001540e+06
2.001957e+06
2.001956e+06
2.001953e+06
2.001949e+06
2.001944e+06
2.001938e+06
2.001931e+06
2.001922e+06
2.001913e+06
2.001902e+06
2.001891e+06
2.001879e+06
2.001866e+06
2.001852e+06
2.001838e+06
2.001823e+06
2.001808e+06
2.001793e+06
2.001777e+06
2.001760e+06
2.001744e+06
2.001727e+06
2.001711e+06
2.001694e+06
2.001677e+06
2.001661e+06
2.001645e+06
2.001629e+06
2.001613e+06
2.001598e+06
2.001584e+06
2.001570e+06
2.001558e+06
2.001546e+06
2.001536e+06
2.001527e+06
2.001520e+06
2.001514e+06
2.001510e+06
2.001508e+06
2.001932e+06
2.001931e+06
2.001928e+06
2.001924e+06
2.001920e+06
2.001913e+06
2.001906e+06
2.001898e+06
2.001889e+06
2.001879e+06
2.001868e+06
2.001856e+06
2.001843e+06
2.001830e+06
2.001816e+06
2.001801e+06
2.001786e+06
2.001770e+06
2.001754e+06
2.001738e+06
2.001721e+06
2.001704e+06
2.001687e+06
2.001670e+06
2.001653e+06
2.001636e+06
2.001619e+06
2.001602e+06
2.001586e+06
2.001570e+06
2.001555e+06
2.001541e+06
2.001527e+06
2.001515e+06
2.001504e+06
2.001494e+06
2.001486e+06
2.001480e+06
2.001476e+06
2.001473e+06
2.001908e+06
2.001907e+06
2.001904e+06
2.001901e+06
2.001896e+06
2.001890e+06
2.001883e+06
2.001875e+06
2.001866e+06
2.001856e+06
2.001845e+06
2.001834e+06
2.001821e+06
2.001808e+06
2.001794e+06
2.001779e+06
2.001764e+06
2.001749e+06
2.001732e+06
2.001716e+06
2.001699e+06
2.001682e+06
2.001664e+06
2.001647e+06
2.001629e+06
2.001611e+06
2.001593e+06
2.001576e+06
2.001559e+06
2.001542e+06
2.001526e+06
2.001510e+06
2.001496e+06
2.001482e+06
2.001470e+06
2.001460e+06
2.001451e+06
2.001444e+06
2.001439e+06
2.001437e+06
2.001885e+06
2.001884e+06
2.001882e+06
2.001878e+06
2.001873e+06
2.001868e+06
2.001861e+06
2.001853e+06
2.001844e+06
2.001834e+06
2.001824e+06
2.001812e+06
2.001800e+06
2.001787e+06
2.001773e+06
2.001758e+06
2.001743e+06
2.001727e+06
2.001711e+06
2.001694e+06
2.001677e+06
2.001659e+06
2.001641e+06
2.001623e+06
2.001605e+06
2.001586e+06
2.001567e+06
2.001549e+06
2.001531e+06
2.001513e+06
2.001496e+06
2.001479e+06
2.001463e+06
2.001449e+06
2.001435e+06
2.001424e+06
2.001414e+06
2.001406e+06
2.001401e+06
2.001398e+06
2.001863e+06
2.001862e+06
2.001860e+06
2.001857e+06
2.001852e+06
2.001846e+06
2.001840e+06
2.001832e+06
2.001823e+06
2.001814e+06
2.001803e+06
2.001792e+06
2.001779e+06
2.001766e+06
2.001752e+06
2.001738e+06
2.001722e+06
2.001706e+06
2.001690e+06
2.001673e+06
2.001655e+06
2.001637e+06
2.001619e+06
2.001600e+06
2.001580e+06
2.001561e+06
2.001542e+06
2.001522e+06
2.001503e+06
2.001483e+06
2.001465e+06
2.001447e+06
2.001429e+06
2.001413e+06
2.001399e+06
2.001386e+06
2.001375e+06
2.001366e+06
2.001360e+06
2.001357e+06
2.001843e+06
2.001842e+06
2.001839e+06
2.001836e+06
2.001832e+06
2.001826e+06
2.001820e+06
2.001812e+06
2.001803e+06
2.001794e+06
2.001783e+06
2.001772e+06
2.001760e+06
2.001747e+06
2.001733e+06
2.001718e+06
2.001702e+06
2.001686e+06
2.001670e+06
2.001652e+06
2.001634e+06
2.001615e+06
2.001596e+06
2.001577e+06
2.001557e+06
2.001536e+06
2.001516e+06
2.001495e+06
2.001474e+06
2.001453e+06
2.001433e+06
2.001413e+06
2.001394e+06
2.001377e+06
2.001360e+06
2.001346e+06
2.001333e+06
2.001324e+06
2.001317e+06
2.001313e+06
2.001823e+06
2.001822e+06
2.001820e+06
2.001817e+06
2.001812e+06
2.001807e+06
2.001800e+06
2.001793e+06
2.001784e+06
2.001775e+06
2.001764e+06
2.001753e+06
2.001741e+06
2.001728e+06
2.001714e+06
2.001699e+06
2.001683e+06
2.001667e+06
2.001650e+06
2.001632e+06
2.001613e+06
2.001594e+06
2.001574e+06
2.001554e+06
2.001533e+06
2.001512e+06
2.001490e+06
2.001468e+06
2.001445e+06
2.001423e+06
2.001401e+06
2.001379e+06
2.001358e+06
2.001338e+06
2.001320e+06
2.001304e+06
2.001289e+06
2.001278e+06
2.001270e+06
2.001266e+06
2.001805e+06
2.001804e+06
2.001802e+06
2.001799e+06
2.001794e+06
2.001789e+06
2.001782e+06
2.001775e+06
2.001766e+06
2.001757e+06
2.001747e+06
2.001735e+06
2.001723e+06
2.001710e+06
2.001696e+06
2.001681e+06
2.001665e+06
2.001648e+06
2.001631e+06
2.001612e+06
2.001593e+06
2.001574e+06
2.001553e+06
2.001532e+06
2.001510e+06
2.001487e+06
2.001464e+06
2.001441e+06
2.001417e+06
2.001393e+06
2.001368e+06
2.001345e+06
2.001321e+06
2.001299e+06
2.001278e+06
2.001259e+06
2.001243e+06
2.001229e+06
2.001220e+06
2.001216e+06
2.001788e+06
2.001787e+06
2.001785e+06
2.001781e+06
2.001777e+06
2.001772e+06
2.001765e+06
2.001758e+06
2.001749e+06
2.001740e+06
2.001730e+06
2.001718e+06
2.001706e+06
2.001693e+06
2.001678e+06
2.001663e+06
2.001647e+06
2.001630e+06
2.001612e+06
2.001594e+06
2.001574e+06
2.001554e+06
2.001532e+06
2.001510e+06
2.001487e+06
2.001464e+06
2.001439e+06
2.001414e+06
2.001388e+06
2.001362e+06
2.001336e+06
2.001309e+06
2.001283e+06
2.001258e+06
2.001234e+06
2.001212e+06
2.001192e+06
2.001177e+06
2.001166e+06
2.001160e+06
2.001772e+06
2.001771e+06
2.001769e+06
2.001765e+06
2.001761e+06
2.001756e+06
2.001749e+06
2.001742e+06
2.001733e+06
2.001724e+06
2.001714e+06
2.001702e+06
2.001690e+06
2.001676e+06
2.001662e+06
2.001647e+06
2.001630e+06
2.001613e+06
2.001595e+06
2.001576e+06
2.001556e+06
2.001535e+06
2.001513e+06
2.001490e+06
2.001466e+06
2.001441e+06
2.001415e+06
2.001388e+06
2.001360e+06
2.001332e+06
2.001303e+06
2.001274e+06
2.001244e+06
2.001215e+06
2.001187e+06
2.001162e+06
2.001139e+06
2.001120e+06
2.001106e+06
2.001099e+06
2.001757e+06
2.001756e+06
2.001754e+06
2.001750e+06
2.001746e+06
2.001741e+06
2.001734e+06
2.001727e+06
2.001719e+06
2.001709e+06
2.001699e+06
2.001687e+06
2.001675e+06
2.001661e+06
2.001647e+06
2.001631e+06
2.001615e+06
2.001597e+06
2.001579e+06
2.001559e+06
2.001538e+06
2.001517e+06
2.001494e+06
2.001470e+06
2.001445e+06
2.001419e+06
2.001391e+06
2.001363e+06
2.001333e+06
2.001302e+06
2.001271e+06
2.001238e+06
2.001205e+06
2.001172e+06
2.001139e+06
2.001109e+06
2.001081e+06
2.001057e+06
2.001041e+06
2.001032e+06
2.001743e+06
2.001742e+06
2.001740e+06
2.001736e+06
2.001732e+06
2.001727e+06
2.001720e+06
2.001713e+06
2.001705e+06
2.001695e+06
2.001685e+06
2.001673e+06
2.001660e+06
2.001647e+06
2.001632e+06
2.001617e+06
2.001600e+06
2.001582e+06
2.001563e+06
2.001543e+06
2.001522e+06
2.001500e+06
2.001476e+06
2.001452e+06
2.001425e+06
2.001398e+06
2.001369e+06
2.001339e+06
2.001307e+06
2.001274e+06
2.001239e+06
2.001203e+06
2.001165e+06
2.001127e+06
2.001089e+06
2.001053e+06
2.001018e+06
2.000989e+06
2.000967e+06
2.000955e+06
2.001730e+06
2.001729e+06
2.001727e+06
2.001723e+06
2.001719e+06
2.001714e+06
2.001708e+06
2.001700e+06
2.001692e+06
2.001682e+06
2.001672e+06
2.001660e+06
2.001647e+06
2.001634e+06
2.001619e+06
2.001603e+06
2.001586e+06
2.001568e+06
2.001549e+06
2.001528e+06
2.001507e+06
2.001484e+06
2.001460e+06
2.001434e+06
2.001407e+06
2.001379e+06
2.001348e+06
2.001316e+06
2.001282e+06
2.001247e+06
2.001209e+06
2.001169e+06
2.001127e+06
2.001083e+06
2.001039e+06
2.000994e+06
2.000951e+06
2.000913e+06
2.000883e+06
2.000867e+06
2.001718e+06
2.001717e+06
2.001715e+06
2.001712e+06
2.001707e+06
2.001702e+06
2.001696e+06
2.001688e+06
2.001680e+06
2.001670e+06
2.001660e+06
2.001648e+06
2.001635e+06
2.001621e+06
2.001607e+06
2.001591e+06
2.001573e+06
2.001555e+06
2.001536e+06
2.001515e+06
2.001493e+06
2.001470e+06
2.001445e+06
2.001419e+06
2.001391e+06
2.001361e+06
2.001329e+06
2.001296e+06
2.001260e+06
2.001221e+06
2.001181e+06
2.001137e+06
2.001090e+06
2.001040e+06
2.000988e+06
2.000933e+06
2.000879e+06
2.000828e+06
2.000787e+06
2.000762e+06
2.001707e+06
2.001706e+06
2.001704e+06
2.001701e+06
2.001697e+06
2.001691e+06
2.001685e+06
2.001677e+06
2.001669e+06
2.001659e+06
2.001649e+06
2.001637e+06
2.001624e+06
2.001610e+06
2.001595e+06
2.001579e+06
2.001562e+06
2.001544e+06
2.001524e+06
2.001503e+06
2.001481e+06
2.001457e+06
2.001431e+06
2.001404e+06
2.001376e+06
2.001345e+06
2.001312e+06
2.001277e+06
2.001240e+06
2.001199e+06
2.001155e+06
2.001108e+06
2.001056e+06
2.001000e+06
2.000939e+06
2.000873e+06
2.000804e+06
2.000734e+06
2.000673e+06
2.000634e+06
2.001697e+06
2.001696e+06
2.001694e+06
2.001691e+06
2.001687e+06
2.001682e+06
2.001675e+06
2.001668e+06
2.001659e+06
2.001650e+06
2.001639e+06
2.001627e+06
2.001614e+06
2.001600e+06
2.001585e+06
2.001569e+06
2.001552e+06
2.001533e+06
2.001513e+06
2.001492e+06
2.001469e+06
2.001445e+06
2.001420e+06
2.001392e+06
2.001363e+06
2.001331e+06
2.001298e+06
2.001261e+06
2.001222e+06
2.001180e+06
2.001134e+06
2.001083e+06
2.001027e+06
2.000964e+06
2.000894e+06
2.000816e+06
2.000728e+06
2.000633e+06
2.000537e+06
2.000465e+06
2.001689e+06
2.001688e+06
2.001686e+06
2.001682e+06
2.001678e+06
2.001673e+06
2.001666e+06
2.001659e+06
2.001650e+06
2.001641e+06
2.001630e+06
2.001618e+06
2.001606e+06
2.001592e+06
2.001577e+06
2.001560e+06
2.001543e+06
2.001524e+06
2.001504e+06
2.001483e+06
2.001460e+06
2.001435e+06
2.001409e+06
2.001382e+06
2.001352e+06
2.001320e+06
2.001286e+06
2.001249e+06
2.001208e+06
2.001165e+06
2.001116e+06
2.001063e+06
2.001003e+06
2.000936e+06
2.000859e+06
2.000768e+06
2.000660e+06
2.000531e+06
2.000378e+06
2.000225e+06
2.001681e+06
2.001680e+06
2.001678e+06
2.001675e+06
2.001670e+06
2.001665e+06
2.001659e+06
2.001651e+06
2.001643e+06
2.001633e+06
2.001622e+06
2.001611e+06
2.001598e+06
2.001584e+06
2.001569e+06
2.001552e+06
2.001535e+06
2.001516e+06
2.001496e+06
2.001474e+06
2.001451e+06
2.001427e+06
2.001401e+06
2.001373e+06
2.001343e+06
2.001311e+06
2.001276e+06
2.001239e+06
2.001198e+06
2.001153e+06
2.001104e+06
2.001050e+06
2.000988e+06
2.000918e+06
2.000836e+06
2.000737e+06
2.000615e+06
2.000453e+06
2.000219e+06
1.999832e+06
