0.000000e+00
-2.240172e-06
2.609013e-04
5.972968e-04
9.757285e-04
1.379213e-03
1.797765e-03
2.225163e-03
2.657846e-03
3.093738e-03
3.531583e-03
3.970615e-03
4.410374e-03
4.850579e-03
5.291060e-03
5.731713e-03
6.172473e-03
6.613301e-03
7.054171e-03
7.495067e-03
7.935980e-03
8.376902e-03
8.817827e-03
9.258752e-03
9.699675e-03
1.014059e-02
1.058151e-02
1.102241e-02
1.146331e-02
1.190420e-02
1.234508e-02
1.278595e-02
1.322681e-02
1.366766e-02
1.410851e-02
1.454934e-02
1.499016e-02
1.543097e-02
1.587177e-02
1.631256e-02
1.675334e-02
1.719410e-02
1.763486e-02
1.807561e-02
1.851635e-02
1.895707e-02
1.939779e-02
1.983849e-02
2.027919e-02
2.071987e-02
2.116055e-02
2.160121e-02
2.204187e-02
2.248252e-02
2.292315e-02
2.336378e-02
2.380439e-02
2.424500e-02
2.468560e-02
2.512619e-02
2.556677e-02
2.600734e-02
2.644790e-02
2.688845e-02
2.732900e-02
2.776953e-02
2.821006e-02
2.865057e-02
2.909108e-02
2.953159e-02
2.997208e-02
3.041256e-02
3.085304e-02
3.129351e-02
3.173397e-02
3.217442e-02
3.261487e-02
3.305531e-02
3.349574e-02
3.393616e-02
3.437657e-02
3.481698e-02
3.525738e-02
3.569777e-02
3.613816e-02
3.657854e-02
3.701891e-02
3.745928e-02
3.789963e-02
3.833999e-02
3.878033e-02
3.922067e-02
3.966100e-02
4.010132e-02
4.054164e-02
4.098195e-02
4.142226e-02
4.186256e-02
4.230285e-02
4.274314e-02
4.318342e-02
4.362369e-02
4.406396e-02
4.450422e-02
4.494448e-02
4.538473e-02
4.582498e-02
4.626521e-02
4.670545e-02
4.714567e-02
4.758590e-02
4.802611e-02
4.846632e-02
4.890653e-02
4.934673e-02
4.978692e-02
5.022711e-02
5.066730e-02
5.110747e-02
5.154765e-02
5.198782e-02
5.242798e-02
5.286814e-02
5.330829e-02
5.374844e-02
5.418858e-02
5.462872e-02
5.506885e-02
5.550898e-02
5.594910e-02
5.638922e-02
5.682933e-02
5.726944e-02
5.770955e-02
5.814965e-02
5.858974e-02
5.902983e-02
5.946992e-02
5.991000e-02
6.035007e-02
6.079015e-02
6.123021e-02
6.167028e-02
6.211034e-02
6.255039e-02
6.299044e-02
6.343049e-02
6.387053e-02
6.431057e-02
6.475060e-02
6.519063e-02
6.563066e-02
6.607068e-02
6.651069e-02
6.695071e-02
6.739071e-02
6.783072e-02
6.827072e-02
6.871072e-02
6.915071e-02
6.959070e-02
7.003068e-02
7.047067e-02
7.091064e-02
7.135062e-02
7.179059e-02
7.223055e-02
7.267052e-02
7.311048e-02
7.355043e-02
7.399038e-02
7.443033e-02
7.487027e-02
7.531021e-02
7.575015e-02
7.619008e-02
7.663001e-02
7.706994e-02
7.750986e-02
7.794978e-02
7.838970e-02
7.882961e-02
7.926952e-02
7.970943e-02
8.014933e-02
8.058923e-02
8.102912e-02
8.146902e-02
8.190891e-02
8.234879e-02
8.278867e-02
8.322855e-02
8.366843e-02
8.410830e-02
8.454817e-02
8.498804e-02
8.542790e-02
8.586776e-02
8.630762e-02
8.674747e-02
8.718732e-02
8.762717e-02
8.806702e-02
8.850686e-02
8.894670e-02
8.938653e-02
8.982637e-02
9.026620e-02
9.070602e-02
9.114585e-02
9.158567e-02
9.202549e-02
9.246530e-02
9.290511e-02
9.334492e-02
9.378473e-02
9.422453e-02
9.466433e-02
9.510413e-02
9.554393e-02
9.598372e-02
9.642351e-02
9.686330e-02
9.730308e-02
9.774286e-02
9.818264e-02
9.862242e-02
9.906219e-02
9.950196e-02
9.994173e-02
1.003815e-01
1.008213e-01
1.012610e-01
1.017008e-01
1.021405e-01
1.025803e-01
1.030200e-01
1.034598e-01
1.038995e-01
1.043393e-01
1.047790e-01
1.052187e-01
1.056585e-01
1.060982e-01
1.065379e-01
1.069777e-01
1.074174e-01
1.078571e-01
1.082968e-01
1.087365e-01
1.091763e-01
1.096160e-01
1.100557e-01
1.104954e-01
1.109351e-01
1.113748e-01
1.118145e-01
1.122542e-01
1.126939e-01
1.131336e-01
1.135733e-01
1.140130e-01
1.144527e-01
1.148923e-01
1.153320e-01
1.157717e-01
1.162114e-01
1.166511e-01
1.170907e-01
1.175304e-01
1.179701e-01
1.184097e-01
1.188494e-01
1.192891e-01
1.197287e-01
1.201684e-01
1.206080e-01
1.210477e-01
1.214873e-01
1.219270e-01
1.223666e-01
1.228063e-01
1.232459e-01
1.236856e-01
1.241252e-01
1.245648e-01
1.250045e-01
1.254441e-01
1.258837e-01
1.263234e-01
1.267630e-01
1.272026e-01
1.276422e-01
1.280818e-01
1.285215e-01
1.289611e-01
1.294007e-01
1.298403e-01
1.302799e-01
1.307195e-01
1.311591e-01
1.315987e-01
1.320383e-01
1.324779e-01
1.329175e-01
1.333571e-01
1.337967e-01
1.342363e-01
1.346759e-01
1.351155e-01
1.355551e-01
1.359947e-01
1.364342e-01
1.368738e-01
1.373134e-01
1.377530e-01
1.381926e-01
1.386321e-01
1.390717e-01
1.395113e-01
1.399508e-01
1.403904e-01
1.408300e-01
1.412695e-01
1.417091e-01
1.421486e-01
1.425882e-01
1.430278e-01
1.434673e-01
1.439069e-01
1.443464e-01
1.447860e-01
1.452255e-01
1.456650e-01
1.461046e-01
1.465441e-01
1.469837e-01
1.474232e-01
1.478627e-01
1.483023e-01
1.487418e-01
1.491813e-01
1.496209e-01
1.500604e-01
1.504999e-01
1.509394e-01
1.513790e-01
1.518185e-01
1.522580e-01
1.526975e-01
1.531370e-01
1.535766e-01
1.540161e-01
1.544556e-01
1.548951e-01
1.553346e-01
1.557741e-01
1.562136e-01
1.566531e-01
1.570926e-01
1.575321e-01
1.579716e-01
1.584111e-01
1.588506e-01
1.592901e-01
1.597296e-01
1.601691e-01
1.606086e-01
1.610480e-01
1.614875e-01
1.619270e-01
1.623665e-01
1.628060e-01
1.632454e-01
1.636849e-01
1.641244e-01
1.645639e-01
1.650033e-01
1.654428e-01
1.658823e-01
1.663218e-01
1.667612e-01
1.672007e-01
1.676402e-01
1.680796e-01
1.685191e-01
1.689585e-01
1.693980e-01
1.698374e-01
1.702769e-01
1.707164e-01
1.711558e-01
1.715953e-01
1.720347e-01
1.724742e-01
1.729136e-01
1.733530e-01
1.737925e-01
1.742319e-01
1.746714e-01
1.751108e-01
1.755502e-01
1.759897e-01
1.764291e-01
1.768686e-01
1.773080e-01
1.777474e-01
1.781868e-01
1.786263e-01
1.790657e-01
1.795051e-01
1.799445e-01
1.803840e-01
1.808234e-01
1.812628e-01
1.817022e-01
1.821416e-01
1.825811e-01
1.830205e-01
1.834599e-01
1.838993e-01
1.843387e-01
1.847781e-01
1.852175e-01
1.856569e-01
1.860963e-01
1.865357e-01
1.869751e-01
1.874145e-01
1.878539e-01
1.882933e-01
1.887327e-01
1.891721e-01
1.896115e-01
1.900509e-01
1.904903e-01
1.909297e-01
1.913691e-01
1.918085e-01
1.922479e-01
1.926873e-01
1.931266e-01
1.935660e-01
1.940054e-01
1.944448e-01
1.948842e-01
1.953235e-01
1.957629e-01
1.962023e-01
1.966417e-01
1.970810e-01
1.975204e-01
1.979598e-01
1.983992e-01
1.988385e-01
1.992779e-01
1.997173e-01
2.001566e-01
2.005960e-01
2.010353e-01
2.014747e-01
2.019141e-01
2.023534e-01
2.027928e-01
2.032321e-01
2.036715e-01
2.041108e-01
2.045502e-01
2.049896e-01
2.054289e-01
2.058683e-01
2.063076e-01
2.067469e-01
2.071863e-01
2.076256e-01
2.080650e-01
2.085043e-01
2.089437e-01
2.093830e-01
2.098223e-01
2.102617e-01
2.107010e-01
2.111404e-01
2.115797e-01
2.120190e-01
2.124584e-01
2.128977e-01
2.133370e-01
2.137763e-01
2.142157e-01
2.146550e-01
2.150943e-01
2.155337e-01
2.159730e-01
2.164123e-01
2.168516e-01
2.172909e-01
2.177303e-01
2.181696e-01
2.186089e-01
2.190482e-01
2.194875e-01
2.199268e-01
2.203661e-01
2.208055e-01
2.212448e-01
2.216841e-01
2.221234e-01
2.225627e-01
2.230020e-01
2.234413e-01
2.238806e-01
2.243199e-01
2.247592e-01
2.251985e-01
2.256378e-01
2.260771e-01
2.265164e-01
2.269557e-01
2.273950e-01
2.278343e-01
2.282736e-01
2.287129e-01
2.291522e-01
2.295915e-01
2.300308e-01
2.304701e-01
2.309093e-01
2.313486e-01
2.317879e-01
2.322272e-01
2.326665e-01
2.331058e-01
2.335450e-01
2.339843e-01
2.344236e-01
2.348629e-01
2.353022e-01
2.357414e-01
2.361807e-01
2.366200e-01
2.370593e-01
2.374985e-01
2.379378e-01
2.383771e-01
2.388164e-01
2.392556e-01
2.396949e-01
2.401342e-01
2.405734e-01
2.410127e-01
2.414520e-01
2.418912e-01
2.423305e-01
2.427697e-01
2.432090e-01
2.436483e-01
2.440875e-01
2.445268e-01
2.449660e-01
2.454053e-01
2.458445e-01
2.462838e-01
2.467231e-01
2.471623e-01
2.476016e-01
2.480408e-01
2.484801e-01
2.489193e-01
2.493586e-01
2.497978e-01
2.502370e-01
2.506763e-01
2.511155e-01
2.515548e-01
2.519940e-01
2.524333e-01
2.528725e-01
2.533117e-01
2.537510e-01
2.541902e-01
2.546295e-01
2.550687e-01
2.555079e-01
2.559472e-01
2.563864e-01
2.568256e-01
2.572649e-01
2.577041e-01
2.581433e-01
2.585826e-01
2.590218e-01
2.594610e-01
2.599002e-01
2.603395e-01
2.607787e-01
2.612179e-01
2.616571e-01
2.620964e-01
2.625356e-01
2.629748e-01
2.634140e-01
2.638532e-01
2.642925e-01
2.647317e-01
2.651709e-01
2.656101e-01
2.660493e-01
2.664885e-01
2.669278e-01
2.673670e-01
2.678062e-01
2.682454e-01
2.686846e-01
2.691238e-01
2.695630e-01
2.700022e-01
2.704414e-01
2.708806e-01
2.713198e-01
2.717590e-01
2.721982e-01
2.726375e-01
2.730767e-01
2.735159e-01
2.739551e-01
2.743943e-01
2.748335e-01
2.752727e-01
2.757118e-01
2.761510e-01
2.765902e-01
2.770294e-01
2.774686e-01
2.779078e-01
2.783470e-01
2.787862e-01
2.792254e-01
2.796646e-01
2.801038e-01
2.805430e-01
2.809822e-01
2.814213e-01
2.818605e-01
2.822997e-01
2.827389e-01
2.831781e-01
2.836173e-01
2.840564e-01
2.844956e-01
2.849348e-01
2.853740e-01
2.858132e-01
2.862523e-01
2.866915e-01
2.871307e-01
2.875699e-01
2.880091e-01
2.884482e-01
2.888874e-01
2.893266e-01
2.897658e-01
2.902049e-01
2.906441e-01
2.910833e-01
2.915224e-01
2.919616e-01
2.924008e-01
2.928399e-01
2.932791e-01
2.937183e-01
2.941574e-01
2.945966e-01
2.950358e-01
2.954749e-01
2.959141e-01
2.963533e-01
2.967924e-01
2.972316e-01
2.976707e-01
2.981099e-01
2.985491e-01
2.989882e-01
2.994274e-01
2.998665e-01
3.003057e-01
3.007448e-01
3.011840e-01
3.016232e-01
3.020623e-01
3.025015e-01
3.029406e-01
3.033798e-01
3.038189e-01
3.042581e-01
3.046972e-01
3.051364e-01
3.055755e-01
3.060147e-01
3.064538e-01
3.068929e-01
3.073321e-01
3.077712e-01
3.082104e-01
3.086495e-01
3.090887e-01
3.095278e-01
3.099669e-01
3.104061e-01
3.108452e-01
3.112844e-01
3.117235e-01
3.121626e-01
3.126018e-01
3.130409e-01
3.134801e-01
3.139192e-01
3.143583e-01
3.147975e-01
3.152366e-01
3.156757e-01
3.161149e-01
3.165540e-01
3.169931e-01
3.174322e-01
3.178714e-01
3.183105e-01
3.187496e-01
3.191888e-01
3.196279e-01
3.200670e-01
3.205061e-01
3.209453e-01
3.213844e-01
3.218235e-01
3.222626e-01
3.227018e-01
3.231409e-01
3.235800e-01
3.240191e-01
3.244582e-01
3.248974e-01
3.253365e-01
3.257756e-01
3.262147e-01
3.266538e-01
3.270929e-01
3.275321e-01
3.279712e-01
3.284103e-01
3.288494e-01
3.292885e-01
3.297276e-01
3.301667e-01
3.306059e-01
3.310450e-01
3.314841e-01
3.319232e-01
3.323623e-01
3.328014e-01
3.332405e-01
3.336796e-01
3.341187e-01
3.345578e-01
3.349969e-01
3.354360e-01
3.358752e-01
3.363143e-01
3.367534e-01
3.371925e-01
3.376316e-01
3.380707e-01
3.385098e-01
3.389489e-01
3.393880e-01
3.398271e-01
3.402662e-01
3.407053e-01
3.411444e-01
3.415835e-01
3.420226e-01
3.424617e-01
3.429008e-01
3.433398e-01
3.437789e-01
3.442180e-01
3.446571e-01
3.450962e-01
3.455353e-01
3.459744e-01
3.464135e-01
3.468526e-01
3.472917e-01
3.477308e-01
3.481699e-01
3.486089e-01
3.490480e-01
3.494871e-01
3.499262e-01
3.503653e-01
3.508044e-01
3.512435e-01
3.516826e-01
3.521216e-01
3.525607e-01
3.529998e-01
3.534389e-01
3.538780e-01
3.543171e-01
3.547561e-01
3.551952e-01
3.556343e-01
3.560734e-01
3.565125e-01
3.569515e-01
3.573906e-01
3.578297e-01
3.582688e-01
3.587078e-01
3.591469e-01
3.595860e-01
3.600251e-01
3.604641e-01
3.609032e-01
3.613423e-01
3.617814e-01
3.622204e-01
3.626595e-01
3.630986e-01
3.635377e-01
3.639767e-01
3.644158e-01
3.648549e-01
3.652939e-01
3.657330e-01
3.661721e-01
3.666111e-01
3.670502e-01
3.674893e-01
3.679283e-01
3.683674e-01
3.688065e-01
3.692455e-01
3.696846e-01
3.701237e-01
3.705627e-01
3.710018e-01
3.714409e-01
3.718799e-01
3.723190e-01
3.727580e-01
3.731971e-01
3.736362e-01
3.740752e-01
3.745143e-01
3.749533e-01
3.753924e-01
3.758315e-01
3.762705e-01
3.767096e-01
3.771486e-01
3.775877e-01
3.780267e-01
3.784658e-01
3.789049e-01
3.793439e-01
3.797830e-01
3.802220e-01
3.806611e-01
3.811001e-01
3.815392e-01
3.819782e-01
3.824173e-01
3.828563e-01
3.832954e-01
3.837344e-01
