3.762557e-319
2.006002e-170
5.334381e-94
1.205482e-62
2.180932e-46
1.420230e-36
5.442756e-30
3.163569e-25
1.405642e-21
1.154183e-18
2.927362e-16
3.140500e-14
1.743729e-12
5.739501e-11
1.231938e-09
1.848461e-08
2.042951e-07
1.731800e-06
1.162585e-05
6.342309e-05
2.871892e-04
1.098652e-03
3.604236e-03
1.027019e-02
2.570012e-02
5.701437e-02
1.130265e-01
2.015210e-01
3.247678e-01
4.750100e-01
6.333956e-01
7.755493e-01
8.823578e-01
9.484440e-01
9.815710e-01
9.947818e-01
9.988753e-01
9.998266e-01
9.999830e-01
9.999992e-01
9.220830e-170
3.375501e-127
1.001010e-88
7.204424e-62
5.885177e-46
2.809572e-36
9.121473e-30
4.787621e-25
1.985952e-21
1.551802e-18
3.789757e-16
3.944673e-14
2.136080e-12
6.882473e-11
1.450067e-09
2.140254e-08
2.330836e-07
1.949681e-06
1.293071e-05
6.976369e-05
3.127067e-04
1.185174e-03
3.855010e-03
1.089918e-02
2.707942e-02
5.968001e-02
1.175892e-01
2.084425e-01
3.340195e-01
4.857560e-01
6.440026e-01
7.842082e-01
8.880546e-01
9.514048e-01
9.827689e-01
9.951532e-01
9.989611e-01
9.998406e-01
9.999844e-01
9.999993e-01
5.984549e-93
4.141362e-88
2.739799e-73
1.901727e-58
4.144707e-45
9.193803e-36
2.162236e-29
9.439913e-25
3.472488e-21
2.491867e-18
5.706928e-16
5.645542e-14
2.931820e-12
9.117600e-11
1.863020e-09
2.676676e-08
2.845963e-07
2.329844e-06
1.515394e-05
8.032385e-05
3.542771e-04
1.323080e-03
4.245970e-03
1.185749e-02
2.912985e-02
6.353735e-02
1.239968e-01
2.178422e-01
3.461293e-01
4.992878e-01
6.568752e-01
7.944093e-01
8.946504e-01
9.548218e-01
9.841627e-01
9.955914e-01
9.990639e-01
9.998576e-01
9.999862e-01
9.999994e-01
3.042194e-61
1.678505e-60
1.073519e-57
1.816072e-50
1.335071e-42
7.642611e-35
8.401328e-29
2.613980e-24
7.866423e-21
4.928698e-18
1.021859e-15
9.356452e-14
4.563720e-12
1.346766e-10
2.631089e-09
3.635214e-08
3.733961e-07
2.964137e-06
1.875369e-05
9.695211e-05
4.180416e-04
1.529400e-03
4.816947e-03
1.322422e-02
3.198524e-02
6.877923e-02
1.324846e-01
2.299620e-01
3.613051e-01
5.157556e-01
6.720997e-01
8.061712e-01
9.021043e-01
9.586304e-01
9.857035e-01
9.960736e-01
9.991767e-01
9.998763e-01
9.999881e-01
9.999995e-01
1.164590e-44
3.007720e-44
1.766459e-43
1.246415e-41
1.310024e-37
8.964412e-33
8.085812e-28
1.187185e-23
2.499872e-20
1.259583e-17
2.245074e-15
1.835216e-13
8.183241e-12
2.243374e-10
4.118635e-09
5.394080e-08
5.287630e-07
4.027678e-06
2.456174e-05
1.228552e-04
5.142077e-04
1.831326e-03
5.629164e-03
1.511667e-02
3.583747e-02
7.567322e-02
1.433680e-01
2.451093e-01
3.797820e-01
5.352788e-01
6.896767e-01
8.194108e-01
9.103033e-01
9.627365e-01
9.873367e-01
9.965775e-01
9.992931e-01
9.998952e-01
9.999901e-01
9.999995e-01
1.505386e-34
2.866096e-34
8.498503e-34
5.024115e-33
1.249009e-31
3.553623e-29
5.428247e-26
1.271194e-22
1.298593e-19
4.505339e-17
6.347511e-15
4.392816e-13
1.725547e-11
4.274844e-10
7.218196e-09
8.806866e-08
8.121519e-07
5.864763e-06
3.411873e-05
1.636545e-04
6.597774e-04
2.272025e-03
6.775509e-03
1.770531e-02
4.095397e-02
8.457678e-02
1.570488e-01
2.636502e-01
4.018044e-01
5.579291e-01
7.095206e-01
8.339586e-01
9.190795e-01
9.670249e-01
9.890044e-01
9.970817e-01
9.994075e-01
9.999136e-01
9.999919e-01
9.999996e-01
1.071480e-27
1.727966e-27
3.770009e-27
1.209859e-26
6.738197e-26
8.950129e-25
4.097021e-23
6.114602e-21
1.483314e-18
2.593858e-16
2.489602e-14
1.341531e-12
4.400514e-11
9.491108e-10
1.433763e-08
1.595157e-07
1.360378e-06
9.183469e-06
5.037475e-05
2.294353e-04
8.834714e-04
2.920446e-03
8.396727e-03
2.123576e-02
4.770156e-02
9.595617e-02
1.740217e-01
2.860004e-01
4.276049e-01
5.837103e-01
7.314528e-01
8.495665e-01
9.282228e-01
9.713681e-01
9.906493e-01
9.975671e-01
9.995152e-01
9.999305e-01
9.999936e-01
9.999997e-01
1.080904e-22
1.569229e-22
2.853103e-22
6.750494e-22
2.205232e-21
1.089309e-20
9.253528e-20
1.566618e-18
5.560821e-17
3.018708e-15
1.523988e-13
5.577613e-12
1.410050e-10
2.513574e-09
3.275897e-08
3.235506e-07
2.499653e-06
1.551871e-05
7.920639e-05
3.388128e-04
1.234739e-03
3.887896e-03
1.070673e-02
2.606047e-02
5.657784e-02
1.104079e-01
1.948773e-01
3.126076e-01
4.573746e-01
6.125319e-01
7.551914e-01
8.659151e-01
9.374935e-01
9.756358e-01
9.922187e-01
9.980178e-01
9.996128e-01
9.999455e-01
9.999951e-01
9.999998e-01
7.790086e-19
1.049829e-18
1.684956e-18
3.285440e-18
7.987176e-18
2.504278e-17
1.057373e-16
6.355835e-16
5.838977e-15
8.492419e-14
1.684581e-12
3.438362e-11
5.960353e-10
8.169585e-09
8.756728e-08
7.423679e-07
5.068060e-06
2.839060e-05
1.328187e-04
5.271868e-04
1.800415e-03
5.356069e-03
1.403174e-02
3.268322e-02
6.824993e-02
1.286791e-01
2.202971e-01
3.439219e-01
4.912220e-01
6.441765e-01
7.803419e-01
8.826227e-01
9.466368e-01
9.797039e-01
9.936678e-01
9.984220e-01
9.996980e-01
9.999583e-01
9.999963e-01
9.999998e-01
9.719407e-16
1.236202e-15
1.805807e-15
3.062401e-15
6.103507e-15
1.450114e-14
4.176617e-14
1.489490e-13
6.776545e-13
4.088885e-12
3.311499e-11
3.305296e-10
3.465064e-09
3.345602e-08
2.781144e-07
1.943524e-06
1.138899e-05
5.633576e-05
2.375974e-04
8.637497e-04
2.735611e-03
7.624009e-03
1.886939e-02
4.181883e-02
8.359832e-02
1.516809e-01
2.510291e-01
3.803444e-01
5.291174e-01
6.782652e-01
8.063926e-01
8.992613e-01
9.554001e-01
9.834642e-01
9.949633e-01
9.987725e-01
9.997699e-01
9.999689e-01
9.999973e-01
9.999999e-01
3.525679e-13
4.271122e-13
5.777709e-13
8.778579e-13
1.507037e-12
2.941727e-12
6.576414e-12
1.699303e-11
5.143085e-11
1.859344e-10
8.197461e-10
4.390935e-09
2.695918e-08
1.723065e-07
1.051763e-06
5.813134e-06
2.836150e-05
1.210926e-04
4.525189e-04
1.486610e-03
4.320410e-03
1.118492e-02
2.597438e-02
5.446745e-02
1.037576e-01
1.804810e-01
2.878357e-01
4.221501e-01
5.708239e-01
7.142246e-01
8.327216e-01
9.153808e-01
9.635524e-01
9.868327e-01
9.960845e-01
9.990666e-01
9.998285e-01
9.999772e-01
9.999981e-01
9.999999e-01
5.120226e-11
5.936928e-11
7.512158e-11
1.040692e-10
1.583321e-10
2.653759e-10
4.917599e-10
1.012279e-09
2.330990e-09
6.067379e-09
1.808668e-08
6.225524e-08
2.443058e-07
1.046150e-06
4.593764e-06
1.954310e-05
7.746203e-05
2.798268e-04
9.120107e-04
2.673953e-03
7.060633e-03
1.684592e-02
3.647342e-02
7.199428e-02
1.301356e-01
2.162551e-01
3.313944e-01
4.693776e-01
6.158216e-01
7.512690e-01
8.586219e-01
9.305420e-01
9.709033e-01
9.897552e-01
9.970242e-01
9.993056e-01
9.998749e-01
9.999837e-01
9.999986e-01
9.999999e-01
3.659998e-09
4.070610e-09
4.844998e-09
6.185510e-09
8.488574e-09
1.254888e-08
2.003311e-08
3.464560e-08
6.520282e-08
1.343954e-07
3.058457e-07
7.738590e-07
2.175137e-06
6.677415e-06
2.163315e-05
7.090028e-05
2.262457e-04
6.835831e-04
1.921883e-03
4.981275e-03
1.185596e-02
2.589898e-02
5.199894e-02
9.618788e-02
1.643776e-01
2.601686e-01
3.821396e-01
5.216918e-01
6.632398e-01
7.884097e-01
8.833486e-01
9.443567e-01
9.773201e-01
9.922101e-01
9.977870e-01
9.994938e-01
9.999104e-01
9.999885e-01
9.999990e-01
1.000000e+00
1.479474e-07
1.578421e-07
1.771866e-07
2.098138e-07
2.627177e-07
3.486746e-07
4.916926e-07
7.388266e-07
1.187169e-06
2.049138e-06
3.819706e-06
7.726518e-06
1.698036e-05
4.026162e-05
1.011541e-04
2.621045e-04
6.798756e-04
1.719549e-03
4.157443e-03
9.483228e-03
2.025091e-02
4.032883e-02
7.480030e-02
1.292417e-01
2.082230e-01
3.131555e-01
4.400415e-01
5.782389e-01
7.118264e-01
8.245091e-01
9.061894e-01
9.565277e-01
9.827378e-01
9.942065e-01
9.983874e-01
9.996377e-01
9.999369e-01
9.999920e-01
9.999993e-01
1.000000e+00
3.723527e-06
3.803676e-06
4.028335e-06
4.440367e-06
5.112518e-06
6.168234e-06
7.821360e-06
1.045394e-05
1.477505e-05
2.215900e-05
3.539501e-05
6.040258e-05
1.102262e-04
2.143026e-04
4.393319e-04
9.336504e-04
2.013872e-03
4.315934e-03
9.022331e-03
1.814068e-02
3.474190e-02
6.298832e-02
1.077393e-01
1.735690e-01
2.631941e-01
3.755795e-01
5.043465e-01
6.375404e-01
7.599894e-01
8.583880e-01
9.265480e-01
9.668806e-01
9.871608e-01
9.957795e-01
9.988461e-01
9.997448e-01
9.999562e-01
9.999945e-01
9.999996e-01
1.000000e+00
6.241531e-05
6.080605e-05
6.065410e-05
6.234136e-05
6.637128e-05
7.350702e-05
8.498838e-05
1.028986e-04
1.308314e-04
1.751618e-04
2.475453e-04
3.699239e-04
5.846026e-04
9.742732e-04
1.700449e-03
3.072991e-03
5.665384e-03
1.048411e-02
1.917776e-02
3.422827e-02
5.901207e-02
9.757976e-02
1.540174e-01
2.313460e-01
3.300835e-01
4.468110e-01
5.733566e-01
6.974974e-01
8.059424e-01
8.889767e-01
9.440215e-01
9.753778e-01
9.906542e-01
9.969819e-01
9.991871e-01
9.998225e-01
9.999698e-01
9.999963e-01
9.999997e-01
1.000000e+00
7.290811e-04
6.729533e-04
6.301285e-04
6.043328e-04
5.978822e-04
6.133220e-04
6.548372e-04
7.297685e-04
8.507695e-04
1.039397e-03
1.332430e-03
1.793163e-03
2.531433e-03
3.738335e-03
5.743786e-03
9.105613e-03
1.473408e-02
2.404106e-02
3.907557e-02
6.257219e-02
9.781074e-02
1.481894e-01
2.164667e-01
3.037324e-01
4.082980e-01
5.248470e-01
6.443745e-01
7.555773e-01
8.479527e-01
9.154759e-01
9.584492e-01
9.821100e-01
9.933273e-01
9.978754e-01
9.994342e-01
9.998776e-01
9.999794e-01
9.999975e-01
9.999998e-01
1.000000e+00
6.078573e-03
5.264733e-03
4.608696e-03
4.131425e-03
3.824057e-03
3.673109e-03
3.672361e-03
3.828732e-03
4.167125e-03
4.737339e-03
5.625602e-03
6.973756e-03
9.010024e-03
1.209611e-02
1.679477e-02
2.395796e-02
3.482588e-02
5.111005e-02
7.501246e-02
1.091162e-01
1.560849e-01
2.181422e-01
2.963637e-01
3.898946e-01
4.952818e-01
6.061976e-01
7.139535e-01
8.091984e-01
8.846354e-01
9.374767e-01
9.699149e-01
9.872670e-01
9.953135e-01
9.985227e-01
9.996095e-01
9.999159e-01
9.999859e-01
9.999983e-01
9.999999e-01
1.000000e+00
3.606056e-02
2.896317e-02
2.368939e-02
2.000930e-02
1.756105e-02
1.605297e-02
1.529555e-02
1.519043e-02
1.571786e-02
1.693300e-02
1.897331e-02
2.207800e-02
2.662056e-02
3.315432e-02
4.246835e-02
5.564418e-02
7.409410e-02
9.955029e-02
1.339660e-01
1.792942e-01
2.371298e-01
3.082416e-01
3.920628e-01
4.862443e-01
5.864054e-01
6.862742e-01
7.784899e-01
8.562214e-01
9.151923e-01
9.549928e-01
9.787011e-01
9.910966e-01
9.967512e-01
9.989816e-01
9.997316e-01
9.999423e-01
9.999903e-01
9.999988e-01
9.999999e-01
1.000000e+00
1.465148e-01
1.086084e-01
8.434730e-02
6.873589e-02
5.861633e-02
5.217306e-02
4.837050e-02
4.663363e-02
4.668235e-02
4.844918e-02
5.204399e-02
5.774699e-02
6.601934e-02
7.752250e-02
9.313572e-02
1.139568e-01
1.412665e-01
1.764358e-01
2.207592e-01
2.752140e-01
3.401663e-01
4.150684e-01
4.982008e-01
5.865164e-01
6.756616e-01
7.603118e-01
8.349907e-01
8.953594e-01
9.395004e-01
9.683974e-01
9.852140e-01
9.938637e-01
9.977690e-01
9.993010e-01
9.998154e-01
9.999601e-01
9.999933e-01
9.999992e-01
9.999999e-01
1.000000e+00
3.851273e-01
2.728059e-01
2.107851e-01
1.720261e-01
1.466971e-01
1.300791e-01
1.195979e-01
1.137856e-01
1.118261e-01
1.133311e-01
1.182231e-01
1.266724e-01
1.390617e-01
1.559577e-01
1.780765e-01
2.062286e-01
2.412321e-01
2.837885e-01
3.343277e-01
3.928382e-01
4.587069e-01
5.305953e-01
6.063643e-01
6.830722e-01
7.570975e-01
8.244977e-01
8.816886e-01
9.263324e-01
9.580226e-01
9.782950e-01
9.899035e-01
9.958173e-01
9.984767e-01
9.995205e-01
9.998725e-01
9.999722e-01
9.999952e-01
9.999994e-01
1.000000e+00
1.000000e+00
6.584446e-01
4.920574e-01
3.955352e-01
3.319490e-01
2.885515e-01
2.588564e-01
2.391366e-01
2.271368e-01
2.214867e-01
2.213934e-01
2.264652e-01
2.365988e-01
2.518984e-01
2.726055e-01
2.990269e-01
3.314543e-01
3.700736e-01
4.148703e-01
4.655405e-01
5.214189e-01
5.814308e-01
6.440662e-01
7.073757e-01
7.690062e-01
8.263333e-01
8.767645e-01
9.182315e-01
9.497275e-01
9.716008e-01
9.853785e-01
9.931985e-01
9.971713e-01
9.989621e-01
9.996699e-01
9.999110e-01
9.999803e-01
9.999966e-01
9.999996e-01
1.000000e+00
1.000000e+00
8.358136e-01
7.064986e-01
5.995412e-01
5.229540e-01
4.674234e-01
4.274937e-01
3.996485e-01
3.815501e-01
3.716316e-01
3.688525e-01
3.725385e-01
3.822660e-01
3.977715e-01
4.188726e-01
4.453970e-01
4.771169e-01
5.136928e-01
5.546305e-01
5.992527e-01
6.466851e-01
6.958507e-01
7.454650e-01
7.940399e-01
8.399189e-01
8.813898e-01
9.169119e-01
9.454335e-01
9.666775e-01
9.812249e-01
9.903166e-01
9.954687e-01
9.980968e-01
9.992923e-01
9.997712e-01
9.999371e-01
9.999858e-01
9.999975e-01
9.999997e-01
1.000000e+00
1.000000e+00
9.222840e-01
8.556009e-01
7.739989e-01
7.040877e-01
6.487615e-01
6.064799e-01
5.754035e-01
5.539745e-01
5.409571e-01
5.353870e-01
5.365062e-01
5.437004e-01
5.564421e-01
5.742406e-01
5.966008e-01
6.229918e-01
6.528272e-01
6.854549e-01
7.201548e-01
7.561374e-01
7.925401e-01
8.284205e-01
8.627572e-01
8.944809e-01
9.225604e-01
9.461549e-01
9.647953e-01
9.785162e-01
9.878526e-01
9.936854e-01
9.970093e-01
9.987236e-01
9.995160e-01
9.998399e-01
9.999548e-01
9.999895e-01
9.999981e-01
9.999997e-01
1.000000e+00
1.000000e+00
9.634748e-01
9.314925e-01
8.887978e-01
8.406972e-01
7.977927e-01
7.621057e-01
7.340988e-01
7.135260e-01
6.998860e-01
6.926036e-01
6.910943e-01
6.947834e-01
7.031042e-01
7.154917e-01
7.313757e-01
7.501775e-01
7.713112e-01
7.941850e-01
8.182034e-01
8.427640e-01
8.672517e-01
8.910308e-01
9.134472e-01
9.338529e-01
9.516647e-01
9.664528e-01
9.780340e-01
9.865226e-01
9.923054e-01
9.959436e-01
9.980433e-01
9.991460e-01
9.996676e-01
9.998867e-01
9.999670e-01
9.999920e-01
9.999985e-01
9.999998e-01
1.000000e+00
1.000000e+00
9.829157e-01
9.687896e-01
9.486386e-01
9.234217e-01
8.975457e-01
8.735653e-01
8.531221e-01
8.369704e-01
8.253288e-01
8.181104e-01
8.150553e-01
8.158039e-01
8.199386e-01
8.270100e-01
8.365540e-01
8.481049e-01
8.612047e-01
8.754097e-01
8.902921e-01
9.054375e-01
9.204399e-01
9.348969e-01
9.484129e-01
9.606157e-01
9.711908e-01
9.799270e-01
9.867584e-01
9.917814e-01
9.952327e-01
9.974352e-01
9.987318e-01
9.994302e-01
9.997707e-01
9.999189e-01
9.999754e-01
9.999938e-01
9.999988e-01
9.999998e-01
1.000000e+00
1.000000e+00
9.921536e-01
9.862225e-01
9.775355e-01
9.662323e-01
9.534012e-01
9.402905e-01
9.281050e-01
9.176946e-01
9.095524e-01
9.038903e-01
9.007198e-01
8.999165e-01
9.012680e-01
9.045085e-01
9.093446e-01
9.154738e-01
9.225967e-01
9.304253e-01
9.386861e-01
9.471192e-01
9.554767e-01
9.635206e-01
9.710257e-01
9.777889e-01
9.836464e-01
9.884948e-01
9.923077e-01
9.951406e-01
9.971182e-01
9.984076e-01
9.991876e-01
9.996217e-01
9.998415e-01
9.999413e-01
9.999813e-01
9.999950e-01
9.999989e-01
9.999998e-01
1.000000e+00
1.000000e+00
9.965396e-01
9.941990e-01
9.906987e-01
9.861712e-01
9.806730e-01
9.746206e-01
9.685533e-01
9.629719e-01
9.582595e-01
9.546595e-01
9.522879e-01
9.511575e-01
9.512054e-01
9.523175e-01
9.543482e-01
9.571366e-01
9.605177e-01
9.643296e-01
9.684176e-01
9.726355e-01
9.768454e-01
9.809179e-01
9.847334e-01
9.881872e-01
9.911967e-01
9.937099e-01
9.957119e-01
9.972259e-01
9.983074e-01
9.990331e-01
9.994876e-01
9.997509e-01
9.998905e-01
9.999573e-01
9.999855e-01
9.999959e-01
9.999991e-01
9.999998e-01
1.000000e+00
1.000000e+00
9.985605e-01
9.976986e-01
9.964267e-01
9.947616e-01
9.926629e-01
9.902304e-01
9.876420e-01
9.851050e-01
9.828129e-01
9.809182e-01
9.795206e-01
9.786676e-01
9.783622e-01
9.785734e-01
9.792464e-01
9.803123e-01
9.816951e-01
9.833174e-01
9.851033e-01
9.869804e-01
9.888803e-01
9.907395e-01
9.924998e-01
9.941110e-01
9.955330e-01
9.967395e-01
9.977200e-01
9.984801e-01
9.990398e-01
9.994292e-01
9.996836e-01
9.998382e-01
9.999248e-01
9.999688e-01
9.999887e-01
9.999965e-01
9.999991e-01
9.999998e-01
1.000000e+00
1.000000e+00
9.994469e-01
9.991580e-01
9.987392e-01
9.981813e-01
9.974628e-01
9.965997e-01
9.956384e-01
9.946457e-01
9.936954e-01
9.928556e-01
9.921801e-01
9.917033e-01
9.914410e-01
9.913922e-01
9.915429e-01
9.918701e-01
9.923455e-01
9.929381e-01
9.936163e-01
9.943492e-01
9.951072e-01
9.958629e-01
9.965910e-01
9.972694e-01
9.978800e-01
9.984101e-01
9.988527e-01
9.992070e-01
9.994780e-01
9.996749e-01
9.998102e-01
9.998972e-01
9.999490e-01
9.999773e-01
9.999911e-01
9.999971e-01
9.999992e-01
9.999998e-01
1.000000e+00
1.000000e+00
9.998081e-01
9.997206e-01
9.995960e-01
9.994280e-01
9.992084e-01
9.989376e-01
9.986253e-01
9.982885e-01
9.979499e-01
9.976332e-01
9.973598e-01
9.971460e-01
9.970024e-01
9.969330e-01
9.969367e-01
9.970080e-01
9.971388e-01
9.973189e-01
9.975375e-01
9.977835e-01
9.980460e-01
9.983147e-01
9.985801e-01
9.988336e-01
9.990681e-01
9.992778e-01
9.994590e-01
9.996099e-01
9.997307e-01
9.998231e-01
9.998904e-01
9.999366e-01
9.999663e-01
9.999837e-01
9.999931e-01
9.999975e-01
9.999992e-01
9.999998e-01
1.000000e+00
1.000000e+00
9.999409e-01
9.999174e-01
9.998842e-01
9.998393e-01
9.997799e-01
9.997053e-01
9.996167e-01
9.995178e-01
9.994140e-01
9.993120e-01
9.992185e-01
9.991394e-01
9.990790e-01
9.990401e-01
9.990236e-01
9.990288e-01
9.990541e-01
9.990969e-01
9.991543e-01
9.992230e-01
9.992996e-01
9.993811e-01
9.994643e-01
9.995464e-01
9.996251e-01
9.996981e-01
9.997639e-01
9.998213e-01
9.998698e-01
9.999092e-01
9.999399e-01
9.999626e-01
9.999784e-01
9.999886e-01
9.999947e-01
9.999978e-01
9.999993e-01
9.999998e-01
1.000000e+00
1.000000e+00
9.999841e-01
9.999786e-01
9.999709e-01
9.999603e-01
9.999463e-01
9.999284e-01
9.999067e-01
9.998817e-01
9.998544e-01
9.998265e-01
9.997995e-01
9.997751e-01
9.997547e-01
9.997393e-01
9.997295e-01
9.997254e-01
9.997270e-01
9.997336e-01
9.997449e-01
9.997598e-01
9.997778e-01
9.997980e-01
9.998195e-01
9.998417e-01
9.998640e-01
9.998855e-01
9.999060e-01
9.999249e-01
9.999419e-01
9.999567e-01
9.999691e-01
9.999792e-01
9.999869e-01
9.999924e-01
9.999960e-01
9.999982e-01
9.999993e-01
9.999998e-01
1.000000e+00
1.000000e+00
9.999964e-01
9.999952e-01
9.999937e-01
9.999916e-01
9.999887e-01
9.999850e-01
9.999805e-01
9.999751e-01
9.999691e-01
9.999626e-01
9.999561e-01
9.999498e-01
9.999442e-01
9.999395e-01
9.999359e-01
9.999335e-01
9.999323e-01
9.999323e-01
9.999335e-01
9.999357e-01
9.999387e-01
9.999424e-01
9.999467e-01
9.999513e-01
9.999563e-01
9.999614e-01
9.999665e-01
9.999716e-01
9.999765e-01
9.999811e-01
9.999854e-01
9.999893e-01
9.999925e-01
9.999952e-01
9.999972e-01
9.999985e-01
9.999994e-01
9.999998e-01
9.999999e-01
1.000000e+00
9.999993e-01
9.999991e-01
9.999988e-01
9.999985e-01
9.999980e-01
9.999974e-01
9.999966e-01
9.999956e-01
9.999945e-01
9.999933e-01
9.999920e-01
9.999906e-01
9.999894e-01
9.999882e-01
9.999873e-01
9.999865e-01
9.999859e-01
9.999855e-01
9.999853e-01
9.999854e-01
9.999856e-01
9.999860e-01
9.999865e-01
9.999871e-01
9.999879e-01
9.999887e-01
9.999896e-01
9.999906e-01
9.999916e-01
9.999927e-01
9.999938e-01
9.999950e-01
9.999961e-01
9.999972e-01
9.999981e-01
9.999989e-01
9.999994e-01
9.999998e-01
9.999999e-01
1.000000e+00
9.999999e-01
9.999999e-01
9.999998e-01
9.999998e-01
9.999997e-01
9.999996e-01
9.999995e-01
9.999994e-01
9.999992e-01
9.999990e-01
9.999988e-01
9.999986e-01
9.999984e-01
9.999981e-01
9.999979e-01
9.999978e-01
9.999976e-01
9.999975e-01
9.999973e-01
9.999973e-01
9.999972e-01
9.999972e-01
9.999972e-01
9.999972e-01
9.999972e-01
9.999972e-01
9.999973e-01
9.999973e-01
9.999974e-01
9.999976e-01
9.999977e-01
9.999979e-01
9.999982e-01
9.999985e-01
9.999989e-01
9.999992e-01
9.999995e-01
9.999998e-01
9.999999e-01
1.000000e+00
1.000000e+00
1.000000e+00
1.000000e+00
1.000000e+00
1.000000e+00
1.000000e+00
9.999999e-01
9.999999e-01
9.999999e-01
9.999999e-01
9.999999e-01
9.999998e-01
9.999998e-01
9.999998e-01
9.999997e-01
9.999997e-01
9.999997e-01
9.999996e-01
9.999996e-01
9.999996e-01
9.999996e-01
9.999995e-01
9.999995e-01
9.999995e-01
9.999995e-01
9.999994e-01
9.999994e-01
9.999994e-01
9.999994e-01
9.999993e-01
9.999993e-01
9.999993e-01
9.999993e-01
9.999993e-01
9.999994e-01
9.999995e-01
9.999996e-01
9.999998e-01
9.999999e-01
1.000000e+00
1.000000e+00
1.000000e+00
1.000000e+00
1.000000e+00
1.000000e+00
1.000000e+00
1.000000e+00
1.000000e+00
1.000000e+00
1.000000e+00
1.000000e+00
1.000000e+00
1.000000e+00
1.000000e+00
1.000000e+00
1.000000e+00
1.000000e+00
1.000000e+00
1.000000e+00
1.000000e+00
1.000000e+00
9.999999e-01
9.999999e-01
9.999999e-01
9.999999e-01
9.999999e-01
9.999999e-01
9.999999e-01
9.999999e-01
9.999999e-01
9.999998e-01
9.999998e-01
9.999998e-01
9.999998e-01
9.999997e-01
9.999997e-01
9.999998e-01
9.999998e-01
9.999999e-01
1.000000e+00
1.000000e+00
1.000000e+00
1.000000e+00
1.000000e+00
1.000000e+00
1.000000e+00
1.000000e+00
1.000000e+00
1.000000e+00
1.000000e+00
1.000000e+00
1.000000e+00
1.000000e+00
1.000000e+00
1.000000e+00
1.000000e+00
1.000000e+00
1.000000e+00
1.000000e+00
1.000000e+00
1.000000e+00
1.000000e+00
1.000000e+00
1.000000e+00
1.000000e+00
1.000000e+00
1.000000e+00
1.000000e+00
1.000000e+00
1.000000e+00
1.000000e+00
1.000000e+00
1.000000e+00
9.999999e-01
9.999999e-01
9.999999e-01
9.999999e-01
9.999999e-01
9.999999e-01
9.999999e-01
1.000000e+00
1.000000e+00
1.000000e+00
1.000000e+00
1.000000e+00
1.000000e+00
1.000000e+00
1.000000e+00
1.000000e+00
1.000000e+00
1.000000e+00
1.000000e+00
1.000000e+00
1.000000e+00
1.000000e+00
1.000000e+00
1.000000e+00
1.000000e+00
1.000000e+00
1.000000e+00
1.000000e+00
1.000000e+00
1.000000e+00
1.000000e+00
1.000000e+00
1.000000e+00
1.000000e+00
1.000000e+00
1.000000e+00
1.000000e+00
1.000000e+00
1.000000e+00
1.000000e+00
1.000000e+00
1.000000e+00
1.000000e+00
1.000000e+00
1.000000e+00
9.999999e-01
9.999999e-01
