1.000000e+00
1.000000e+00
1.000000e+00
1.000000e+00
1.000000e+00
1.000000e+00
1.000000e+00
1.000000e+00
1.000000e+00
1.000000e+00
1.000000e+00
1.000000e+00
1.000000e+00
1.000000e+00
1.000000e+00
1.000000e+00
9.999998e-01
9.999983e-01
9.999884e-01
9.999366e-01
9.997128e-01
9.989013e-01
9.963958e-01
9.897298e-01
9.742999e-01
9.429856e-01
8.869735e-01
7.984790e-01
6.752322e-01
5.249900e-01
3.666044e-01
2.244507e-01
1.176422e-01
5.155599e-02
1.842899e-02
5.218197e-03
1.124746e-03
1.733918e-04
1.703954e-05
8.028599e-07
1.000000e+00
1.000000e+00
1.000000e+00
1.000000e+00
1.000000e+00
1.000000e+00
1.000000e+00
1.000000e+00
1.000000e+00
1.000000e+00
1.000000e+00
1.000000e+00
1.000000e+00
1.000000e+00
1.000000e+00
1.000000e+00
9.999998e-01
9.999981e-01
9.999871e-01
9.999302e-01
9.996873e-01
9.988148e-01
9.961450e-01
9.891008e-01
9.729206e-01
9.403200e-01
8.824108e-01
7.915575e-01
6.659805e-01
5.142440e-01
3.559974e-01
2.157918e-01
1.119454e-01
4.859518e-02
1.723113e-02
4.846849e-03
1.038894e-03
1.593579e-04
1.558622e-05
7.309526e-07
1.000000e+00
1.000000e+00
1.000000e+00
1.000000e+00
1.000000e+00
1.000000e+00
1.000000e+00
1.000000e+00
1.000000e+00
1.000000e+00
1.000000e+00
1.000000e+00
1.000000e+00
1.000000e+00
1.000000e+00
1.000000e+00
9.999997e-01
9.999977e-01
9.999848e-01
9.999197e-01
9.996457e-01
9.986769e-01
9.957540e-01
9.881425e-01
9.708702e-01
9.364627e-01
8.760032e-01
7.821578e-01
6.538707e-01
5.007122e-01
3.431248e-01
2.055907e-01
1.053496e-01
4.517821e-02
1.583732e-02
4.408629e-03
9.360992e-04
1.423556e-04
1.381126e-05
6.427279e-07
1.000000e+00
1.000000e+00
1.000000e+00
1.000000e+00
1.000000e+00
1.000000e+00
1.000000e+00
1.000000e+00
1.000000e+00
1.000000e+00
1.000000e+00
1.000000e+00
1.000000e+00
1.000000e+00
1.000000e+00
1.000000e+00
9.999996e-01
9.999970e-01
9.999812e-01
9.999030e-01
9.995820e-01
9.984706e-01
9.951831e-01
9.867758e-01
9.680148e-01
9.312208e-01
8.675154e-01
7.700380e-01
6.386949e-01
4.842444e-01
3.279003e-01
1.938288e-01
9.789574e-02
4.136955e-02
1.429646e-02
3.926370e-03
8.232984e-04
1.237493e-04
1.187556e-05
5.469438e-07
1.000000e+00
1.000000e+00
1.000000e+00
1.000000e+00
1.000000e+00
1.000000e+00
1.000000e+00
1.000000e+00
1.000000e+00
1.000000e+00
1.000000e+00
1.000000e+00
1.000000e+00
1.000000e+00
1.000000e+00
9.999999e-01
9.999995e-01
9.999960e-01
9.999754e-01
9.998771e-01
9.994858e-01
9.981687e-01
9.943708e-01
9.848833e-01
9.641625e-01
9.243268e-01
8.566320e-01
7.548907e-01
6.202180e-01
4.647212e-01
3.103233e-01
1.805892e-01
8.969670e-02
3.726346e-02
1.266327e-02
3.422478e-03
7.068834e-04
1.047591e-04
9.920565e-06
4.511945e-07
1.000000e+00
1.000000e+00
1.000000e+00
1.000000e+00
1.000000e+00
1.000000e+00
1.000000e+00
1.000000e+00
1.000000e+00
1.000000e+00
1.000000e+00
1.000000e+00
1.000000e+00
1.000000e+00
1.000000e+00
9.999999e-01
9.999992e-01
9.999941e-01
9.999659e-01
9.998363e-01
9.993402e-01
9.977280e-01
9.932245e-01
9.822947e-01
9.590460e-01
9.154232e-01
8.429512e-01
7.363498e-01
5.981956e-01
4.420709e-01
2.904794e-01
1.660414e-01
8.092046e-02
3.297510e-02
1.099558e-02
2.918265e-03
5.924936e-04
8.640431e-05
8.059475e-06
3.613401e-07
1.000000e+00
1.000000e+00
1.000000e+00
1.000000e+00
1.000000e+00
1.000000e+00
1.000000e+00
1.000000e+00
1.000000e+00
1.000000e+00
1.000000e+00
1.000000e+00
1.000000e+00
1.000000e+00
1.000000e+00
9.999998e-01
9.999986e-01
9.999908e-01
9.999496e-01
9.997706e-01
9.991165e-01
9.970796e-01
9.916033e-01
9.787642e-01
9.522984e-01
9.040438e-01
8.259783e-01
7.139996e-01
5.723951e-01
4.162897e-01
2.685472e-01
1.504335e-01
7.177717e-02
2.863187e-02
9.350656e-03
2.432873e-03
4.847784e-04
6.946422e-05
6.373227e-06
2.813121e-07
1.000000e+00
1.000000e+00
1.000000e+00
1.000000e+00
1.000000e+00
1.000000e+00
1.000000e+00
1.000000e+00
1.000000e+00
1.000000e+00
1.000000e+00
1.000000e+00
1.000000e+00
1.000000e+00
1.000000e+00
9.999997e-01
9.999975e-01
9.999845e-01
9.999208e-01
9.996612e-01
9.987653e-01
9.961121e-01
9.892933e-01
9.739395e-01
9.434222e-01
8.895921e-01
8.051227e-01
6.873924e-01
5.426254e-01
3.874681e-01
2.448086e-01
1.340849e-01
6.250653e-02
2.436422e-02
7.781316e-03
1.982186e-03
3.872094e-04
5.446196e-05
4.910417e-06
2.132034e-07
1.000000e+00
1.000000e+00
1.000000e+00
1.000000e+00
1.000000e+00
1.000000e+00
1.000000e+00
1.000000e+00
1.000000e+00
1.000000e+00
1.000000e+00
1.000000e+00
1.000000e+00
1.000000e+00
9.999999e-01
9.999993e-01
9.999949e-01
9.999716e-01
9.998672e-01
9.994728e-01
9.981996e-01
9.946439e-01
9.859683e-01
9.673168e-01
9.317501e-01
8.713209e-01
7.797029e-01
6.560781e-01
5.087780e-01
3.558235e-01
2.196581e-01
1.173773e-01
5.336325e-02
2.029614e-02
6.332173e-03
1.577977e-03
3.019940e-04
4.167181e-05
3.690554e-06
1.575529e-07
1.000000e+00
1.000000e+00
1.000000e+00
1.000000e+00
1.000000e+00
1.000000e+00
1.000000e+00
1.000000e+00
1.000000e+00
1.000000e+00
1.000000e+00
1.000000e+00
1.000000e+00
1.000000e+00
9.999997e-01
9.999981e-01
9.999886e-01
9.999437e-01
9.997624e-01
9.991363e-01
9.972644e-01
9.923760e-01
9.811306e-01
9.581812e-01
9.164017e-01
8.483191e-01
7.489709e-01
6.196556e-01
4.708826e-01
3.217348e-01
1.936074e-01
1.007387e-01
4.459988e-02
1.653579e-02
5.036709e-03
1.227470e-03
2.301106e-04
3.114949e-05
2.709674e-06
1.137381e-07
1.000000e+00
1.000000e+00
1.000000e+00
1.000000e+00
1.000000e+00
1.000000e+00
1.000000e+00
1.000000e+00
1.000000e+00
1.000000e+00
1.000000e+00
1.000000e+00
1.000000e+00
9.999998e-01
9.999989e-01
9.999942e-01
9.999716e-01
9.998789e-01
9.995475e-01
9.985134e-01
9.956796e-01
9.888151e-01
9.740256e-01
9.455325e-01
8.962424e-01
8.195190e-01
7.121643e-01
5.778499e-01
4.291761e-01
2.857754e-01
1.672784e-01
8.461917e-02
3.644760e-02
1.316729e-02
3.915487e-03
9.333788e-04
1.714609e-04
2.277885e-05
1.947165e-06
8.039330e-08
1.000000e+00
1.000000e+00
1.000000e+00
1.000000e+00
1.000000e+00
1.000000e+00
1.000000e+00
1.000000e+00
1.000000e+00
1.000000e+00
1.000000e+00
9.999999e-01
9.999998e-01
9.999990e-01
9.999954e-01
9.999805e-01
9.999225e-01
9.997202e-01
9.990880e-01
9.973260e-01
9.929394e-01
9.831541e-01
9.635266e-01
9.280057e-01
8.698644e-01
7.837449e-01
6.686056e-01
5.306224e-01
3.841784e-01
2.487310e-01
1.413781e-01
6.945795e-02
2.909669e-02
1.024478e-02
2.975829e-03
6.944237e-04
1.251100e-04
1.632686e-05
1.372649e-06
5.579020e-08
1.000000e+00
1.000000e+00
1.000000e+00
1.000000e+00
1.000000e+00
1.000000e+00
1.000000e+00
1.000000e+00
9.999999e-01
9.999999e-01
9.999997e-01
9.999992e-01
9.999978e-01
9.999933e-01
9.999784e-01
9.999291e-01
9.997738e-01
9.993164e-01
9.980781e-01
9.950187e-01
9.881440e-01
9.741010e-01
9.480011e-01
9.038121e-01
8.356224e-01
7.398314e-01
6.178604e-01
4.783082e-01
3.367602e-01
2.115903e-01
1.166514e-01
5.564326e-02
2.267995e-02
7.789927e-03
2.212991e-03
5.062032e-04
8.956896e-05
1.149771e-05
9.519808e-07
3.813626e-08
9.999999e-01
9.999998e-01
9.999998e-01
9.999998e-01
9.999997e-01
9.999997e-01
9.999995e-01
9.999993e-01
9.999988e-01
9.999980e-01
9.999962e-01
9.999923e-01
9.999830e-01
9.999597e-01
9.998988e-01
9.997379e-01
9.993201e-01
9.982805e-01
9.958426e-01
9.905168e-01
9.797491e-01
9.596712e-01
9.251997e-01
8.707583e-01
7.917770e-01
6.868445e-01
5.599585e-01
4.217611e-01
2.881736e-01
1.754909e-01
9.381056e-02
4.347228e-02
1.726222e-02
5.793477e-03
1.612599e-03
3.622678e-04
6.307466e-05
7.979155e-06
6.517761e-07
2.577681e-08
9.999963e-01
9.999962e-01
9.999960e-01
9.999956e-01
9.999949e-01
9.999938e-01
9.999922e-01
9.999895e-01
9.999852e-01
9.999778e-01
9.999646e-01
9.999396e-01
9.998898e-01
9.997857e-01
9.995607e-01
9.990663e-01
9.979861e-01
9.956841e-01
9.909777e-01
9.818593e-01
9.652581e-01
9.370117e-01
8.922607e-01
8.264310e-01
7.368059e-01
6.244205e-01
4.956535e-01
3.624596e-01
2.400106e-01
1.416120e-01
7.345201e-02
3.311941e-02
1.283918e-02
4.220454e-03
1.153859e-03
2.551987e-04
4.382679e-05
5.476423e-06
4.423035e-07
1.730472e-08
9.999376e-01
9.999392e-01
9.999393e-01
9.999377e-01
9.999336e-01
9.999265e-01
9.999150e-01
9.998971e-01
9.998692e-01
9.998248e-01
9.997525e-01
9.996301e-01
9.994154e-01
9.990257e-01
9.982996e-01
9.969270e-01
9.943346e-01
9.895159e-01
9.808222e-01
9.657717e-01
9.409879e-01
9.024202e-01
8.459826e-01
7.686540e-01
6.699165e-01
5.531890e-01
4.266434e-01
3.025026e-01
1.940576e-01
1.110233e-01
5.597853e-02
2.462221e-02
9.345800e-03
3.018078e-03
8.129078e-04
1.775323e-04
3.015976e-05
3.732927e-06
2.988876e-07
1.159715e-08
9.992709e-01
9.993270e-01
9.993699e-01
9.993957e-01
9.994021e-01
9.993867e-01
9.993452e-01
9.992702e-01
9.991492e-01
9.989606e-01
9.986676e-01
9.982068e-01
9.974686e-01
9.962617e-01
9.942562e-01
9.908944e-01
9.852659e-01
9.759589e-01
9.609244e-01
9.374278e-01
9.021893e-01
8.518106e-01
7.835333e-01
6.962676e-01
5.917020e-01
4.751530e-01
3.556255e-01
2.444227e-01
1.520473e-01
8.452408e-02
4.155077e-02
1.789001e-02
6.672733e-03
2.124589e-03
5.657673e-04
1.224286e-04
2.064343e-05
2.539106e-06
2.021779e-07
7.803158e-09
9.939214e-01
9.947353e-01
9.953913e-01
9.958686e-01
9.961759e-01
9.963269e-01
9.963276e-01
9.961713e-01
9.958329e-01
9.952627e-01
9.943744e-01
9.930262e-01
9.909900e-01
9.879039e-01
9.832052e-01
9.760420e-01
9.651741e-01
9.488899e-01
9.249875e-01
8.908838e-01
8.439151e-01
7.818578e-01
7.036363e-01
6.101054e-01
5.047182e-01
3.938024e-01
2.860465e-01
1.908016e-01
1.153646e-01
6.252332e-02
3.008511e-02
1.273303e-02
4.686509e-03
1.477267e-03
3.904929e-04
8.405598e-05
1.412152e-05
1.732545e-06
1.376933e-07
5.304801e-09
9.639394e-01
9.710368e-01
9.763106e-01
9.799907e-01
9.824389e-01
9.839470e-01
9.847045e-01
9.848096e-01
9.842821e-01
9.830670e-01
9.810267e-01
9.779220e-01
9.733794e-01
9.668457e-01
9.575316e-01
9.443558e-01
9.259059e-01
9.004497e-01
8.660340e-01
8.207058e-01
7.628702e-01
6.917584e-01
6.079372e-01
5.137557e-01
4.135946e-01
3.137258e-01
2.215101e-01
1.437786e-01
8.480769e-02
4.500723e-02
2.129894e-02
8.903356e-03
3.248757e-03
1.018438e-03
2.684171e-04
5.772691e-05
9.704747e-06
1.192743e-06
9.501168e-08
3.668957e-09
8.534852e-01
8.913916e-01
9.156527e-01
9.312641e-01
9.413837e-01
9.478269e-01
9.516295e-01
9.533664e-01
9.533177e-01
9.515508e-01
9.479560e-01
9.422530e-01
9.339807e-01
9.224775e-01
9.068643e-01
8.860432e-01
8.587335e-01
8.235642e-01
7.792408e-01
7.247860e-01
6.598337e-01
5.849316e-01
5.017992e-01
4.134836e-01
3.243384e-01
2.396882e-01
1.650093e-01
1.046406e-01
6.049960e-02
3.160256e-02
1.478596e-02
6.136264e-03
2.230982e-03
6.989727e-04
1.845753e-04
3.985317e-05
6.737035e-06
8.334841e-07
6.687020e-08
2.600764e-09
6.148727e-01
7.271941e-01
7.892149e-01
8.279739e-01
8.533029e-01
8.699209e-01
8.804021e-01
8.862144e-01
8.881739e-01
8.866689e-01
8.817769e-01
8.733276e-01
8.609383e-01
8.440423e-01
8.219235e-01
7.937714e-01
7.587679e-01
7.162115e-01
6.656723e-01
6.071618e-01
5.412931e-01
4.694047e-01
3.936357e-01
3.169278e-01
2.429025e-01
1.755023e-01
1.183114e-01
7.366759e-02
4.197738e-02
2.170504e-02
1.009647e-02
4.182669e-03
1.523338e-03
4.795224e-04
1.275458e-04
2.779731e-05
4.750764e-06
5.949001e-07
4.833939e-08
1.904211e-09
3.415554e-01
5.079426e-01
6.044648e-01
6.680510e-01
7.114485e-01
7.411436e-01
7.608634e-01
7.728632e-01
7.785133e-01
7.786066e-01
7.735348e-01
7.634012e-01
7.481016e-01
7.273945e-01
7.009731e-01
6.685457e-01
6.299264e-01
5.851297e-01
5.344595e-01
4.785811e-01
4.185692e-01
3.559338e-01
2.926243e-01
2.309938e-01
1.736667e-01
1.232355e-01
8.176853e-02
5.027247e-02
2.839921e-02
1.462148e-02
6.801466e-03
2.828715e-03
1.037854e-03
3.301139e-04
8.895490e-05
1.968405e-05
3.421812e-06
4.364018e-07
3.614401e-08
1.451572e-09
1.641864e-01
2.935014e-01
4.004588e-01
4.770460e-01
5.325766e-01
5.725063e-01
6.003515e-01
6.184499e-01
6.283684e-01
6.311475e-01
6.274615e-01
6.177340e-01
6.022285e-01
5.811274e-01
5.546030e-01
5.228831e-01
4.863072e-01
4.453695e-01
4.007473e-01
3.533149e-01
3.041493e-01
2.545350e-01
2.059601e-01
1.600811e-01
1.186102e-01
8.308808e-02
5.456651e-02
3.332255e-02
1.877511e-02
9.683383e-03
4.531337e-03
1.903202e-03
7.076574e-04
2.288255e-04
6.286021e-05
1.421480e-05
2.530381e-06
3.309842e-07
2.814591e-08
1.161176e-09
7.771596e-02
1.443991e-01
2.260011e-01
2.959123e-01
3.512385e-01
3.935201e-01
4.245965e-01
4.460255e-01
4.590429e-01
4.646130e-01
4.634938e-01
4.562996e-01
4.435579e-01
4.257594e-01
4.033992e-01
3.770082e-01
3.471728e-01
3.145451e-01
2.798452e-01
2.438626e-01
2.074599e-01
1.715795e-01
1.372428e-01
1.055191e-01
7.743955e-02
5.384513e-02
3.520472e-02
2.148378e-02
1.214745e-02
6.314557e-03
2.990728e-03
1.276367e-03
4.839852e-04
1.601352e-04
4.515047e-05
1.050820e-05
1.929815e-06
2.609395e-07
2.297210e-08
9.820820e-10
3.652516e-02
6.850750e-02
1.112022e-01
1.593028e-01
2.022073e-01
2.378943e-01
2.659012e-01
2.864740e-01
3.001140e-01
3.073964e-01
3.089057e-01
3.052166e-01
2.968958e-01
2.845083e-01
2.686243e-01
2.498225e-01
2.286888e-01
2.058150e-01
1.817966e-01
1.572360e-01
1.327483e-01
1.089692e-01
8.655281e-02
6.614705e-02
4.833529e-02
3.354716e-02
2.196597e-02
1.347739e-02
7.694591e-03
4.056424e-03
1.956707e-03
8.539625e-04
3.324194e-04
1.133233e-04
3.303446e-05
7.974266e-06
1.523314e-06
2.147914e-07
1.975962e-08
8.840859e-10
1.708431e-02
3.121037e-02
5.136139e-02
7.657831e-02
1.024543e-01
1.264347e-01
1.468779e-01
1.630296e-01
1.746712e-01
1.818896e-01
1.849447e-01
1.841961e-01
1.800614e-01
1.729900e-01
1.634460e-01
1.518951e-01
1.387953e-01
1.245903e-01
1.097079e-01
9.456248e-02
7.956013e-02
6.510315e-02
5.158714e-02
3.938426e-02
2.880917e-02
2.007302e-02
1.324157e-02
8.218564e-03
4.767293e-03
2.564819e-03
1.268162e-03
5.697528e-04
2.292681e-04
8.112321e-05
2.464110e-05
6.221193e-06
1.247337e-06
1.851866e-07
1.798797e-08
8.517367e-10
7.846363e-03
1.377745e-02
2.246450e-02
3.376772e-02
4.659881e-02
5.970954e-02
7.189501e-02
8.230540e-02
9.044764e-02
9.610972e-02
9.928018e-02
1.000835e-01
9.873203e-02
9.549154e-02
9.065539e-02
8.452625e-02
7.740333e-02
6.957467e-02
6.131393e-02
5.288080e-02
4.452332e-02
3.647942e-02
2.897433e-02
2.221113e-02
1.635359e-02
1.150524e-02
7.692321e-03
4.859359e-03
2.881803e-03
1.592393e-03
8.123975e-04
3.783297e-04
1.585244e-04
5.867194e-05
1.872505e-05
4.989102e-06
1.060143e-06
1.674821e-07
1.737479e-08
8.814946e-10
3.460428e-03
5.800982e-03
9.301267e-03
1.382878e-02
1.932700e-02
2.537941e-02
3.144670e-02
3.702805e-02
4.174049e-02
4.534047e-02
4.771214e-02
4.884255e-02
4.879457e-02
4.768250e-02
4.565179e-02
4.286338e-02
3.948232e-02
3.567044e-02
3.158242e-02
2.736450e-02
2.315456e-02
1.908213e-02
1.526663e-02
1.181281e-02
8.803296e-03
6.290071e-03
4.288068e-03
2.774101e-03
1.692606e-03
9.668644e-04
5.124148e-04
2.491176e-04
1.095173e-04
4.274369e-05
1.445928e-05
4.104573e-06
9.340273e-07
1.588137e-07
1.781670e-08
9.817361e-10
1.439524e-03
2.301434e-03
3.573262e-03
5.238350e-03
7.337125e-03
9.769631e-03
1.235798e-02
1.489504e-02
1.718712e-02
1.908180e-02
2.047942e-02
2.133242e-02
2.163776e-02
2.142658e-02
2.075357e-02
1.968772e-02
1.830490e-02
1.668261e-02
1.489669e-02
1.301960e-02
1.111967e-02
9.260541e-03
7.500192e-03
5.889021e-03
4.466985e-03
3.260478e-03
2.280031e-03
1.519924e-03
9.602092e-04
5.707748e-04
3.164171e-04
1.617704e-04
7.520070e-05
3.121190e-05
1.129399e-05
3.450142e-06
8.500877e-07
1.574720e-07
1.936280e-08
1.176015e-09
5.530578e-04
8.420221e-04
1.260768e-03
1.818668e-03
2.537233e-03
3.400299e-03
4.361578e-03
5.354314e-03
6.304633e-03
7.144358e-03
7.819948e-03
8.296706e-03
8.558991e-03
8.607812e-03
8.457129e-03
8.129900e-03
7.654507e-03
7.061930e-03
6.383743e-03
5.650850e-03
4.892753e-03
4.137064e-03
3.408998e-03
2.730641e-03
2.119987e-03
1.589896e-03
1.147301e-03
7.929727e-04
5.220229e-04
3.250695e-04
1.898291e-04
1.028257e-04
5.095031e-05
2.268384e-05
8.863456e-06
2.944312e-06
7.946344e-07
1.624518e-07
2.221160e-08
1.510982e-09
1.919328e-04
2.793577e-04
4.039685e-04
5.720203e-04
7.916469e-04
1.062352e-03
1.374744e-03
1.711469e-03
2.050056e-03
2.366773e-03
2.640241e-03
2.853983e-03
2.997646e-03
3.067035e-03
3.063344e-03
2.991960e-03
2.861181e-03
2.681058e-03
2.462481e-03
2.216527e-03
1.954035e-03
1.685314e-03
1.419911e-03
1.166366e-03
9.319166e-04
7.221955e-04
5.409770e-04
3.900543e-04
2.692925e-04
1.768557e-04
1.095692e-04
6.336143e-05
3.373959e-05
1.625660e-05
6.926154e-06
2.528914e-06
7.566677e-07
1.730594e-07
2.672130e-08
2.071861e-09
5.908604e-05
8.264285e-05
1.157524e-04
1.607174e-04
2.200877e-04
2.947109e-04
3.832941e-04
4.822386e-04
5.860167e-04
6.880043e-04
7.814959e-04
8.606201e-04
9.209701e-04
9.598878e-04
9.764437e-04
9.712055e-04
9.458998e-04
9.030546e-04
8.456802e-04
7.770171e-04
7.003544e-04
6.189034e-04
5.357062e-04
4.535590e-04
3.749368e-04
3.019199e-04
2.361305e-04
1.786907e-04
1.302094e-04
9.079856e-05
6.011097e-05
3.739683e-05
2.157891e-05
1.135443e-05
5.327398e-06
2.161797e-06
7.260970e-07
1.884702e-07
3.341498e-08
3.010576e-09
1.585292e-05
2.141563e-05
2.914667e-05
3.968255e-05
5.369742e-05
7.158531e-05
9.331746e-05
1.183367e-04
1.455603e-04
1.735037e-04
2.004907e-04
2.248865e-04
2.452993e-04
2.607113e-04
2.705320e-04
2.745838e-04
2.730416e-04
2.663506e-04
2.551414e-04
2.401555e-04
2.221860e-04
2.020343e-04
1.804801e-04
1.582594e-04
1.360484e-04
1.144508e-04
9.398894e-05
7.509827e-05
5.812609e-05
4.333044e-05
3.087666e-05
2.082847e-05
1.313456e-05
7.617461e-06
3.976113e-06
1.813577e-06
6.926695e-07
2.071464e-07
4.293814e-08
4.594087e-09
3.635633e-06
4.764978e-06
6.321254e-06
8.445532e-06
1.128741e-05
1.496043e-05
1.951101e-05
2.488915e-05
3.093459e-05
3.738622e-05
4.391302e-05
5.015810e-05
5.578427e-05
6.051099e-05
6.413719e-05
6.654883e-05
6.771393e-05
6.766934e-05
6.650384e-05
6.434111e-05
6.132471e-05
5.760630e-05
5.333693e-05
4.866115e-05
4.371346e-05
3.861674e-05
3.348263e-05
2.841380e-05
2.350784e-05
1.886157e-05
1.457408e-05
1.074570e-05
7.470449e-06
4.821036e-06
2.829035e-06
1.467446e-06
6.458802e-07
2.260889e-07
5.587856e-08
7.280259e-09
6.961984e-07
8.887276e-07
1.152508e-06
1.512916e-06
1.997422e-06
2.630397e-06
3.428089e-06
4.393013e-06
5.509856e-06
6.744552e-06
8.047153e-06
9.357810e-06
1.061431e-05
1.175934e-05
1.274609e-05
1.354142e-05
1.412662e-05
1.449619e-05
1.465550e-05
1.461779e-05
1.440121e-05
1.402624e-05
1.351347e-05
1.288197e-05
1.214815e-05
1.132510e-05
1.042263e-05
9.448051e-06
8.407948e-06
7.311028e-06
6.171938e-06
5.015374e-06
3.879096e-06
2.813688e-06
1.876763e-06
1.120685e-06
5.763607e-07
2.401005e-07
7.228536e-08
1.181350e-08
1.079847e-07
1.347111e-07
1.712166e-07
2.211612e-07
2.886198e-07
3.776124e-07
4.914946e-07
6.321779e-07
7.994119e-07
9.903716e-07
1.199714e-06
1.420115e-06
1.643164e-06
1.860383e-06
2.064158e-06
2.248412e-06
2.408956e-06
2.543526e-06
2.651583e-06
2.733954e-06
2.792396e-06
2.829149e-06
2.846494e-06
2.846337e-06
2.829810e-06
2.796895e-06
2.746065e-06
2.674019e-06
2.575584e-06
2.443982e-06
2.271706e-06
2.052308e-06
1.783268e-06
1.469691e-06
1.127734e-06
7.855497e-07
4.790847e-07
2.416670e-07
9.068617e-08
1.926233e-08
1.299895e-08
1.589256e-08
1.984401e-08
2.526293e-08
3.261946e-08
4.241501e-08
5.512941e-08
7.114334e-08
9.065425e-08
1.136101e-07
1.396825e-07
1.682916e-07
1.986763e-07
2.299959e-07
2.614379e-07
2.923120e-07
3.221164e-07
3.505718e-07
3.776253e-07
4.034310e-07
4.283162e-07
4.527371e-07
4.772281e-07
5.023425e-07
5.285781e-07
5.562773e-07
5.854862e-07
6.157556e-07
6.458697e-07
6.735034e-07
6.948564e-07
7.043935e-07
6.949684e-07
6.587687e-07
5.895723e-07
4.864289e-07
3.577022e-07
2.226026e-07
1.066415e-07
3.068867e-08
1.136555e-09
1.365150e-09
1.678181e-09
2.109134e-09
2.697626e-09
3.488541e-09
4.529107e-09
5.863749e-09
7.527683e-09
9.540810e-09
1.190373e-08
1.459727e-08
1.758594e-08
2.082480e-08
2.426818e-08
2.787884e-08
3.163607e-08
3.554224e-08
3.962749e-08
4.395328e-08
4.861530e-08
5.374669e-08
5.952197e-08
6.616210e-08
7.393976e-08
8.318334e-08
9.427529e-08
1.076368e-07
1.236839e-07
1.427315e-07
1.648073e-07
1.893323e-07
2.146365e-07
2.373527e-07
2.519446e-07
2.510022e-07
2.273319e-07
1.784765e-07
1.119159e-07
4.560161e-08
6.405291e-11
7.574391e-11
9.184928e-11
1.141496e-10
1.448136e-10
1.864220e-10
2.418897e-10
3.142751e-10
4.064997e-10
5.210411e-10
6.596838e-10
8.234170e-10
1.012534e-09
1.226945e-09
1.466670e-09
1.732452e-09
2.026445e-09
2.352949e-09
2.719217e-09
3.136408e-09
3.620828e-09
4.195628e-09
4.893267e-09
5.759087e-09
6.856548e-09
8.274799e-09
1.013944e-08
1.262737e-08
1.598599e-08
2.055545e-08
2.678704e-08
3.523971e-08
4.651137e-08
6.101918e-08
7.848670e-08
9.699351e-08
1.117246e-07
1.145600e-07
9.712901e-08
5.822794e-08
1.742222e-12
2.032014e-12
2.435022e-12
2.997448e-12
3.777140e-12
4.845827e-12
6.289209e-12
8.204507e-12
1.069565e-11
1.386716e-11
1.781856e-11
2.264183e-11
2.842393e-11
3.525590e-11
4.324924e-11
5.255955e-11
6.341807e-11
7.617289e-11
9.134408e-11
1.097011e-10
1.323766e-10
1.610399e-10
1.981703e-10
2.474942e-10
3.147007e-10
4.086265e-10
5.432478e-10
7.410695e-10
1.038939e-09
1.498062e-09
2.221178e-09
3.381504e-09
5.269429e-09
8.360707e-09
1.339184e-08
2.135669e-08
3.311648e-08
4.783649e-08
5.948977e-08
5.519527e-08
