2.000000e-06
2.001502e-06
1.212603e-06
8.422591e-07
6.400933e-07
5.159611e-07
4.328513e-07
3.735795e-07
3.292731e-07
2.949342e-07
2.675437e-07
2.451728e-07
2.265319e-07
2.107265e-07
1.971162e-07
1.852306e-07
1.747165e-07
1.653034e-07
1.567806e-07
1.489819e-07
1.417742e-07
1.350497e-07
1.287184e-07
1.227014e-07
1.169218e-07
1.112934e-07
1.057062e-07
1.000131e-07
9.402409e-08
8.752771e-08
8.035407e-08
7.247545e-08
6.407536e-08
5.548489e-08
4.700275e-08
3.876585e-08
3.076798e-08
2.294688e-08
1.524128e-08
7.604501e-09
0.000000e+00
-0.000000e+00
7.922645e-07
7.938286e-07
6.740161e-07
5.620339e-07
4.749264e-07
4.090066e-07
3.586100e-07
3.193029e-07
2.879840e-07
2.625229e-07
2.414417e-07
2.236957e-07
2.085307e-07
1.953909e-07
1.838588e-07
1.736153e-07
1.644127e-07
1.560562e-07
1.483902e-07
1.412894e-07
1.346511e-07
1.283884e-07
1.224238e-07
1.166792e-07
1.110650e-07
1.054659e-07
9.972724e-08
9.365241e-08
8.703104e-08
7.971917e-08
7.174733e-08
6.335769e-08
5.488452e-08
4.656719e-08
3.847788e-08
3.058466e-08
2.283175e-08
1.517280e-08
7.572265e-09
0.000000e+00
-0.000000e+00
3.734910e-07
4.963894e-07
4.979191e-07
4.590859e-07
4.126953e-07
3.696334e-07
3.325474e-07
3.013422e-07
2.751743e-07
2.531208e-07
2.343745e-07
2.182779e-07
2.043092e-07
1.920575e-07
1.811979e-07
1.714727e-07
1.626758e-07
1.546409e-07
1.472328e-07
1.403405e-07
1.338713e-07
1.277453e-07
1.218888e-07
1.162245e-07
1.106609e-07
1.050779e-07
9.931545e-08
9.317389e-08
8.645080e-08
7.903047e-08
7.098967e-08
6.260850e-08
5.422116e-08
4.603192e-08
3.807372e-08
3.029336e-08
2.263175e-08
1.504762e-08
7.511937e-09
0.000000e+00
-0.000000e+00
2.052502e-07
3.202953e-07
3.621729e-07
3.636874e-07
3.471301e-07
3.242804e-07
3.006016e-07
2.783422e-07
2.582486e-07
2.404106e-07
2.246567e-07
2.107313e-07
1.983704e-07
1.873314e-07
1.774021e-07
1.684016e-07
1.601766e-07
1.525985e-07
1.455589e-07
1.389663e-07
1.327418e-07
1.268153e-07
1.211186e-07
1.155768e-07
1.100968e-07
1.045543e-07
9.878386e-08
9.258515e-08
8.576771e-08
7.824754e-08
7.014616e-08
6.177609e-08
5.346959e-08
4.540178e-08
3.757447e-08
2.991649e-08
2.236348e-08
1.487572e-08
7.428045e-09
0.000000e+00
-0.000000e+00
1.271967e-07
2.173565e-07
2.667823e-07
2.863557e-07
2.878537e-07
2.797539e-07
2.672342e-07
2.531749e-07
2.390662e-07
2.256154e-07
2.131098e-07
2.016196e-07
1.911091e-07
1.814951e-07
1.726775e-07
1.645545e-07
1.570302e-07
1.500172e-07
1.434373e-07
1.372212e-07
1.313065e-07
1.256340e-07
1.201426e-07
1.147597e-07
1.093904e-07
1.039054e-07
9.813438e-08
9.187775e-08
8.496158e-08
7.733962e-08
6.918185e-08
6.083191e-08
5.261620e-08
4.467883e-08
3.699189e-08
2.946837e-08
2.203918e-08
1.466542e-08
7.324702e-09
0.000000e+00
-0.000000e+00
8.617345e-08
1.551454e-07
2.012397e-07
2.270960e-07
2.381728e-07
2.396455e-07
2.354048e-07
2.280559e-07
2.192248e-07
2.098743e-07
2.005467e-07
1.915278e-07
1.829510e-07
1.748621e-07
1.672577e-07
1.601085e-07
1.533724e-07
1.470024e-07
1.409509e-07
1.351714e-07
1.296184e-07
1.242446e-07
1.189952e-07
1.137994e-07
1.085595e-07
1.031402e-07
9.736564e-08
9.104002e-08
8.401214e-08
7.628203e-08
6.807381e-08
5.976051e-08
5.165559e-08
4.386659e-08
3.633502e-08
2.895974e-08
2.166854e-08
1.442371e-08
7.205510e-09
0.000000e+00
-0.000000e+00
6.234898e-08
1.158089e-07
1.559325e-07
1.826138e-07
1.980941e-07
2.052492e-07
2.066825e-07
2.044184e-07
1.999020e-07
1.941096e-07
1.876746e-07
1.809934e-07
1.743046e-07
1.677442e-07
1.613826e-07
1.552491e-07
1.493481e-07
1.436685e-07
1.381909e-07
1.328903e-07
1.277372e-07
1.226948e-07
1.177140e-07
1.127237e-07
1.076215e-07
1.022644e-07
9.647223e-08
9.005678e-08
8.289839e-08
7.505393e-08
6.680709e-08
5.855551e-08
5.058918e-08
4.297176e-08
3.561324e-08
2.840051e-08
2.126023e-08
1.415693e-08
7.073776e-09
0.000000e+00
-0.000000e+00
4.741225e-08
8.980706e-08
1.240658e-07
1.493313e-07
1.663395e-07
1.765739e-07
1.816568e-07
1.830324e-07
1.818545e-07
1.789870e-07
1.750482e-07
1.704662e-07
1.655296e-07
1.604273e-07
1.552790e-07
1.501572e-07
1.451019e-07
1.401320e-07
1.352516e-07
1.304546e-07
1.257250e-07
1.210347e-07
1.163373e-07
1.115590e-07
1.065900e-07
1.012791e-07
9.544306e-08
8.890814e-08
8.159773e-08
7.363742e-08
6.537342e-08
5.721835e-08
4.942476e-08
4.200502e-08
3.483790e-08
2.780130e-08
2.082313e-08
1.387141e-08
6.932796e-09
0.000000e+00
-0.000000e+00
3.749226e-08
7.194032e-08
1.011915e-07
1.243050e-07
1.413578e-07
1.530492e-07
1.603381e-07
1.641992e-07
1.654963e-07
1.649355e-07
1.630645e-07
1.602933e-07
1.569199e-07
1.531560e-07
1.491489e-07
1.449983e-07
1.407700e-07
1.365047e-07
1.322253e-07
1.279403e-07
1.236439e-07
1.193132e-07
1.149009e-07
1.103273e-07
1.054727e-07
1.001772e-07
9.425890e-08
8.756814e-08
8.008591e-08
7.201821e-08
6.377188e-08
5.575851e-08
4.817670e-08
4.098158e-08
3.402317e-08
2.717442e-08
2.036711e-08
1.357404e-08
6.786109e-09
0.000000e+00
-0.000000e+00
3.061608e-08
5.926990e-08
8.445424e-08
1.053389e-07
1.217369e-07
1.339266e-07
1.424465e-07
1.479297e-07
1.509957e-07
1.521936e-07
1.519809e-07
1.507225e-07
1.487004e-07
1.461277e-07
1.431619e-07
1.399171e-07
1.364744e-07
1.328895e-07
1.291981e-07
1.254188e-07
1.215516e-07
1.175741e-07
1.134340e-07
1.090415e-07
1.042658e-07
9.893986e-08
9.288992e-08
8.600410e-08
7.833824e-08
7.018790e-08
6.201079e-08
5.419452e-08
4.686638e-08
3.992160e-08
3.318664e-08
2.653450e-08
1.990353e-08
1.327263e-08
6.637688e-09
0.000000e+00
-0.000000e+00
2.570194e-08
5.006862e-08
7.201627e-08
9.085909e-08
1.063241e-07
1.184734e-07
1.275915e-07
1.340771e-07
1.383627e-07
1.408622e-07
1.419429e-07
1.419151e-07
1.410314e-07
1.394925e-07
1.374537e-07
1.350333e-07
1.323197e-07
1.293766e-07
1.262469e-07
1.229538e-07
1.194979e-07
1.158518e-07
1.119535e-07
1.077003e-07
1.029498e-07
9.753249e-08
9.129364e-08
8.417744e-08
7.633290e-08
6.814797e-08
6.011061e-08
5.255522e-08
4.552259e-08
3.885043e-08
3.234966e-08
2.589890e-08
1.944567e-08
1.297618e-08
6.492080e-09
0.000000e+00
-0.000000e+00
2.212293e-08
4.328616e-08
6.268290e-08
7.975687e-08
9.422654e-08
1.060514e-07
1.153686e-07
1.224242e-07
1.275158e-07
1.309494e-07
1.330132e-07
1.339632e-07
1.340176e-07
1.333569e-07
1.321266e-07
1.304419e-07
1.283916e-07
1.260413e-07
1.234357e-07
1.205964e-07
1.175183e-07
1.141639e-07
1.104568e-07
1.062804e-07
1.014830e-07
9.590094e-08
8.941478e-08
8.204749e-08
7.405726e-08
6.591554e-08
5.810710e-08
5.088080e-08
4.418176e-08
3.779877e-08
3.153754e-08
2.528796e-08
1.900895e-08
1.269505e-08
6.354509e-09
0.000000e+00
-0.000000e+00
1.950355e-08
3.827006e-08
5.567216e-08
7.125880e-08
8.477366e-08
9.613699e-08
1.054070e-07
1.127354e-07
1.183267e-07
1.224063e-07
1.251973e-07
1.269068e-07
1.277187e-07
1.277903e-07
1.272529e-07
1.262133e-07
1.247552e-07
1.229412e-07
1.208107e-07
1.183779e-07
1.156258e-07
1.125012e-07
1.089118e-07
1.047283e-07
9.979590e-08
9.396985e-08
8.718884e-08
7.957982e-08
7.151733e-08
6.352997e-08
5.605394e-08
4.922307e-08
4.288772e-08
3.680261e-08
3.077971e-08
2.472518e-08
1.861108e-08
1.244114e-08
6.230942e-09
0.000000e+00
-0.000000e+00
1.762114e-08
3.461828e-08
5.047681e-08
6.483240e-08
7.747222e-08
8.831578e-08
9.738689e-08
1.047834e-07
1.106493e-07
1.151515e-07
1.184624e-07
1.207477e-07
1.221592e-07
1.228310e-07
1.228775e-07
1.223933e-07
1.214530e-07
1.201096e-07
1.183916e-07
1.162987e-07
1.137970e-07
1.108153e-07
1.072463e-07
1.029528e-07
9.778788e-08
9.164574e-08
8.455245e-08
7.676059e-08
6.874994e-08
6.105883e-08
5.402363e-08
4.764470e-08
4.169113e-08
3.590303e-08
3.010967e-08
2.423729e-08
1.827220e-08
1.222793e-08
6.128141e-09
0.000000e+00
-0.000000e+00
1.636244e-08
3.210482e-08
4.678409e-08
6.012148e-08
7.196671e-08
8.226665e-08
9.104094e-08
9.836150e-08
1.043349e-07
1.090871e-07
1.127516e-07
1.154598e-07
1.173351e-07
1.184887e-07
1.190168e-07
1.189987e-07
1.184947e-07
1.175426e-07
1.161540e-07
1.143092e-07
1.119549e-07
1.090036e-07
1.053375e-07
1.008203e-07
9.533015e-08
8.882961e-08
8.146365e-08
7.361664e-08
6.583480e-08
5.860069e-08
5.210571e-08
4.621720e-08
4.064838e-08
3.514579e-08
2.956491e-08
2.385428e-08
1.801489e-08
1.207055e-08
6.053704e-09
0.000000e+00
-0.000000e+00
1.571942e-08
3.065047e-08
4.442952e-08
5.689913e-08
6.800286e-08
7.773941e-08
8.614456e-08
9.328199e-08
9.923580e-08
1.041031e-07
1.079870e-07
1.109904e-07
1.132112e-07
1.147380e-07
1.156472e-07
1.159993e-07
1.158354e-07
1.151734e-07
1.140036e-07
1.122863e-07
1.099507e-07
1.068981e-07
1.030076e-07
9.815849e-08
9.228148e-08
8.544475e-08
7.793292e-08
7.023727e-08
6.290140e-08
5.628208e-08
5.040190e-08
4.501799e-08
3.982043e-08
3.458090e-08
2.918677e-08
2.360940e-08
1.786431e-08
1.198591e-08
6.016130e-09
0.000000e+00
-0.000000e+00
1.581691e-08
3.030682e-08
4.334822e-08
5.501014e-08
6.537597e-08
7.451436e-08
8.248645e-08
8.935502e-08
9.518884e-08
1.000625e-07
1.040541e-07
1.072414e-07
1.096982e-07
1.114903e-07
1.126718e-07
1.132813e-07
1.133376e-07
1.128364e-07
1.117476e-07
1.100144e-07
1.075543e-07
1.042635e-07
1.000309e-07
9.477761e-08
8.852670e-08
8.148296e-08
7.405928e-08
6.678855e-08
6.012503e-08
5.424778e-08
4.901927e-08
4.412725e-08
3.927155e-08
3.426221e-08
2.902039e-08
2.353928e-08
1.784833e-08
1.199283e-08
6.024897e-09
0.000000e+00
-0.000000e+00
1.687710e-08
3.111938e-08
4.340843e-08
5.421811e-08
6.380387e-08
7.229979e-08
7.978502e-08
8.631821e-08
9.195306e-08
9.674375e-08
1.007455e-07
1.040125e-07
1.065948e-07
1.085348e-07
1.098633e-07
1.105958e-07
1.107292e-07
1.102395e-07
1.090804e-07
1.071830e-07
1.044590e-07
1.008114e-07
9.616540e-08
9.052553e-08
8.404426e-08
7.706042e-08
7.005522e-08
6.350818e-08
5.770891e-08
5.264620e-08
4.806292e-08
4.362520e-08
3.906841e-08
3.424713e-08
2.911473e-08
2.368412e-08
1.799785e-08
1.211227e-08
6.090622e-09
0.000000e+00
-0.000000e+00
1.869025e-08
3.251105e-08
4.391416e-08
5.383939e-08
6.265649e-08
7.052450e-08
7.752207e-08
8.369765e-08
8.908951e-08
9.373331e-08
9.766377e-08
1.009135e-07
1.035104e-07
1.054749e-07
1.068160e-07
1.075290e-07
1.075929e-07
1.069682e-07
1.055967e-07
1.034035e-07
1.003079e-07
9.624952e-08
9.123370e-08
8.538631e-08
7.898850e-08
7.245539e-08
6.623857e-08
6.067480e-08
5.585652e-08
5.161458e-08
4.763053e-08
4.359045e-08
3.927972e-08
3.459674e-08
2.952300e-08
2.408829e-08
1.834733e-08
1.236785e-08
6.225309e-09
0.000000e+00
-0.000000e+00
1.926252e-08
3.236103e-08
4.310629e-08
5.245287e-08
6.075727e-08
6.818299e-08
7.481380e-08
8.069791e-08
8.586770e-08
9.034835e-08
9.416077e-08
9.732158e-08
9.984161e-08
1.017236e-07
1.029599e-07
1.035300e-07
1.033989e-07
1.025168e-07
1.008228e-07
9.825575e-08
9.477783e-08
9.040942e-08
8.526844e-08
7.959478e-08
7.373739e-08
6.808973e-08
6.298048e-08
5.855949e-08
5.474398e-08
5.126869e-08
4.780985e-08
4.409971e-08
3.997644e-08
3.537640e-08
3.030350e-08
2.480132e-08
1.893578e-08
1.278654e-08
6.442751e-09
0.000000e+00
-0.000000e+00
1.523654e-08
2.819675e-08
3.910320e-08
4.849879e-08
5.674998e-08
6.406543e-08
7.056287e-08
7.631099e-08
8.135196e-08
8.571278e-08
8.941052e-08
9.245415e-08
9.484441e-08
9.657287e-08
9.762076e-08
9.795848e-08
9.754714e-08
9.634386e-08
9.431335e-08
9.144696e-08
8.778771e-08
8.345474e-08
7.865636e-08
7.367935e-08
6.884613e-08
6.444140e-08
6.062654e-08
5.737985e-08
5.450309e-08
5.169974e-08
4.867914e-08
4.522868e-08
4.123290e-08
3.665710e-08
3.152126e-08
2.587952e-08
1.980822e-08
1.339980e-08
6.759141e-09
0.000000e+00
-0.000000e+00
7.546806e-09
2.011202e-08
3.131234e-08
4.107572e-08
4.961668e-08
5.712514e-08
6.373359e-08
6.952989e-08
7.457125e-08
7.889396e-08
8.251917e-08
8.545616e-08
8.770402e-08
8.925289e-08
9.008587e-08
9.018253e-08
8.952544e-08
8.811031e-08
8.595981e-08
8.313874e-08
7.976675e-08
7.602267e-08
7.213492e-08
6.835338e-08
6.490277e-08
6.192477e-08
5.942832e-08
5.727538e-08
5.521870e-08
5.297736e-08
5.031002e-08
4.705414e-08
4.312876e-08
3.851771e-08
3.325047e-08
2.738855e-08
2.101800e-08
1.424532e-08
7.193997e-09
0.000000e+00
-0.000000e+00
1.169830e-09
1.054749e-08
2.073723e-08
3.034118e-08
3.903595e-08
4.677400e-08
5.359386e-08
5.955154e-08
6.469730e-08
6.906967e-08
7.269538e-08
7.559122e-08
7.776659e-08
7.922693e-08
7.997815e-08
8.003265e-08
7.941676e-08
7.817902e-08
7.639787e-08
7.418677e-08
7.169395e-08
6.909449e-08
6.657248e-08
6.429253e-08
6.236334e-08
6.080207e-08
5.951493e-08
5.830914e-08
5.693740e-08
5.515619e-08
5.277131e-08
4.965684e-08
4.575198e-08
4.104837e-08
3.557824e-08
2.940708e-08
2.263004e-08
1.536949e-08
7.771512e-09
0.000000e+00
-0.000000e+00
3.951535e-09
4.348635e-09
1.058974e-08
1.844832e-08
2.639842e-08
3.386186e-08
4.062864e-08
4.663157e-08
5.186036e-08
5.632677e-08
6.005051e-08
6.305421e-08
6.536290e-08
6.700577e-08
6.801950e-08
6.845207e-08
6.836665e-08
6.784462e-08
6.698669e-08
6.591115e-08
6.474804e-08
6.362809e-08
6.266582e-08
6.193748e-08
6.145755e-08
6.116164e-08
6.090559e-08
6.048657e-08
5.968082e-08
5.828318e-08
5.613340e-08
5.312514e-08
4.920287e-08
4.435514e-08
3.860973e-08
3.203212e-08
2.472570e-08
1.683109e-08
8.522545e-09
0.000000e+00
-0.000000e+00
-2.501524e-09
-3.306328e-10
3.533006e-09
8.819320e-09
1.493597e-08
2.124481e-08
2.733746e-08
3.298792e-08
3.808171e-08
4.256880e-08
4.643664e-08
4.969584e-08
5.237292e-08
5.450714e-08
5.614933e-08
5.736165e-08
5.821730e-08
5.879954e-08
5.919944e-08
5.951160e-08
5.982727e-08
6.022423e-08
6.075356e-08
6.142472e-08
6.219258e-08
6.295193e-08
6.354446e-08
6.377885e-08
6.345803e-08
6.240385e-08
6.047235e-08
5.755910e-08
5.359909e-08
4.856622e-08
4.247530e-08
3.538642e-08
2.740960e-08
1.870665e-08
9.487558e-09
0.000000e+00
-0.000000e+00
-1.724979e-10
4.800090e-10
1.013568e-09
3.573125e-09
7.431823e-09
1.202222e-08
1.690125e-08
2.176177e-08
2.640845e-08
3.072684e-08
3.465845e-08
3.818325e-08
4.130820e-08
4.405982e-08
4.647913e-08
4.861816e-08
5.053684e-08
5.229999e-08
5.397356e-08
5.561982e-08
5.729080e-08
5.902009e-08
6.081315e-08
6.263808e-08
6.441922e-08
6.603713e-08
6.733665e-08
6.814198e-08
6.827432e-08
6.756669e-08
6.587340e-08
6.307494e-08
5.908176e-08
5.383995e-08
4.734016e-08
3.962899e-08
3.081971e-08
2.109835e-08
1.072102e-08
0.000000e+00
-0.000000e+00
-5.437166e-10
-5.014371e-10
2.039444e-10
1.684892e-09
4.075635e-09
7.219790e-09
1.087532e-08
1.480848e-08
1.883185e-08
2.281140e-08
2.666056e-08
3.033092e-08
3.380332e-08
3.708044e-08
4.018090e-08
4.313445e-08
4.597782e-08
4.875080e-08
5.149202e-08
5.423411e-08
5.699793e-08
5.978598e-08
6.257556e-08
6.531294e-08
6.791023e-08
7.024661e-08
7.217435e-08
7.352819e-08
7.413561e-08
7.382527e-08
7.243338e-08
6.980919e-08
6.582240e-08
6.037488e-08
5.341738e-08
4.496993e-08
3.514196e-08
2.414602e-08
1.229817e-08
0.000000e+00
-0.000000e+00
-2.408098e-10
-8.174293e-11
6.260109e-10
1.786392e-09
3.531449e-09
5.862722e-09
8.696170e-09
1.190967e-08
1.537861e-08
1.899560e-08
2.267811e-08
2.636903e-08
3.003382e-08
3.365651e-08
3.723546e-08
4.077935e-08
4.430333e-08
4.782516e-08
5.136119e-08
5.492189e-08
5.850690e-08
6.209976e-08
6.566283e-08
6.913313e-08
7.242022e-08
7.540655e-08
7.795034e-08
7.988995e-08
8.104844e-08
8.123750e-08
8.026126e-08
7.792197e-08
7.403018e-08
6.842209e-08
6.098528e-08
5.169162e-08
4.063226e-08
2.804559e-08
1.432564e-08
0.000000e+00
-0.000000e+00
1.437995e-10
6.083429e-10
1.573043e-09
2.798197e-09
4.407330e-09
6.445023e-09
8.899381e-09
1.172215e-08
1.484796e-08
1.820927e-08
2.174579e-08
2.540908e-08
2.916388e-08
3.298735e-08
3.686721e-08
4.079924e-08
4.478456e-08
4.882644e-08
5.292692e-08
5.708300e-08
6.128251e-08
6.549983e-08
6.969176e-08
7.379404e-08
7.771890e-08
8.135377e-08
8.456097e-08
8.717771e-08
8.901583e-08
8.986145e-08
8.947552e-08
8.759796e-08
8.395871e-08
7.829969e-08
7.041062e-08
6.017919e-08
4.764994e-08
3.307847e-08
1.695879e-08
0.000000e+00
-0.000000e+00
6.937398e-10
1.569127e-09
2.717093e-09
4.119838e-09
5.819779e-09
7.849725e-09
1.021812e-08
1.291087e-08
1.589862e-08
1.914468e-08
2.261162e-08
2.626566e-08
3.007916e-08
3.403142e-08
3.810839e-08
4.230149e-08
4.660591e-08
5.101836e-08
5.553441e-08
6.014551e-08
6.483555e-08
6.957738e-08
7.432919e-08
7.903111e-08
8.360203e-08
8.793651e-08
9.190156e-08
9.533259e-08
9.802852e-08
9.974633e-08
1.001966e-07
9.904283e-08
9.591017e-08
9.040860e-08
8.217883e-08
7.096478e-08
5.670994e-08
3.965961e-08
2.043102e-08
0.000000e+00
-0.000000e+00
1.132636e-09
2.378078e-09
3.803329e-09
5.438550e-09
7.316089e-09
9.462354e-09
1.189115e-08
1.460276e-08
1.758656e-08
2.082494e-08
2.429726e-08
2.798303e-08
3.186408e-08
3.592579e-08
4.015737e-08
4.455150e-08
4.910335e-08
5.380910e-08
5.866398e-08
6.365998e-08
6.878315e-08
7.401067e-08
7.930759e-08
8.462338e-08
8.988799e-08
9.500721e-08
9.985676e-08
1.042746e-07
1.080511e-07
1.109170e-07
1.125313e-07
1.124715e-07
1.102328e-07
1.052467e-07
9.693179e-08
8.479140e-08
6.856554e-08
4.841906e-08
2.510569e-08
0.000000e+00
-0.000000e+00
1.489814e-09
3.057027e-09
4.757064e-09
6.628679e-09
8.703447e-09
1.100608e-08
1.355267e-08
1.635035e-08
1.939853e-08
2.269101e-08
2.621844e-08
2.997048e-08
3.393745e-08
3.811147e-08
4.248698e-08
4.706071e-08
5.183120e-08
5.679787e-08
6.195968e-08
6.731345e-08
7.285176e-08
7.856063e-08
8.441658e-08
9.038324e-08
9.640698e-08
1.024111e-07
1.082878e-07
1.138874e-07
1.190027e-07
1.233504e-07
1.265465e-07
1.280823e-07
1.273045e-07
1.234146e-07
1.155107e-07
1.027038e-07
8.434196e-08
6.034550e-08
3.157265e-08
0.000000e+00
-0.000000e+00
1.781926e-09
3.621748e-09
5.566841e-09
7.655337e-09
9.918228e-09
1.238002e-08
1.505852e-08
1.796499e-08
2.110496e-08
2.447964e-08
2.808749e-08
3.192575e-08
3.599180e-08
4.028404e-08
4.480253e-08
4.954915e-08
5.452748e-08
5.974227e-08
6.519867e-08
7.090108e-08
7.685176e-08
8.304895e-08
8.948466e-08
9.614147e-08
1.029883e-07
1.099741e-07
1.170189e-07
1.240000e-07
1.307325e-07
1.369417e-07
1.422259e-07
1.460091e-07
1.474896e-07
1.455972e-07
1.389931e-07
1.261715e-07
1.057533e-07
7.704846e-08
4.083944e-08
0.000000e+00
-0.000000e+00
2.020446e-09
4.087357e-09
6.241998e-09
8.519919e-09
1.095106e-08
1.355996e-08
1.636581e-08
1.938281e-08
2.262078e-08
2.608617e-08
2.978320e-08
3.371505e-08
3.788489e-08
4.229674e-08
4.695611e-08
5.187032e-08
5.704867e-08
6.250231e-08
6.824394e-08
7.428726e-08
8.064622e-08
8.733390e-08
9.436104e-08
1.017337e-07
1.094496e-07
1.174929e-07
1.258247e-07
1.343691e-07
1.429911e-07
1.514620e-07
1.594088e-07
1.662402e-07
1.710487e-07
1.724926e-07
1.686936e-07
1.572364e-07
1.354517e-07
1.012559e-07
5.473666e-08
0.000000e+00
-0.000000e+00
2.213795e-09
4.467014e-09
6.796317e-09
9.234625e-09
1.181069e-08
1.454899e-08
1.746982e-08
2.058956e-08
2.392124e-08
2.747525e-08
3.126028e-08
3.528423e-08
3.955515e-08
4.408197e-08
4.887525e-08
5.394765e-08
5.931432e-08
6.499319e-08
7.100513e-08
7.737396e-08
8.412647e-08
9.129220e-08
9.890298e-08
1.069919e-07
1.155914e-07
1.247295e-07
1.344227e-07
1.446645e-07
1.554036e-07
1.665086e-07
1.777085e-07
1.884957e-07
1.979735e-07
2.046317e-07
2.060532e-07
1.986296e-07
1.775619e-07
1.377871e-07
7.685143e-08
0.000000e+00
-0.000000e+00
2.368054e-09
4.771027e-09
7.242213e-09
9.812359e-09
1.250912e-08
1.535687e-08
1.837670e-08
2.158665e-08
2.500216e-08
2.863666e-08
3.250232e-08
3.661085e-08
4.097430e-08
4.560588e-08
5.052063e-08
5.573615e-08
6.127321e-08
6.715635e-08
7.341454e-08
8.008181e-08
8.719799e-08
9.480957e-08
1.029705e-07
1.117429e-07
1.211975e-07
1.314133e-07
1.424744e-07
1.544644e-07
1.674516e-07
1.814616e-07
1.964223e-07
2.120617e-07
2.277189e-07
2.420089e-07
2.522590e-07
2.536685e-07
2.383803e-07
1.954801e-07
1.148822e-07
0.000000e+00
-0.000000e+00
2.487468e-09
5.006917e-09
7.589270e-09
1.026363e-08
1.305678e-08
1.599295e-08
1.909381e-08
2.237863e-08
2.586464e-08
2.956758e-08
3.350228e-08
3.768344e-08
4.212636e-08
4.684772e-08
5.186642e-08
5.720436e-08
6.288728e-08
6.894576e-08
7.541617e-08
8.234201e-08
8.977536e-08
9.777879e-08
1.064276e-07
1.158126e-07
1.260436e-07
1.372526e-07
1.495982e-07
1.632678e-07
1.784778e-07
1.954648e-07
2.144584e-07
2.356108e-07
2.588328e-07
2.834276e-07
3.073074e-07
3.254074e-07
3.268129e-07
2.908729e-07
1.871977e-07
0.000000e+00
-0.000000e+00
2.574917e-09
5.179924e-09
7.844346e-09
1.059614e-08
1.346144e-08
1.646439e-08
1.962702e-08
2.296949e-08
2.651030e-08
3.026685e-08
3.425593e-08
3.849444e-08
4.300015e-08
4.779244e-08
5.289322e-08
5.832783e-08
6.412609e-08
7.032351e-08
7.696268e-08
8.409501e-08
9.178300e-08
1.001030e-07
1.091489e-07
1.190369e-07
1.299120e-07
1.419559e-07
1.553984e-07
1.705315e-07
1.877277e-07
2.074622e-07
2.303366e-07
2.570916e-07
2.885755e-07
3.255634e-07
3.681384e-07
4.138443e-07
4.525957e-07
4.540052e-07
3.430378e-07
0.000000e+00
-0.000000e+00
2.632283e-09
5.293521e-09
8.012060e-09
1.081513e-08
1.372848e-08
1.677614e-08
1.998042e-08
2.336201e-08
2.694025e-08
3.073360e-08
3.476016e-08
3.903830e-08
4.358740e-08
4.842872e-08
5.358624e-08
5.908771e-08
6.496583e-08
7.125962e-08
7.801612e-08
8.529249e-08
9.315877e-08
1.017014e-07
1.110282e-07
1.212744e-07
1.326117e-07
1.452608e-07
1.595084e-07
1.757326e-07
1.944397e-07
2.163205e-07
2.423350e-07
2.738447e-07
3.128159e-07
3.621147e-07
4.258422e-07
5.092417e-07
6.157291e-07
7.295261e-07
7.309575e-07
0.000000e+00
-0.000000e+00
2.660700e-09
5.349820e-09
8.095245e-09
1.092386e-08
1.386121e-08
1.693129e-08
2.015653e-08
2.355787e-08
2.715510e-08
3.096718e-08
3.501284e-08
3.931120e-08
4.388247e-08
4.874884e-08
5.393534e-08
5.947099e-08
6.538996e-08
7.173309e-08
7.854976e-08
8.590014e-08
9.385825e-08
1.025159e-07
1.119883e-07
1.224208e-07
1.340000e-07
1.469676e-07
1.616422e-07
1.784510e-07
1.979787e-07
2.210459e-07
2.488392e-07
2.831377e-07
3.267306e-07
3.842403e-07
4.638790e-07
5.815598e-07
7.715694e-07
1.117444e-06
1.851313e-06
1.759624e-06
