2.000000e-06
-0.000000e+00
-0.000000e+00
-0.000000e+00
-0.000000e+00
-0.000000e+00
-0.000000e+00
-0.000000e+00
-0.000000e+00
-0.000000e+00
-0.000000e+00
-0.000000e+00
-0.000000e+00
-0.000000e+00
-0.000000e+00
-0.000000e+00
-0.000000e+00
-0.000000e+00
-0.000000e+00
-0.000000e+00
-0.000000e+00
-0.000000e+00
-0.000000e+00
-0.000000e+00
-0.000000e+00
-0.000000e+00
-0.000000e+00
-0.000000e+00
-0.000000e+00
-0.000000e+00
-0.000000e+00
-0.000000e+00
-0.000000e+00
-0.000000e+00
-0.000000e+00
-0.000000e+00
-0.000000e+00
-0.000000e+00
-0.000000e+00
-0.000000e+00
1.998498e-06
7.892525e-07
3.704751e-07
2.022304e-07
1.241702e-07
8.313495e-08
5.928987e-08
4.432010e-08
3.434972e-08
2.739934e-08
2.237837e-08
1.864720e-08
1.581094e-08
1.361514e-08
1.188982e-08
1.051791e-08
9.416601e-09
8.525919e-09
7.801521e-09
7.210004e-09
6.725887e-09
6.329871e-09
6.008312e-09
5.754019e-09
5.568194e-09
5.462600e-09
5.459519e-09
5.586475e-09
5.865775e-09
6.300288e-09
6.849966e-09
7.409969e-09
7.837570e-09
8.040331e-09
8.039527e-09
7.931505e-09
7.804642e-09
7.702624e-09
7.636234e-09
7.604142e-09
1.206577e-06
7.877994e-07
4.903570e-07
3.142581e-07
2.113088e-07
1.490768e-07
1.097030e-07
8.364003e-08
6.567898e-08
5.286899e-08
4.346674e-08
3.639936e-08
3.098134e-08
2.675973e-08
2.342619e-08
2.076520e-08
1.862255e-08
1.688556e-08
1.547027e-08
1.431312e-08
1.336551e-08
1.259078e-08
1.196354e-08
1.147139e-08
1.111882e-08
1.093116e-08
1.095425e-08
1.124296e-08
1.183568e-08
1.271817e-08
1.378252e-08
1.481578e-08
1.557617e-08
1.593386e-08
1.594208e-08
1.576256e-08
1.554224e-08
1.535882e-08
1.523625e-08
1.517605e-08
8.332120e-07
6.649681e-07
4.888714e-07
3.531233e-07
2.577234e-07
1.921572e-07
1.468034e-07
1.148569e-07
9.185648e-08
7.493046e-08
6.221995e-08
5.250195e-08
4.495518e-08
3.901615e-08
3.428992e-08
3.049408e-08
2.742282e-08
2.492352e-08
2.288113e-08
2.120773e-08
1.983579e-08
1.871452e-08
1.780955e-08
1.710597e-08
1.661403e-08
1.637476e-08
1.645835e-08
1.694466e-08
1.788011e-08
1.921878e-08
2.077147e-08
2.222043e-08
2.324948e-08
2.371936e-08
2.372548e-08
2.348558e-08
2.318991e-08
2.294046e-08
2.277146e-08
2.268765e-08
6.280217e-07
5.499657e-07
4.470248e-07
3.516325e-07
2.742994e-07
2.150220e-07
1.704947e-07
1.371266e-07
1.119588e-07
9.277588e-08
7.798029e-08
6.643303e-08
5.732111e-08
5.005964e-08
4.422317e-08
3.949830e-08
3.565110e-08
3.250463e-08
2.992340e-08
2.780258e-08
2.606108e-08
2.463816e-08
2.349402e-08
2.261452e-08
2.201883e-08
2.176605e-08
2.195117e-08
2.267556e-08
2.398471e-08
2.578830e-08
2.780706e-08
2.962348e-08
3.086583e-08
3.140600e-08
3.139122e-08
3.109153e-08
3.073048e-08
3.042604e-08
3.021871e-08
3.011539e-08
5.008592e-07
4.598341e-07
3.976213e-07
3.320772e-07
2.728163e-07
2.231342e-07
1.830250e-07
1.511949e-07
1.260753e-07
1.062334e-07
9.049190e-08
7.792850e-08
6.783636e-08
5.967796e-08
5.304471e-08
4.762478e-08
4.317859e-08
3.952060e-08
3.650590e-08
3.402072e-08
3.197633e-08
3.030676e-08
2.897091e-08
2.795933e-08
2.730375e-08
2.708396e-08
2.741972e-08
2.842909e-08
3.014633e-08
3.242374e-08
3.488488e-08
3.701947e-08
3.841948e-08
3.898743e-08
3.893093e-08
3.856867e-08
3.814879e-08
3.779794e-08
3.755907e-08
3.743981e-08
4.147076e-07
3.908815e-07
3.515435e-07
3.062349e-07
2.617515e-07
2.216718e-07
1.872747e-07
1.585516e-07
1.349135e-07
1.155901e-07
9.982496e-08
8.695240e-08
7.641765e-08
6.777096e-08
6.065281e-08
5.477743e-08
4.991787e-08
4.589346e-08
4.255991e-08
3.980201e-08
3.752927e-08
3.567538e-08
3.420251e-08
3.311032e-08
3.244707e-08
3.231581e-08
3.286003e-08
3.420791e-08
3.636996e-08
3.912723e-08
4.200043e-08
4.439708e-08
4.589534e-08
4.644834e-08
4.633047e-08
4.590338e-08
4.543071e-08
4.504122e-08
4.477699e-08
4.464508e-08
3.523737e-07
3.374356e-07
3.114324e-07
2.795646e-07
2.462809e-07
2.145253e-07
1.858491e-07
1.608227e-07
1.394360e-07
1.213881e-07
1.062650e-07
9.363821e-08
8.311064e-08
7.433525e-08
6.701801e-08
6.091418e-08
5.582200e-08
5.157579e-08
4.803991e-08
4.510413e-08
4.268155e-08
4.071043e-08
3.916101e-08
3.804679e-08
3.743668e-08
3.745887e-08
3.827801e-08
4.002323e-08
4.266629e-08
4.590208e-08
4.914553e-08
5.173807e-08
5.327095e-08
5.376784e-08
5.357265e-08
5.308133e-08
5.256326e-08
5.214328e-08
5.185993e-08
5.171866e-08
3.049724e-07
2.950512e-07
2.771833e-07
2.543079e-07
2.292807e-07
2.042981e-07
1.807727e-07
1.594532e-07
1.406194e-07
1.242606e-07
1.102085e-07
9.822447e-08
8.805124e-08
7.944122e-08
7.216965e-08
6.603922e-08
6.088020e-08
5.654839e-08
5.292248e-08
4.990222e-08
4.740903e-08
4.539043e-08
4.382969e-08
4.275904e-08
4.227175e-08
4.252177e-08
4.368987e-08
4.589388e-08
4.904901e-08
5.274907e-08
5.630517e-08
5.901619e-08
6.051764e-08
6.092160e-08
6.063922e-08
6.008874e-08
5.953514e-08
5.909407e-08
5.879841e-08
5.865131e-08
2.674884e-07
2.606111e-07
2.479397e-07
2.312015e-07
2.122345e-07
1.926128e-07
1.734895e-07
1.555973e-07
1.393272e-07
1.248260e-07
1.120837e-07
1.009996e-07
9.142839e-08
8.320859e-08
7.618002e-08
7.019278e-08
6.511139e-08
6.081624e-08
5.720382e-08
5.418760e-08
5.170131e-08
4.970637e-08
4.820405e-08
4.724994e-08
4.696435e-08
4.752543e-08
4.912190e-08
5.184445e-08
5.553131e-08
5.966223e-08
6.345426e-08
6.619613e-08
6.760149e-08
6.788375e-08
6.751252e-08
6.691355e-08
6.633749e-08
6.588646e-08
6.558629e-08
6.543735e-08
2.368787e-07
2.319636e-07
2.227614e-07
2.103226e-07
1.958420e-07
1.804283e-07
1.649745e-07
1.501188e-07
1.362656e-07
1.236321e-07
1.123002e-07
1.022618e-07
9.345392e-08
8.578455e-08
7.914895e-08
7.344049e-08
6.855681e-08
6.440350e-08
6.089661e-08
5.796598e-08
5.556127e-08
5.366232e-08
5.229321e-08
5.153665e-08
5.154080e-08
5.250344e-08
5.460923e-08
5.790197e-08
6.212086e-08
6.662368e-08
7.055447e-08
7.323325e-08
7.448488e-08
7.462870e-08
7.417701e-08
7.354653e-08
7.296467e-08
7.251694e-08
7.222126e-08
7.207502e-08
2.111818e-07
2.076020e-07
2.008187e-07
1.914846e-07
1.803816e-07
1.682834e-07
1.558607e-07
1.436372e-07
1.319838e-07
1.211364e-07
1.112231e-07
1.022930e-07
9.434078e-08
8.732660e-08
8.119070e-08
7.586358e-08
7.127296e-08
6.734863e-08
6.402682e-08
6.125584e-08
5.900484e-08
5.727642e-08
5.612161e-08
5.565231e-08
5.604244e-08
5.750112e-08
6.019278e-08
6.409047e-08
6.881290e-08
7.359788e-08
7.755183e-08
8.007445e-08
8.112884e-08
8.113329e-08
8.062078e-08
7.998234e-08
7.941512e-08
7.898623e-08
7.870547e-08
7.856716e-08
1.890630e-07
1.864429e-07
1.814261e-07
1.744146e-07
1.659159e-07
1.564623e-07
1.465473e-07
1.365851e-07
1.268957e-07
1.177062e-07
1.091626e-07
1.013462e-07
9.428944e-08
8.799028e-08
8.242373e-08
7.755087e-08
7.332554e-08
6.970009e-08
6.663121e-08
6.408778e-08
6.206192e-08
6.058287e-08
5.973115e-08
5.964717e-08
6.052499e-08
6.257271e-08
6.591346e-08
7.042237e-08
7.558130e-08
8.052601e-08
8.437615e-08
8.666103e-08
8.749626e-08
8.737910e-08
8.683699e-08
8.622057e-08
8.569220e-08
8.530012e-08
8.504622e-08
8.492182e-08
1.695628e-07
1.676798e-07
1.640273e-07
1.588314e-07
1.524044e-07
1.451023e-07
1.372806e-07
1.292600e-07
1.213075e-07
1.136297e-07
1.063746e-07
9.963956e-08
9.348042e-08
8.792141e-08
8.296369e-08
7.859280e-08
7.478503e-08
7.151375e-08
6.875666e-08
6.650557e-08
6.477872e-08
6.363449e-08
6.318270e-08
6.358809e-08
6.505546e-08
6.777510e-08
7.180229e-08
7.688632e-08
8.236868e-08
8.732237e-08
9.094365e-08
9.293364e-08
9.355587e-08
9.335465e-08
9.282522e-08
9.226674e-08
9.180506e-08
9.147023e-08
9.125671e-08
9.115298e-08
1.519444e-07
1.506854e-07
1.481717e-07
1.444786e-07
1.397674e-07
1.342617e-07
1.282124e-07
1.218663e-07
1.154445e-07
1.091303e-07
1.030666e-07
9.735699e-08
9.207149e-08
8.725210e-08
8.291932e-08
7.907829e-08
7.572494e-08
7.285289e-08
7.046205e-08
6.856936e-08
6.722114e-08
6.650462e-08
6.655529e-08
6.755464e-08
6.970520e-08
7.315677e-08
7.786503e-08
8.343206e-08
8.907796e-08
9.387552e-08
9.716394e-08
9.883910e-08
9.928625e-08
9.905743e-08
9.859253e-08
9.813316e-08
9.776948e-08
9.751482e-08
9.735688e-08
9.728144e-08
1.355843e-07
1.349454e-07
1.334948e-07
1.311437e-07
1.279247e-07
1.239643e-07
1.194407e-07
1.145484e-07
1.094737e-07
1.043806e-07
9.940457e-08
9.465112e-08
9.019824e-08
8.610011e-08
8.239188e-08
7.909506e-08
7.622369e-08
7.379185e-08
7.182288e-08
7.035996e-08
6.947667e-08
6.928540e-08
6.994065e-08
7.163050e-08
7.453714e-08
7.873941e-08
8.406131e-08
8.995544e-08
9.557011e-08
1.000568e-07
1.029512e-07
1.043380e-07
1.046792e-07
1.044952e-07
1.041543e-07
1.038397e-07
1.036086e-07
1.034596e-07
1.033742e-07
1.033356e-07
1.198665e-07
1.200161e-07
1.197175e-07
1.186759e-07
1.168229e-07
1.142297e-07
1.110375e-07
1.074129e-07
1.035218e-07
9.951508e-08
9.552218e-08
9.164872e-08
8.797766e-08
8.457201e-08
8.147885e-08
7.873443e-08
7.637052e-08
7.442201e-08
7.293574e-08
7.197953e-08
7.165019e-08
7.207911e-08
7.343173e-08
7.588859e-08
7.958448e-08
8.449096e-08
9.028166e-08
9.629089e-08
1.016735e-07
1.057372e-07
1.082375e-07
1.094109e-07
1.097419e-07
1.096866e-07
1.095348e-07
1.094145e-07
1.093539e-07
1.093386e-07
1.093446e-07
1.093522e-07
1.040485e-07
1.055254e-07
1.066757e-07
1.070138e-07
1.064570e-07
1.050913e-07
1.030653e-07
1.005441e-07
9.768735e-08
9.464021e-08
9.152846e-08
8.845780e-08
8.551490e-08
8.277008e-08
8.028117e-08
7.809858e-08
7.627135e-08
7.485428e-08
7.391526e-08
7.354243e-08
7.385033e-08
7.498288e-08
7.710515e-08
8.036637e-08
8.481719e-08
9.029356e-08
9.633315e-08
1.022210e-07
1.072081e-07
1.108099e-07
1.129850e-07
1.140620e-07
1.144967e-07
1.146611e-07
1.147672e-07
1.148941e-07
1.150452e-07
1.151948e-07
1.153132e-07
1.153777e-07
8.715418e-08
9.126889e-08
9.437474e-08
9.619392e-08
9.686216e-08
9.658688e-08
9.557175e-08
9.400214e-08
9.204287e-08
8.983828e-08
8.751296e-08
8.517319e-08
8.290915e-08
8.079792e-08
7.890744e-08
7.730129e-08
7.604412e-08
7.520762e-08
7.487664e-08
7.515515e-08
7.617025e-08
7.806853e-08
8.099261e-08
8.502482e-08
9.009995e-08
9.592199e-08
1.019500e-07
1.075102e-07
1.120202e-07
1.152110e-07
1.171918e-07
1.183181e-07
1.189796e-07
1.194576e-07
1.198933e-07
1.203240e-07
1.207322e-07
1.210813e-07
1.213357e-07
1.214690e-07
6.837455e-08
7.737989e-08
8.291773e-08
8.622409e-08
8.800631e-08
8.868356e-08
8.854042e-08
8.779278e-08
8.661563e-08
8.515578e-08
8.353840e-08
8.187125e-08
8.024818e-08
7.875265e-08
7.746164e-08
7.645001e-08
7.579530e-08
7.558296e-08
7.591153e-08
7.689617e-08
7.866614e-08
8.134852e-08
8.502983e-08
8.969559e-08
9.516509e-08
1.010586e-07
1.068405e-07
1.119555e-07
1.160156e-07
1.189302e-07
1.208906e-07
1.222248e-07
1.232375e-07
1.241233e-07
1.249630e-07
1.257587e-07
1.264740e-07
1.270617e-07
1.274791e-07
1.276952e-07
4.880929e-08
6.407786e-08
7.201891e-08
7.675238e-08
7.959400e-08
8.116016e-08
8.181727e-08
8.181774e-08
8.135275e-08
8.057626e-08
7.961730e-08
7.858707e-08
7.758399e-08
7.669781e-08
7.601369e-08
7.561630e-08
7.559425e-08
7.604397e-08
7.707190e-08
7.879168e-08
8.131188e-08
8.471011e-08
8.899363e-08
9.405479e-08
9.964044e-08
1.053609e-07
1.107592e-07
1.154358e-07
1.191765e-07
1.220077e-07
1.241393e-07
1.258390e-07
1.273235e-07
1.287117e-07
1.300336e-07
1.312613e-07
1.323406e-07
1.332121e-07
1.338240e-07
1.341389e-07
3.293779e-08
5.071477e-08
6.079903e-08
6.709486e-08
7.111273e-08
7.363410e-08
7.511977e-08
7.587294e-08
7.611209e-08
7.600645e-08
7.569454e-08
7.529481e-08
7.491252e-08
7.464485e-08
7.458515e-08
7.482663e-08
7.546510e-08
7.659976e-08
7.833008e-08
8.074686e-08
8.391538e-08
8.785133e-08
9.249324e-08
9.768016e-08
1.031480e-07
1.085589e-07
1.135712e-07
1.179327e-07
1.215547e-07
1.245182e-07
1.270089e-07
1.292218e-07
1.312935e-07
1.332798e-07
1.351683e-07
1.369039e-07
1.384132e-07
1.396218e-07
1.404658e-07
1.408992e-07
2.469512e-08
3.753634e-08
4.908845e-08
5.688596e-08
6.216799e-08
6.574791e-08
6.814759e-08
6.971684e-08
7.070570e-08
7.130455e-08
7.166674e-08
7.192195e-08
7.218468e-08
7.255999e-08
7.314740e-08
7.404324e-08
7.534098e-08
7.712885e-08
7.948395e-08
8.246229e-08
8.608499e-08
9.032239e-08
9.507964e-08
1.001902e-07
1.054256e-07
1.105292e-07
1.152728e-07
1.195172e-07
1.232461e-07
1.265503e-07
1.295701e-07
1.324307e-07
1.352013e-07
1.378860e-07
1.404353e-07
1.427670e-07
1.447852e-07
1.463959e-07
1.475185e-07
1.480944e-07
2.308595e-08
2.749010e-08
3.824908e-08
4.666584e-08
5.288595e-08
5.744208e-08
6.076940e-08
6.320042e-08
6.499115e-08
6.634376e-08
6.742335e-08
6.836943e-08
6.930390e-08
7.033612e-08
7.156604e-08
7.308529e-08
7.497630e-08
7.730940e-08
8.013756e-08
8.348921e-08
8.735945e-08
9.170140e-08
9.642049e-08
1.013761e-07
1.063957e-07
1.113045e-07
1.159649e-07
1.203111e-07
1.243595e-07
1.281857e-07
1.318818e-07
1.355131e-07
1.390946e-07
1.425868e-07
1.459059e-07
1.489396e-07
1.515638e-07
1.536580e-07
1.551180e-07
1.558674e-07
1.893463e-08
2.666460e-08
3.141908e-08
3.815054e-08
4.425449e-08
4.928508e-08
5.329828e-08
5.647928e-08
5.902521e-08
6.111530e-08
6.290649e-08
6.453566e-08
6.612309e-08
6.777527e-08
6.958665e-08
7.164012e-08
7.400626e-08
7.674117e-08
7.988310e-08
8.344795e-08
8.742440e-08
9.176977e-08
9.640912e-08
1.012403e-07
1.061479e-07
1.110248e-07
1.157979e-07
1.204438e-07
1.249881e-07
1.294842e-07
1.339820e-07
1.384998e-07
1.430094e-07
1.474332e-07
1.516523e-07
1.555189e-07
1.588721e-07
1.615544e-07
1.634283e-07
1.643915e-07
2.133896e-08
2.424494e-08
2.715659e-08
3.234466e-08
3.753274e-08
4.231226e-08
4.649810e-08
5.008564e-08
5.315616e-08
5.582222e-08
5.820225e-08
6.040995e-08
6.255026e-08
6.471813e-08
6.699802e-08
6.946349e-08
7.217634e-08
7.518508e-08
7.852277e-08
8.220436e-08
8.622417e-08
9.055456e-08
9.514735e-08
9.993967e-08
1.048651e-07
1.098682e-07
1.149188e-07
1.200177e-07
1.251911e-07
1.304725e-07
1.358806e-07
1.413990e-07
1.469649e-07
1.524659e-07
1.577447e-07
1.626098e-07
1.668510e-07
1.702594e-07
1.726493e-07
1.738809e-07
2.145808e-08
2.348064e-08
2.642599e-08
2.947654e-08
3.326477e-08
3.722992e-08
4.106095e-08
4.461375e-08
4.785456e-08
5.081277e-08
5.354951e-08
5.613938e-08
5.866032e-08
6.118808e-08
6.379326e-08
6.653932e-08
6.948108e-08
7.266320e-08
7.611859e-08
7.986677e-08
8.391276e-08
8.824730e-08
9.284906e-08
9.768994e-08
1.027429e-07
1.079910e-07
1.134339e-07
1.190889e-07
1.249828e-07
1.311375e-07
1.375526e-07
1.441886e-07
1.509558e-07
1.577084e-07
1.642464e-07
1.703232e-07
1.756627e-07
1.799831e-07
1.830288e-07
1.846040e-07
2.197588e-08
2.338531e-08
2.562383e-08
2.783884e-08
3.065014e-08
3.379531e-08
3.705433e-08
4.027697e-08
4.338351e-08
4.634955e-08
4.918825e-08
5.193560e-08
5.463999e-08
5.735521e-08
6.013591e-08
6.303449e-08
6.609889e-08
6.937089e-08
7.288462e-08
7.666559e-08
8.073033e-08
8.508726e-08
8.973899e-08
9.468642e-08
9.993397e-08
1.054945e-07
1.113919e-07
1.176587e-07
1.243281e-07
1.314213e-07
1.389314e-07
1.468078e-07
1.549419e-07
1.631574e-07
1.712062e-07
1.787733e-07
1.854933e-07
1.909817e-07
1.948792e-07
1.969046e-07
2.220440e-08
2.320223e-08
2.487261e-08
2.660765e-08
2.880003e-08
3.132060e-08
3.403832e-08
3.684386e-08
3.966182e-08
4.245159e-08
4.520194e-08
4.792361e-08
5.064238e-08
5.339335e-08
5.621668e-08
5.915429e-08
6.224748e-08
6.553520e-08
6.905279e-08
7.283134e-08
7.689780e-08
8.127603e-08
8.598893e-08
9.106148e-08
9.652409e-08
1.024152e-07
1.087814e-07
1.156741e-07
1.231416e-07
1.312165e-07
1.399002e-07
1.491447e-07
1.588343e-07
1.687676e-07
1.786458e-07
1.880700e-07
1.965558e-07
2.035714e-07
2.086021e-07
2.112330e-07
2.205516e-08
2.272748e-08
2.388976e-08
2.535339e-08
2.714713e-08
2.922136e-08
3.150275e-08
3.391973e-08
3.641535e-08
3.895221e-08
4.151255e-08
4.409567e-08
4.671441e-08
4.939152e-08
5.215654e-08
5.504319e-08
5.808733e-08
6.132554e-08
6.479417e-08
6.852909e-08
7.256611e-08
7.694212e-08
8.169707e-08
8.687633e-08
9.253310e-08
9.872985e-08
1.055377e-07
1.130326e-07
1.212880e-07
1.303624e-07
1.402826e-07
1.510220e-07
1.624751e-07
1.744293e-07
1.865381e-07
1.983049e-07
2.090886e-07
2.181464e-07
2.247252e-07
2.281950e-07
2.135931e-08
2.184823e-08
2.273508e-08
2.393993e-08
2.543097e-08
2.716819e-08
2.910292e-08
3.118661e-08
3.337815e-08
3.564801e-08
3.797968e-08
4.036913e-08
4.282331e-08
4.535815e-08
4.799660e-08
5.076688e-08
5.370103e-08
5.683399e-08
6.020314e-08
6.384836e-08
6.781278e-08
7.214417e-08
7.689686e-08
8.213399e-08
8.792968e-08
9.437035e-08
1.015544e-07
1.095893e-07
1.185847e-07
1.286410e-07
1.398316e-07
1.521769e-07
1.656103e-07
1.799342e-07
1.947717e-07
2.095231e-07
2.233476e-07
2.352008e-07
2.439577e-07
2.486298e-07
2.022613e-08
2.060166e-08
2.130780e-08
2.230137e-08
2.354827e-08
2.501438e-08
2.666366e-08
2.846121e-08
3.037700e-08
3.238871e-08
3.448305e-08
3.665604e-08
3.891244e-08
4.126474e-08
4.373212e-08
4.633931e-08
4.911589e-08
5.209577e-08
5.531720e-08
5.882326e-08
6.266295e-08
6.689284e-08
7.157925e-08
7.680082e-08
8.265105e-08
8.924038e-08
9.669719e-08
1.051665e-07
1.148057e-07
1.257746e-07
1.382184e-07
1.522392e-07
1.678524e-07
1.849243e-07
2.030911e-07
2.216682e-07
2.395783e-07
2.553522e-07
2.672759e-07
2.737400e-07
1.873642e-08
1.903439e-08
1.960746e-08
2.042909e-08
2.147232e-08
2.270987e-08
2.411431e-08
2.565972e-08
2.732387e-08
2.909005e-08
3.094823e-08
3.289549e-08
3.493596e-08
3.708042e-08
3.934573e-08
4.175436e-08
4.433409e-08
4.711794e-08
5.014463e-08
5.345935e-08
5.711531e-08
6.117564e-08
6.571610e-08
7.082820e-08
7.662266e-08
8.323296e-08
9.081846e-08
9.956630e-08
1.096909e-07
1.214286e-07
1.350249e-07
1.507068e-07
1.686343e-07
1.888190e-07
2.110003e-07
2.344807e-07
2.579461e-07
2.793546e-07
2.960546e-07
3.053182e-07
1.695483e-08
1.719489e-08
1.766264e-08
1.834079e-08
1.920952e-08
2.024801e-08
2.143553e-08
2.275271e-08
2.418306e-08
2.571420e-08
2.733888e-08
2.905539e-08
3.086779e-08
3.278580e-08
3.482467e-08
3.700505e-08
3.935303e-08
4.190047e-08
4.468566e-08
4.775458e-08
5.116256e-08
5.497671e-08
5.927909e-08
6.417057e-08
6.977555e-08
7.624741e-08
8.377458e-08
9.258676e-08
1.029605e-07
1.152222e-07
1.297443e-07
1.469278e-07
1.671588e-07
1.907169e-07
2.176107e-07
2.473091e-07
2.783714e-07
3.080669e-07
3.322710e-07
3.461646e-07
1.493480e-08
1.512840e-08
1.550844e-08
1.606331e-08
1.677881e-08
1.763954e-08
1.863008e-08
1.973609e-08
2.094542e-08
2.224911e-08
2.364209e-08
2.512373e-08
2.669810e-08
2.837407e-08
3.016542e-08
3.209097e-08
3.417485e-08
3.644705e-08
3.894434e-08
4.171169e-08
4.480419e-08
4.828980e-08
5.225295e-08
5.679919e-08
6.206114e-08
6.820602e-08
7.544508e-08
8.404503e-08
9.434174e-08
1.067550e-07
1.218018e-07
1.401013e-07
1.623560e-07
1.892796e-07
2.214170e-07
2.587745e-07
3.001651e-07
3.422721e-07
3.787997e-07
4.009103e-07
1.272142e-08
1.287562e-08
1.317960e-08
1.362550e-08
1.420326e-08
1.490178e-08
1.570982e-08
1.661694e-08
1.761437e-08
1.869574e-08
1.985773e-08
2.110048e-08
2.242793e-08
2.384803e-08
2.537299e-08
2.701949e-08
2.880916e-08
3.076925e-08
3.293359e-08
3.534417e-08
3.805312e-08
4.112567e-08
4.464396e-08
4.871226e-08
5.346390e-08
5.907053e-08
6.575469e-08
7.380655e-08
8.360641e-08
9.565424e-08
1.106068e-07
1.293198e-07
1.528848e-07
1.826289e-07
2.200044e-07
2.662081e-07
3.212442e-07
3.820592e-07
4.397481e-07
4.777741e-07
1.035378e-08
1.047309e-08
1.070889e-08
1.105585e-08
1.150703e-08
1.205460e-08
1.269059e-08
1.340763e-08
1.419954e-08
1.506197e-08
1.599284e-08
1.699278e-08
1.806535e-08
1.921741e-08
2.045926e-08
2.180507e-08
2.327330e-08
2.488739e-08
2.667681e-08
2.867844e-08
3.093862e-08
3.351595e-08
3.648511e-08
3.994214e-08
4.401176e-08
4.885762e-08
5.469672e-08
6.182017e-08
7.062322e-08
8.164891e-08
9.565147e-08
1.136867e-07
1.372349e-07
1.683475e-07
2.097646e-07
2.648109e-07
3.365471e-07
4.249763e-07
5.203644e-07
5.926742e-07
7.866715e-09
7.954082e-09
8.127005e-09
8.381995e-09
8.714416e-09
9.118993e-09
9.590338e-09
1.012345e-08
1.071421e-08
1.135977e-08
1.205893e-08
1.281246e-08
1.362335e-08
1.449702e-08
1.544161e-08
1.646827e-08
1.759160e-08
1.883027e-08
2.020786e-08
2.175420e-08
2.350702e-08
2.551446e-08
2.783843e-08
3.055946e-08
3.378346e-08
3.765154e-08
4.235446e-08
4.815429e-08
5.541752e-08
6.466685e-08
7.666364e-08
9.254109e-08
1.140210e-07
1.437625e-07
1.858969e-07
2.467261e-07
3.351607e-07
4.609401e-07
6.240675e-07
7.799006e-07
5.292197e-09
5.349506e-09
5.463046e-09
5.630702e-09
5.849640e-09
6.116615e-09
6.428307e-09
6.781638e-09
7.174086e-09
7.603959e-09
8.070638e-09
8.574790e-09
9.118554e-09
9.705713e-09
1.034190e-08
1.103481e-08
1.179458e-08
1.263420e-08
1.357018e-08
1.462349e-08
1.582082e-08
1.719643e-08
1.879471e-08
2.067384e-08
2.291109e-08
2.561063e-08
2.891533e-08
3.302505e-08
3.822578e-08
4.493745e-08
5.379533e-08
6.579325e-08
8.254575e-08
1.067854e-07
1.433357e-07
2.010383e-07
2.964339e-07
4.595648e-07
7.350813e-07
1.122992e-06
2.660308e-09
2.688696e-09
2.744967e-09
2.828123e-09
2.936821e-09
3.069518e-09
3.224632e-09
3.400701e-09
3.596533e-09
3.811342e-09
4.044872e-09
4.297507e-09
4.570361e-09
4.865380e-09
5.185443e-09
5.534493e-09
5.917714e-09
6.341774e-09
6.815178e-09
7.348748e-09
7.956322e-09
8.655722e-09
9.470135e-09
1.043011e-08
1.157644e-08
1.296456e-08
1.467118e-08
1.680484e-08
1.952313e-08
2.306191e-08
2.778705e-08
3.429099e-08
4.358368e-08
5.749803e-08
7.962319e-08
1.176593e-07
1.899766e-07
3.458159e-07
7.337324e-07
1.854082e-06
0.000000e+00
0.000000e+00
0.000000e+00
0.000000e+00
0.000000e+00
0.000000e+00
0.000000e+00
0.000000e+00
0.000000e+00
0.000000e+00
0.000000e+00
0.000000e+00
0.000000e+00
0.000000e+00
0.000000e+00
0.000000e+00
0.000000e+00
0.000000e+00
0.000000e+00
0.000000e+00
0.000000e+00
0.000000e+00
0.000000e+00
0.000000e+00
0.000000e+00
0.000000e+00
0.000000e+00
0.000000e+00
0.000000e+00
0.000000e+00
0.000000e+00
0.000000e+00
0.000000e+00
0.000000e+00
0.000000e+00
0.000000e+00
0.000000e+00
0.000000e+00
0.000000e+00
1.946262e-06
