1.000000e+00
1.000000e+00
1.000000e+00
1.000000e+00
1.000000e+00
1.000000e+00
1.000000e+00
1.000000e+00
1.000000e+00
1.000000e+00
1.000000e+00
1.000000e+00
1.000000e+00
1.000000e+00
1.000000e+00
1.000000e+00
1.000000e+00
1.000000e+00
1.000000e+00
1.000000e+00
1.000000e+00
1.000000e+00
1.000000e+00
1.000000e+00
1.000000e+00
1.000000e+00
1.000000e+00
1.000000e+00
1.000000e+00
1.000000e+00
9.999963e-01
9.993889e-01
9.381578e-01
3.013200e-01
7.780282e-02
8.245984e-03
1.723301e-03
3.417054e-04
6.117467e-05
5.895276e-06
1.000000e+00
1.000000e+00
1.000000e+00
1.000000e+00
1.000000e+00
1.000000e+00
1.000000e+00
1.000000e+00
1.000000e+00
1.000000e+00
1.000000e+00
1.000000e+00
1.000000e+00
1.000000e+00
1.000000e+00
1.000000e+00
1.000000e+00
1.000000e+00
1.000000e+00
1.000000e+00
1.000000e+00
1.000000e+00
1.000000e+00
1.000000e+00
1.000000e+00
1.000000e+00
1.000000e+00
1.000000e+00
1.000000e+00
1.000000e+00
9.999969e-01
9.995285e-01
9.622805e-01
7.525703e-01
3.975272e-01
9.293179e-02
1.142690e-02
1.326035e-03
1.953851e-04
1.699525e-05
1.000000e+00
1.000000e+00
1.000000e+00
1.000000e+00
1.000000e+00
1.000000e+00
1.000000e+00
1.000000e+00
1.000000e+00
1.000000e+00
1.000000e+00
1.000000e+00
1.000000e+00
1.000000e+00
1.000000e+00
1.000000e+00
1.000000e+00
1.000000e+00
1.000000e+00
1.000000e+00
1.000000e+00
1.000000e+00
1.000000e+00
1.000000e+00
1.000000e+00
1.000000e+00
1.000000e+00
1.000000e+00
1.000000e+00
1.000000e+00
9.999975e-01
9.996572e-01
9.787176e-01
8.699322e-01
6.890070e-01
3.878624e-01
8.631039e-02
7.692558e-03
9.639881e-04
8.782929e-05
1.000000e+00
1.000000e+00
1.000000e+00
1.000000e+00
1.000000e+00
1.000000e+00
1.000000e+00
1.000000e+00
1.000000e+00
1.000000e+00
1.000000e+00
1.000000e+00
1.000000e+00
1.000000e+00
1.000000e+00
1.000000e+00
1.000000e+00
1.000000e+00
1.000000e+00
1.000000e+00
1.000000e+00
1.000000e+00
1.000000e+00
1.000000e+00
1.000000e+00
1.000000e+00
1.000000e+00
1.000000e+00
1.000000e+00
1.000000e+00
9.999980e-01
9.997587e-01
9.882197e-01
9.283421e-01
8.100831e-01
6.207224e-01
3.743997e-01
6.024461e-02
5.687649e-03
5.765085e-04
1.000000e+00
1.000000e+00
1.000000e+00
1.000000e+00
1.000000e+00
1.000000e+00
1.000000e+00
1.000000e+00
1.000000e+00
1.000000e+00
1.000000e+00
1.000000e+00
1.000000e+00
1.000000e+00
1.000000e+00
1.000000e+00
1.000000e+00
1.000000e+00
1.000000e+00
1.000000e+00
1.000000e+00
1.000000e+00
1.000000e+00
1.000000e+00
1.000000e+00
1.000000e+00
1.000000e+00
1.000000e+00
1.000000e+00
1.000000e+00
9.999985e-01
9.998325e-01
9.934168e-01
9.587340e-01
8.789882e-01
7.427374e-01
5.543461e-01
2.515567e-01
3.710661e-02
3.424418e-03
1.000000e+00
1.000000e+00
1.000000e+00
1.000000e+00
1.000000e+00
1.000000e+00
1.000000e+00
1.000000e+00
1.000000e+00
1.000000e+00
1.000000e+00
1.000000e+00
1.000000e+00
1.000000e+00
1.000000e+00
1.000000e+00
1.000000e+00
1.000000e+00
1.000000e+00
1.000000e+00
1.000000e+00
1.000000e+00
1.000000e+00
1.000000e+00
1.000000e+00
1.000000e+00
1.000000e+00
1.000000e+00
1.000000e+00
1.000000e+00
9.999988e-01
9.998839e-01
9.962275e-01
9.753130e-01
9.205217e-01
8.178950e-01
6.619701e-01
4.541053e-01
1.338507e-01
1.547534e-02
1.000000e+00
1.000000e+00
1.000000e+00
1.000000e+00
1.000000e+00
1.000000e+00
1.000000e+00
1.000000e+00
1.000000e+00
1.000000e+00
1.000000e+00
1.000000e+00
1.000000e+00
1.000000e+00
1.000000e+00
1.000000e+00
1.000000e+00
1.000000e+00
1.000000e+00
1.000000e+00
1.000000e+00
1.000000e+00
1.000000e+00
1.000000e+00
1.000000e+00
1.000000e+00
1.000000e+00
1.000000e+00
1.000000e+00
1.000000e+00
9.999991e-01
9.999191e-01
9.977652e-01
9.847035e-01
9.463620e-01
8.674853e-01
7.373856e-01
5.550608e-01
3.422531e-01
4.597606e-02
1.000000e+00
1.000000e+00
1.000000e+00
1.000000e+00
1.000000e+00
1.000000e+00
1.000000e+00
1.000000e+00
1.000000e+00
1.000000e+00
1.000000e+00
1.000000e+00
1.000000e+00
1.000000e+00
1.000000e+00
1.000000e+00
1.000000e+00
1.000000e+00
1.000000e+00
1.000000e+00
1.000000e+00
1.000000e+00
1.000000e+00
1.000000e+00
1.000000e+00
1.000000e+00
1.000000e+00
1.000000e+00
1.000000e+00
1.000000e+00
9.999993e-01
9.999432e-01
9.986267e-01
9.901977e-01
9.628510e-01
9.013144e-01
7.915495e-01
6.266830e-01
4.110823e-01
1.193341e-01
1.000000e+00
1.000000e+00
1.000000e+00
1.000000e+00
1.000000e+00
1.000000e+00
1.000000e+00
1.000000e+00
1.000000e+00
1.000000e+00
1.000000e+00
1.000000e+00
1.000000e+00
1.000000e+00
1.000000e+00
1.000000e+00
1.000000e+00
1.000000e+00
1.000000e+00
1.000000e+00
1.000000e+00
1.000000e+00
1.000000e+00
1.000000e+00
1.000000e+00
1.000000e+00
1.000000e+00
1.000000e+00
1.000000e+00
1.000000e+00
9.999994e-01
9.999596e-01
9.991245e-01
9.935129e-01
9.736258e-01
9.249581e-01
8.314021e-01
6.807092e-01
4.685314e-01
2.066416e-01
1.000000e+00
1.000000e+00
1.000000e+00
1.000000e+00
1.000000e+00
1.000000e+00
1.000000e+00
1.000000e+00
1.000000e+00
1.000000e+00
1.000000e+00
1.000000e+00
1.000000e+00
1.000000e+00
1.000000e+00
1.000000e+00
1.000000e+00
1.000000e+00
1.000000e+00
1.000000e+00
1.000000e+00
1.000000e+00
1.000000e+00
1.000000e+00
1.000000e+00
1.000000e+00
1.000000e+00
1.000000e+00
1.000000e+00
1.000000e+00
9.999995e-01
9.999710e-01
9.994222e-01
9.955755e-01
9.808369e-01
9.418602e-01
8.614738e-01
7.233202e-01
5.169730e-01
2.468498e-01
1.000000e+00
1.000000e+00
1.000000e+00
1.000000e+00
1.000000e+00
1.000000e+00
1.000000e+00
1.000000e+00
1.000000e+00
1.000000e+00
1.000000e+00
1.000000e+00
1.000000e+00
1.000000e+00
1.000000e+00
1.000000e+00
1.000000e+00
1.000000e+00
1.000000e+00
1.000000e+00
1.000000e+00
1.000000e+00
1.000000e+00
1.000000e+00
1.000000e+00
1.000000e+00
1.000000e+00
1.000000e+00
1.000000e+00
1.000000e+00
9.999996e-01
9.999789e-01
9.996066e-01
9.968986e-01
9.857802e-01
9.542038e-01
8.846498e-01
7.576544e-01
5.571853e-01
2.785857e-01
1.000000e+00
1.000000e+00
1.000000e+00
1.000000e+00
1.000000e+00
1.000000e+00
1.000000e+00
1.000000e+00
1.000000e+00
1.000000e+00
1.000000e+00
1.000000e+00
1.000000e+00
1.000000e+00
1.000000e+00
1.000000e+00
1.000000e+00
1.000000e+00
1.000000e+00
1.000000e+00
1.000000e+00
1.000000e+00
1.000000e+00
1.000000e+00
1.000000e+00
1.000000e+00
1.000000e+00
1.000000e+00
1.000000e+00
1.000000e+00
9.999997e-01
9.999845e-01
9.997248e-01
9.977730e-01
9.892499e-01
9.634042e-01
9.028539e-01
7.858191e-01
5.910913e-01
3.057277e-01
1.000000e+00
1.000000e+00
1.000000e+00
1.000000e+00
1.000000e+00
1.000000e+00
1.000000e+00
1.000000e+00
1.000000e+00
1.000000e+00
1.000000e+00
1.000000e+00
1.000000e+00
1.000000e+00
1.000000e+00
1.000000e+00
1.000000e+00
1.000000e+00
1.000000e+00
1.000000e+00
1.000000e+00
1.000000e+00
1.000000e+00
1.000000e+00
1.000000e+00
1.000000e+00
1.000000e+00
1.000000e+00
1.000000e+00
1.000000e+00
9.999998e-01
9.999886e-01
9.998031e-01
9.983676e-01
9.917420e-01
9.703971e-01
9.174100e-01
8.093235e-01
6.202562e-01
3.296555e-01
1.000000e+00
1.000000e+00
1.000000e+00
1.000000e+00
1.000000e+00
1.000000e+00
1.000000e+00
1.000000e+00
1.000000e+00
1.000000e+00
1.000000e+00
1.000000e+00
1.000000e+00
1.000000e+00
1.000000e+00
1.000000e+00
1.000000e+00
1.000000e+00
1.000000e+00
1.000000e+00
1.000000e+00
1.000000e+00
1.000000e+00
1.000000e+00
1.000000e+00
1.000000e+00
1.000000e+00
1.000000e+00
1.000000e+00
1.000000e+00
9.999998e-01
9.999915e-01
9.998565e-01
9.987829e-01
9.935713e-01
9.758120e-01
9.292475e-01
8.292649e-01
6.458251e-01
3.512238e-01
1.000000e+00
1.000000e+00
1.000000e+00
1.000000e+00
1.000000e+00
1.000000e+00
1.000000e+00
1.000000e+00
1.000000e+00
1.000000e+00
1.000000e+00
1.000000e+00
1.000000e+00
1.000000e+00
1.000000e+00
1.000000e+00
1.000000e+00
1.000000e+00
1.000000e+00
1.000000e+00
1.000000e+00
1.000000e+00
1.000000e+00
1.000000e+00
1.000000e+00
1.000000e+00
1.000000e+00
1.000000e+00
1.000000e+00
1.000000e+00
9.999999e-01
9.999936e-01
9.998940e-01
9.990802e-01
9.949418e-01
9.800785e-01
9.390284e-01
8.464496e-01
6.686394e-01
3.710554e-01
1.000000e+00
1.000000e+00
1.000000e+00
1.000000e+00
1.000000e+00
1.000000e+00
1.000000e+00
1.000000e+00
1.000000e+00
1.000000e+00
1.000000e+00
1.000000e+00
1.000000e+00
1.000000e+00
1.000000e+00
1.000000e+00
1.000000e+00
1.000000e+00
1.000000e+00
1.000000e+00
1.000000e+00
1.000000e+00
1.000000e+00
1.000000e+00
1.000000e+00
1.000000e+00
1.000000e+00
1.000000e+00
1.000000e+00
1.000000e+00
9.999999e-01
9.999952e-01
9.999208e-01
9.992976e-01
9.959878e-01
9.834948e-01
9.472306e-01
8.614780e-01
6.893302e-01
3.896283e-01
1.000000e+00
1.000000e+00
1.000000e+00
1.000000e+00
1.000000e+00
1.000000e+00
1.000000e+00
1.000000e+00
1.000000e+00
1.000000e+00
1.000000e+00
1.000000e+00
1.000000e+00
1.000000e+00
1.000000e+00
1.000000e+00
1.000000e+00
1.000000e+00
1.000000e+00
1.000000e+00
1.000000e+00
1.000000e+00
1.000000e+00
1.000000e+00
1.000000e+00
1.000000e+00
1.000000e+00
1.000000e+00
1.000000e+00
1.000000e+00
9.999999e-01
9.999963e-01
9.999405e-01
9.994598e-01
9.967996e-01
9.862707e-01
9.542035e-01
8.748018e-01
7.083805e-01
4.073199e-01
1.000000e+00
1.000000e+00
1.000000e+00
1.000000e+00
1.000000e+00
1.000000e+00
1.000000e+00
1.000000e+00
1.000000e+00
1.000000e+00
1.000000e+00
1.000000e+00
1.000000e+00
1.000000e+00
1.000000e+00
1.000000e+00
1.000000e+00
1.000000e+00
1.000000e+00
1.000000e+00
1.000000e+00
1.000000e+00
1.000000e+00
1.000000e+00
1.000000e+00
1.000000e+00
1.000000e+00
1.000000e+00
1.000000e+00
1.000000e+00
9.999999e-01
9.999972e-01
9.999550e-01
9.995828e-01
9.974388e-01
9.885558e-01
9.602051e-01
8.867642e-01
7.261654e-01
4.244356e-01
1.000000e+00
1.000000e+00
1.000000e+00
1.000000e+00
1.000000e+00
1.000000e+00
1.000000e+00
1.000000e+00
1.000000e+00
1.000000e+00
1.000000e+00
1.000000e+00
1.000000e+00
1.000000e+00
1.000000e+00
1.000000e+00
1.000000e+00
1.000000e+00
1.000000e+00
1.000000e+00
1.000000e+00
1.000000e+00
1.000000e+00
1.000000e+00
1.000000e+00
1.000000e+00
1.000000e+00
1.000000e+00
1.000000e+00
1.000000e+00
9.999999e-01
9.999979e-01
9.999660e-01
9.996772e-01
9.979484e-01
9.904583e-01
9.654279e-01
8.976273e-01
7.429800e-01
4.412287e-01
1.000000e+00
1.000000e+00
1.000000e+00
1.000000e+00
1.000000e+00
1.000000e+00
1.000000e+00
1.000000e+00
1.000000e+00
1.000000e+00
1.000000e+00
1.000000e+00
1.000000e+00
1.000000e+00
1.000000e+00
1.000000e+00
1.000000e+00
1.000000e+00
1.000000e+00
1.000000e+00
1.000000e+00
1.000000e+00
1.000000e+00
1.000000e+00
1.000000e+00
1.000000e+00
1.000000e+00
1.000000e+00
1.000000e+00
1.000000e+00
1.000000e+00
9.999984e-01
9.999744e-01
9.997506e-01
9.983588e-01
9.920572e-01
9.700158e-01
9.075918e-01
7.590580e-01
4.579143e-01
1.000000e+00
1.000000e+00
1.000000e+00
1.000000e+00
1.000000e+00
1.000000e+00
1.000000e+00
1.000000e+00
1.000000e+00
1.000000e+00
1.000000e+00
1.000000e+00
1.000000e+00
1.000000e+00
1.000000e+00
1.000000e+00
1.000000e+00
1.000000e+00
1.000000e+00
1.000000e+00
1.000000e+00
1.000000e+00
1.000000e+00
1.000000e+00
1.000000e+00
1.000000e+00
1.000000e+00
1.000000e+00
1.000000e+00
1.000000e+00
1.000000e+00
9.999988e-01
9.999807e-01
9.998080e-01
9.986916e-01
9.934109e-01
9.740775e-01
9.168108e-01
7.745844e-01
4.746792e-01
1.000000e+00
1.000000e+00
1.000000e+00
1.000000e+00
1.000000e+00
1.000000e+00
1.000000e+00
1.000000e+00
1.000000e+00
1.000000e+00
1.000000e+00
1.000000e+00
1.000000e+00
1.000000e+00
1.000000e+00
1.000000e+00
1.000000e+00
1.000000e+00
1.000000e+00
1.000000e+00
1.000000e+00
1.000000e+00
1.000000e+00
1.000000e+00
1.000000e+00
1.000000e+00
1.000000e+00
1.000000e+00
1.000000e+00
1.000000e+00
1.000000e+00
9.999991e-01
9.999856e-01
9.998531e-01
9.989630e-01
9.945630e-01
9.776945e-01
9.253998e-01
7.897053e-01
4.916893e-01
1.000000e+00
1.000000e+00
1.000000e+00
1.000000e+00
1.000000e+00
1.000000e+00
1.000000e+00
1.000000e+00
1.000000e+00
1.000000e+00
1.000000e+00
1.000000e+00
1.000000e+00
1.000000e+00
1.000000e+00
1.000000e+00
1.000000e+00
1.000000e+00
1.000000e+00
1.000000e+00
1.000000e+00
1.000000e+00
1.000000e+00
1.000000e+00
1.000000e+00
1.000000e+00
1.000000e+00
1.000000e+00
1.000000e+00
1.000000e+00
1.000000e+00
9.999994e-01
9.999894e-01
9.998886e-01
9.991847e-01
9.955463e-01
9.809279e-01
9.334439e-01
8.045333e-01
5.090954e-01
1.000000e+00
1.000000e+00
1.000000e+00
1.000000e+00
1.000000e+00
1.000000e+00
1.000000e+00
1.000000e+00
1.000000e+00
1.000000e+00
1.000000e+00
1.000000e+00
1.000000e+00
1.000000e+00
1.000000e+00
1.000000e+00
1.000000e+00
1.000000e+00
1.000000e+00
1.000000e+00
1.000000e+00
1.000000e+00
1.000000e+00
1.000000e+00
1.000000e+00
1.000000e+00
1.000000e+00
1.000000e+00
1.000000e+00
1.000000e+00
1.000000e+00
9.999995e-01
9.999923e-01
9.999165e-01
9.993657e-01
9.963858e-01
9.838235e-01
9.410034e-01
8.191526e-01
5.270370e-01
1.000000e+00
1.000000e+00
1.000000e+00
1.000000e+00
1.000000e+00
1.000000e+00
1.000000e+00
1.000000e+00
1.000000e+00
1.000000e+00
1.000000e+00
1.000000e+00
1.000000e+00
1.000000e+00
1.000000e+00
1.000000e+00
1.000000e+00
1.000000e+00
1.000000e+00
1.000000e+00
1.000000e+00
1.000000e+00
1.000000e+00
1.000000e+00
1.000000e+00
1.000000e+00
1.000000e+00
1.000000e+00
1.000000e+00
1.000000e+00
1.000000e+00
9.999997e-01
9.999945e-01
9.999383e-01
9.995128e-01
9.971009e-01
9.864151e-01
9.481180e-01
8.336210e-01
5.456463e-01
1.000000e+00
1.000000e+00
1.000000e+00
1.000000e+00
1.000000e+00
1.000000e+00
1.000000e+00
1.000000e+00
1.000000e+00
1.000000e+00
1.000000e+00
1.000000e+00
1.000000e+00
1.000000e+00
1.000000e+00
1.000000e+00
1.000000e+00
1.000000e+00
1.000000e+00
1.000000e+00
1.000000e+00
1.000000e+00
1.000000e+00
1.000000e+00
1.000000e+00
1.000000e+00
1.000000e+00
1.000000e+00
1.000000e+00
1.000000e+00
1.000000e+00
9.999998e-01
9.999961e-01
9.999552e-01
9.996317e-01
9.977069e-01
9.887274e-01
9.548100e-01
8.479723e-01
5.650504e-01
1.000000e+00
1.000000e+00
1.000000e+00
1.000000e+00
1.000000e+00
1.000000e+00
1.000000e+00
1.000000e+00
1.000000e+00
1.000000e+00
1.000000e+00
1.000000e+00
1.000000e+00
1.000000e+00
1.000000e+00
1.000000e+00
1.000000e+00
1.000000e+00
1.000000e+00
1.000000e+00
1.000000e+00
1.000000e+00
1.000000e+00
1.000000e+00
1.000000e+00
1.000000e+00
1.000000e+00
1.000000e+00
1.000000e+00
1.000000e+00
1.000000e+00
9.999998e-01
9.999973e-01
9.999681e-01
9.997268e-01
9.982162e-01
9.907791e-01
9.610877e-01
8.622166e-01
5.853745e-01
1.000000e+00
1.000000e+00
1.000000e+00
1.000000e+00
1.000000e+00
1.000000e+00
1.000000e+00
1.000000e+00
1.000000e+00
1.000000e+00
1.000000e+00
1.000000e+00
1.000000e+00
1.000000e+00
1.000000e+00
1.000000e+00
1.000000e+00
1.000000e+00
1.000000e+00
1.000000e+00
1.000000e+00
1.000000e+00
1.000000e+00
1.000000e+00
1.000000e+00
1.000000e+00
1.000000e+00
1.000000e+00
1.000000e+00
1.000000e+00
1.000000e+00
9.999999e-01
9.999982e-01
9.999779e-01
9.998017e-01
9.986395e-01
9.925840e-01
9.669474e-01
8.763407e-01
6.067437e-01
1.000000e+00
1.000000e+00
1.000000e+00
1.000000e+00
1.000000e+00
1.000000e+00
1.000000e+00
1.000000e+00
1.000000e+00
1.000000e+00
1.000000e+00
1.000000e+00
1.000000e+00
1.000000e+00
1.000000e+00
1.000000e+00
1.000000e+00
1.000000e+00
1.000000e+00
1.000000e+00
1.000000e+00
1.000000e+00
1.000000e+00
1.000000e+00
1.000000e+00
1.000000e+00
1.000000e+00
1.000000e+00
1.000000e+00
1.000000e+00
1.000000e+00
9.999999e-01
9.999988e-01
9.999850e-01
9.998597e-01
9.989860e-01
9.941537e-01
9.723761e-01
8.903080e-01
6.292855e-01
1.000000e+00
1.000000e+00
1.000000e+00
1.000000e+00
1.000000e+00
1.000000e+00
1.000000e+00
1.000000e+00
1.000000e+00
1.000000e+00
1.000000e+00
1.000000e+00
1.000000e+00
1.000000e+00
1.000000e+00
1.000000e+00
1.000000e+00
1.000000e+00
1.000000e+00
1.000000e+00
1.000000e+00
1.000000e+00
1.000000e+00
1.000000e+00
1.000000e+00
1.000000e+00
1.000000e+00
1.000000e+00
1.000000e+00
1.000000e+00
1.000000e+00
1.000000e+00
9.999993e-01
9.999902e-01
9.999037e-01
9.992644e-01
9.954986e-01
9.773544e-01
9.040572e-01
6.531310e-01
1.000000e+00
1.000000e+00
1.000000e+00
1.000000e+00
1.000000e+00
1.000000e+00
1.000000e+00
1.000000e+00
1.000000e+00
1.000000e+00
1.000000e+00
1.000000e+00
1.000000e+00
1.000000e+00
1.000000e+00
1.000000e+00
1.000000e+00
1.000000e+00
1.000000e+00
1.000000e+00
1.000000e+00
1.000000e+00
1.000000e+00
1.000000e+00
1.000000e+00
1.000000e+00
1.000000e+00
1.000000e+00
1.000000e+00
1.000000e+00
1.000000e+00
1.000000e+00
9.999996e-01
9.999938e-01
9.999361e-01
9.994831e-01
9.966293e-01
9.818590e-01
9.175022e-01
6.784178e-01
1.000000e+00
1.000000e+00
1.000000e+00
1.000000e+00
1.000000e+00
1.000000e+00
1.000000e+00
1.000000e+00
1.000000e+00
1.000000e+00
1.000000e+00
1.000000e+00
1.000000e+00
1.000000e+00
1.000000e+00
1.000000e+00
1.000000e+00
1.000000e+00
1.000000e+00
1.000000e+00
1.000000e+00
1.000000e+00
1.000000e+00
1.000000e+00
1.000000e+00
1.000000e+00
1.000000e+00
1.000000e+00
1.000000e+00
1.000000e+00
1.000000e+00
1.000000e+00
9.999997e-01
9.999963e-01
9.999594e-01
9.996500e-01
9.975582e-01
9.858655e-01
9.305298e-01
7.052901e-01
1.000000e+00
1.000000e+00
1.000000e+00
1.000000e+00
1.000000e+00
1.000000e+00
1.000000e+00
1.000000e+00
1.000000e+00
1.000000e+00
1.000000e+00
1.000000e+00
1.000000e+00
1.000000e+00
1.000000e+00
1.000000e+00
1.000000e+00
1.000000e+00
1.000000e+00
1.000000e+00
1.000000e+00
1.000000e+00
1.000000e+00
1.000000e+00
1.000000e+00
1.000000e+00
1.000000e+00
1.000000e+00
1.000000e+00
1.000000e+00
1.000000e+00
1.000000e+00
9.999999e-01
9.999979e-01
9.999753e-01
9.997733e-01
9.982997e-01
9.893526e-01
9.429991e-01
7.338986e-01
1.000000e+00
1.000000e+00
1.000000e+00
1.000000e+00
1.000000e+00
1.000000e+00
1.000000e+00
1.000000e+00
1.000000e+00
1.000000e+00
1.000000e+00
1.000000e+00
1.000000e+00
1.000000e+00
1.000000e+00
1.000000e+00
1.000000e+00
1.000000e+00
1.000000e+00
1.000000e+00
1.000000e+00
1.000000e+00
1.000000e+00
1.000000e+00
1.000000e+00
1.000000e+00
1.000000e+00
1.000000e+00
1.000000e+00
1.000000e+00
1.000000e+00
1.000000e+00
9.999999e-01
9.999989e-01
9.999859e-01
9.998607e-01
9.988712e-01
9.923049e-01
9.547388e-01
7.643945e-01
9.999998e-01
9.999998e-01
9.999998e-01
9.999998e-01
9.999998e-01
9.999998e-01
9.999998e-01
9.999998e-01
9.999998e-01
9.999998e-01
9.999998e-01
9.999998e-01
9.999998e-01
9.999998e-01
9.999998e-01
9.999998e-01
9.999998e-01
9.999998e-01
9.999998e-01
9.999998e-01
9.999999e-01
9.999999e-01
9.999999e-01
9.999999e-01
9.999999e-01
9.999999e-01
9.999999e-01
1.000000e+00
1.000000e+00
1.000000e+00
1.000000e+00
1.000000e+00
1.000000e+00
9.999994e-01
9.999924e-01
9.999197e-01
9.992930e-01
9.947179e-01
9.655462e-01
7.969099e-01
9.999947e-01
9.999947e-01
9.999946e-01
9.999946e-01
9.999946e-01
9.999946e-01
9.999946e-01
9.999946e-01
9.999946e-01
9.999946e-01
9.999946e-01
9.999947e-01
9.999947e-01
9.999948e-01
9.999949e-01
9.999951e-01
9.999953e-01
9.999955e-01
9.999957e-01
9.999960e-01
9.999963e-01
9.999967e-01
9.999970e-01
9.999974e-01
9.999978e-01
9.999981e-01
9.999984e-01
9.999988e-01
9.999990e-01
9.999993e-01
9.999995e-01
9.999996e-01
9.999997e-01
9.999996e-01
9.999962e-01
9.999572e-01
9.995881e-01
9.966027e-01
9.751869e-01
8.314925e-01
9.998927e-01
9.998925e-01
9.998922e-01
9.998920e-01
9.998918e-01
9.998916e-01
9.998914e-01
9.998914e-01
9.998916e-01
9.998919e-01
9.998925e-01
9.998935e-01
9.998947e-01
9.998964e-01
9.998986e-01
9.999013e-01
9.999045e-01
9.999083e-01
9.999127e-01
9.999177e-01
9.999232e-01
9.999292e-01
9.999356e-01
9.999422e-01
9.999490e-01
9.999559e-01
9.999625e-01
9.999689e-01
9.999749e-01
9.999803e-01
9.999851e-01
9.999891e-01
9.999924e-01
9.999948e-01
9.999952e-01
9.999776e-01
9.997805e-01
9.979903e-01
9.834055e-01
8.679098e-01
9.982780e-01
9.982751e-01
9.982720e-01
9.982691e-01
9.982666e-01
9.982648e-01
9.982641e-01
9.982648e-01
9.982676e-01
9.982729e-01
9.982815e-01
9.982939e-01
9.983108e-01
9.983329e-01
9.983609e-01
9.983955e-01
9.984371e-01
9.984862e-01
9.985432e-01
9.986082e-01
9.986811e-01
9.987616e-01
9.988490e-01
9.989424e-01
9.990407e-01
9.991423e-01
9.992456e-01
9.993485e-01
9.994491e-01
9.995452e-01
9.996348e-01
9.997161e-01
9.997875e-01
9.998481e-01
9.998967e-01
9.999266e-01
9.998603e-01
9.989187e-01
9.899560e-01
9.051316e-01
9.788130e-01
9.787780e-01
9.787451e-01
9.787156e-01
9.786911e-01
9.786739e-01
9.786669e-01
9.786736e-01
9.786979e-01
9.787442e-01
9.788176e-01
9.789234e-01
9.790673e-01
9.792554e-01
9.794936e-01
9.797881e-01
9.801449e-01
9.805697e-01
9.810675e-01
9.816426e-01
9.822982e-01
9.830362e-01
9.838570e-01
9.847588e-01
9.857377e-01
9.867877e-01
9.878997e-01
9.890621e-01
9.902605e-01
9.914778e-01
9.926944e-01
9.938883e-01
9.950358e-01
9.961120e-01
9.970913e-01
9.979461e-01
9.986224e-01
9.987373e-01
9.943307e-01
9.402596e-01
8.133314e-01
8.130537e-01
8.128147e-01
8.126101e-01
8.124418e-01
8.123160e-01
8.122423e-01
8.122331e-01
8.123036e-01
8.124714e-01
8.127566e-01
8.131815e-01
8.137708e-01
8.145510e-01
8.155509e-01
8.168009e-01
8.183334e-01
8.201822e-01
8.223825e-01
8.249704e-01
8.279831e-01
8.314578e-01
8.354321e-01
8.399428e-01
8.450256e-01
8.507143e-01
8.570401e-01
8.640308e-01
8.717092e-01
8.800925e-01
8.891904e-01
8.990038e-01
9.095226e-01
9.207216e-01
9.325533e-01
9.449258e-01
9.576347e-01
9.700999e-01
9.796083e-01
9.598603e-01
