2.000000e-06
-0.000000e+00
-0.000000e+00
-0.000000e+00
-0.000000e+00
-0.000000e+00
-0.000000e+00
-0.000000e+00
-0.000000e+00
-0.000000e+00
-0.000000e+00
-0.000000e+00
-0.000000e+00
-0.000000e+00
-0.000000e+00
-0.000000e+00
-0.000000e+00
-0.000000e+00
-0.000000e+00
-0.000000e+00
-0.000000e+00
-0.000000e+00
-0.000000e+00
-0.000000e+00
-0.000000e+00
-0.000000e+00
-0.000000e+00
-0.000000e+00
-0.000000e+00
-0.000000e+00
-0.000000e+00
-0.000000e+00
-0.000000e+00
-0.000000e+00
-0.000000e+00
-0.000000e+00
-0.000000e+00
-0.000000e+00
-0.000000e+00
-0.000000e+00
2.000041e-06
7.908105e-07
3.720174e-07
2.037482e-07
1.256578e-07
8.458778e-08
6.070420e-08
4.569319e-08
3.567992e-08
2.868609e-08
2.362215e-08
1.984950e-08
1.697417e-08
1.474257e-08
1.298557e-08
1.158692e-08
1.046467e-08
9.559810e-09
8.829158e-09
8.240730e-09
7.770777e-09
7.401880e-09
7.121830e-09
6.923203e-09
6.803695e-09
6.767604e-09
6.829446e-09
7.022247e-09
7.417419e-09
8.176574e-09
9.700633e-09
1.307113e-08
1.819588e-08
2.694871e-10
1.200364e-08
-4.817301e-09
-1.487817e-09
-8.942016e-10
-9.033327e-10
-9.770445e-10
1.209712e-06
7.909186e-07
4.934437e-07
3.172971e-07
2.142878e-07
1.519859e-07
1.125343e-07
8.638782e-08
6.833993e-08
5.544200e-08
4.595283e-08
3.880156e-08
3.330452e-08
2.901049e-08
2.561276e-08
2.289741e-08
2.071191e-08
1.894540e-08
1.751608e-08
1.636298e-08
1.544049e-08
1.471491e-08
1.416224e-08
1.376728e-08
1.352397e-08
1.343728e-08
1.352793e-08
1.384212e-08
1.447085e-08
1.558801e-08
1.751840e-08
2.079137e-08
2.385971e-08
1.805048e-08
1.333875e-08
1.326132e-09
-1.381830e-09
-4.121996e-10
-1.659864e-09
-2.012447e-09
8.379309e-07
6.696616e-07
4.935149e-07
3.576946e-07
2.622035e-07
1.965302e-07
1.510571e-07
1.189827e-07
9.584927e-08
7.878869e-08
6.594533e-08
5.609917e-08
4.843173e-08
4.238201e-08
3.755748e-08
3.367801e-08
3.054014e-08
2.799377e-08
2.592677e-08
2.425459e-08
2.291331e-08
2.185503e-08
2.104492e-08
2.045973e-08
2.008763e-08
1.992960e-08
2.000290e-08
2.034744e-08
2.103585e-08
2.218601e-08
2.396538e-08
2.652450e-08
2.860450e-08
2.604910e-08
2.205824e-08
1.236818e-08
1.281195e-09
2.036463e-09
-2.807677e-09
-3.325027e-09
6.343461e-07
5.562556e-07
4.532461e-07
3.577546e-07
2.802959e-07
2.208710e-07
1.761794e-07
1.426353e-07
1.172849e-07
9.791765e-08
8.294025e-08
7.121783e-08
6.194102e-08
5.452824e-08
4.855706e-08
4.371694e-08
3.977681e-08
3.656276e-08
3.394263e-08
3.181528e-08
3.010312e-08
2.874697e-08
2.770268e-08
2.693910e-08
2.643724e-08
2.619061e-08
2.620663e-08
2.650891e-08
2.713911e-08
2.815465e-08
2.961210e-08
3.150172e-08
3.300026e-08
3.179967e-08
2.835993e-08
2.153162e-08
1.151856e-08
7.430636e-09
-4.101908e-09
-4.714644e-09
5.088231e-07
4.677527e-07
4.054502e-07
3.397762e-07
2.803507e-07
2.304759e-07
1.901523e-07
1.580932e-07
1.327367e-07
1.126561e-07
9.667982e-08
8.389061e-08
7.358609e-08
6.523273e-08
5.842548e-08
5.285582e-08
4.828735e-08
4.453779e-08
4.146570e-08
3.896078e-08
3.693692e-08
3.532706e-08
3.407975e-08
3.315676e-08
3.253162e-08
3.218897e-08
3.212412e-08
3.234248e-08
3.285703e-08
3.368127e-08
3.481223e-08
3.618901e-08
3.730276e-08
3.676325e-08
3.414913e-08
2.920284e-08
2.259317e-08
1.129825e-08
-2.013884e-09
-3.813074e-09
4.243566e-07
4.004724e-07
3.610196e-07
3.155451e-07
2.708521e-07
2.305275e-07
1.958591e-07
1.668475e-07
1.429118e-07
1.232899e-07
1.072319e-07
9.407839e-08
8.327981e-08
7.439094e-08
6.705622e-08
6.099342e-08
5.597893e-08
5.183532e-08
4.842155e-08
4.562523e-08
4.335670e-08
4.154460e-08
4.013252e-08
3.907657e-08
3.834354e-08
3.790953e-08
3.775844e-08
3.787986e-08
3.826530e-08
3.890108e-08
3.975653e-08
4.076108e-08
4.159736e-08
4.137990e-08
3.942751e-08
3.541214e-08
2.929829e-08
2.017683e-08
3.274694e-09
-2.903558e-09
3.637667e-07
3.487547e-07
3.226064e-07
2.905295e-07
2.569828e-07
2.249213e-07
1.959081e-07
1.705250e-07
1.487725e-07
1.303591e-07
1.148791e-07
1.019110e-07
9.106361e-08
8.199486e-08
7.441491e-08
6.808265e-08
6.279956e-08
5.840298e-08
5.475995e-08
5.176187e-08
4.932005e-08
4.736213e-08
4.582918e-08
4.467346e-08
4.385647e-08
4.334721e-08
4.312026e-08
4.315326e-08
4.342325e-08
4.390119e-08
4.454480e-08
4.528636e-08
4.591828e-08
4.584911e-08
4.436717e-08
4.094612e-08
3.523069e-08
2.634178e-08
1.331499e-08
-1.064839e-09
3.181843e-07
3.081695e-07
2.901188e-07
2.669814e-07
2.416265e-07
2.162655e-07
1.923259e-07
1.705711e-07
1.512937e-07
1.344943e-07
1.200142e-07
1.076226e-07
9.706857e-08
8.810983e-08
8.052579e-08
7.412264e-08
6.873363e-08
6.421704e-08
6.045337e-08
5.734225e-08
5.479952e-08
5.275468e-08
5.114862e-08
4.993164e-08
4.906170e-08
4.850261e-08
4.822215e-08
4.818971e-08
4.837326e-08
4.873562e-08
4.923031e-08
4.979498e-08
5.028489e-08
5.028919e-08
4.915937e-08
4.625728e-08
4.111997e-08
3.314031e-08
2.146819e-08
3.168812e-09
2.826136e-07
2.756176e-07
2.627156e-07
2.456492e-07
2.262750e-07
2.061871e-07
1.865582e-07
1.681390e-07
1.513362e-07
1.363099e-07
1.230606e-07
1.114962e-07
1.014781e-07
9.284996e-08
8.545567e-08
7.914843e-08
7.379520e-08
6.927814e-08
6.549422e-08
6.235421e-08
5.978109e-08
5.770846e-08
5.607899e-08
5.484282e-08
5.395609e-08
5.337940e-08
5.307606e-08
5.301020e-08
5.314450e-08
5.343774e-08
5.384247e-08
5.430141e-08
5.470680e-08
5.476318e-08
5.391248e-08
5.147407e-08
4.688046e-08
3.951036e-08
2.798971e-08
1.021331e-08
2.540369e-07
2.489699e-07
2.394750e-07
2.266235e-07
2.116362e-07
1.956489e-07
1.795800e-07
1.640900e-07
1.496019e-07
1.363480e-07
1.244216e-07
1.138235e-07
1.044974e-07
9.635612e-08
8.929840e-08
8.322010e-08
7.802057e-08
7.360604e-08
6.989116e-08
6.679929e-08
6.426217e-08
6.221911e-08
6.061608e-08
5.940457e-08
5.854049e-08
5.798287e-08
5.769253e-08
5.763058e-08
5.775686e-08
5.802836e-08
5.839805e-08
5.881273e-08
5.918725e-08
5.930198e-08
5.868822e-08
5.666851e-08
5.258691e-08
4.579041e-08
3.486025e-08
1.740481e-08
2.305256e-07
2.267489e-07
2.195898e-07
2.097325e-07
1.979963e-07
1.851917e-07
1.720221e-07
1.590385e-07
1.466331e-07
1.350583e-07
1.244542e-07
1.148784e-07
1.063318e-07
9.877856e-08
9.216159e-08
8.641294e-08
8.146089e-08
7.723427e-08
7.366505e-08
7.068961e-08
6.824918e-08
6.628975e-08
6.476166e-08
6.361893e-08
6.281846e-08
6.231909e-08
6.208064e-08
6.206278e-08
6.222403e-08
6.252082e-08
6.290694e-08
6.333234e-08
6.372609e-08
6.391957e-08
6.352248e-08
6.188800e-08
5.829779e-08
5.206690e-08
4.182635e-08
2.470414e-08
2.107899e-07
2.079092e-07
2.024018e-07
1.947195e-07
1.854243e-07
1.750988e-07
1.642779e-07
1.534083e-07
1.428335e-07
1.327975e-07
1.234581e-07
1.149041e-07
1.071727e-07
1.002646e-07
9.415635e-08
8.880912e-08
8.417572e-08
8.020506e-08
7.684515e-08
7.404492e-08
7.175519e-08
6.992905e-08
6.852190e-08
6.749106e-08
6.679535e-08
6.639445e-08
6.624821e-08
6.631592e-08
6.655570e-08
6.692399e-08
6.737537e-08
6.786199e-08
6.832206e-08
6.862175e-08
6.843593e-08
6.716226e-08
6.404391e-08
5.835667e-08
4.879481e-08
3.210737e-08
1.939340e-07
1.916955e-07
1.873880e-07
1.813189e-07
1.738819e-07
1.655008e-07
1.565820e-07
1.474828e-07
1.384947e-07
1.298400e-07
1.216764e-07
1.141069e-07
1.071900e-07
1.009508e-07
9.538999e-08
9.049139e-08
8.622775e-08
8.256506e-08
7.946555e-08
7.688972e-08
7.479760e-08
7.314940e-08
7.190584e-08
7.102808e-08
7.047746e-08
7.021519e-08
7.020186e-08
7.039705e-08
7.075892e-08
7.124410e-08
7.180770e-08
7.240317e-08
7.297437e-08
7.341136e-08
7.344151e-08
7.251190e-08
6.984634e-08
6.467515e-08
5.575883e-08
3.960634e-08
1.793160e-07
1.775501e-07
1.741351e-07
1.692856e-07
1.632832e-07
1.564400e-07
1.490662e-07
1.414460e-07
1.338223e-07
1.263910e-07
1.193006e-07
1.126569e-07
1.065295e-07
1.009585e-07
9.596133e-08
9.153863e-08
8.767878e-08
8.436185e-08
8.156225e-08
7.925082e-08
7.739608e-08
7.596512e-08
7.492403e-08
7.423798e-08
7.387127e-08
7.378703e-08
7.394706e-08
7.431154e-08
7.483889e-08
7.548583e-08
7.620756e-08
7.695790e-08
7.768383e-08
7.829155e-08
7.854988e-08
7.795505e-08
7.572624e-08
7.104604e-08
6.274167e-08
4.720515e-08
1.664634e-07
1.650534e-07
1.623160e-07
1.584049e-07
1.535250e-07
1.479093e-07
1.417965e-07
1.354122e-07
1.289574e-07
1.226009e-07
1.164777e-07
1.106905e-07
1.053124e-07
1.003922e-07
9.595817e-08
9.202293e-08
8.858686e-08
8.564126e-08
8.317077e-08
8.115520e-08
7.957078e-08
7.839100e-08
7.758717e-08
7.712860e-08
7.698264e-08
7.711466e-08
7.748786e-08
7.806320e-08
7.879935e-08
7.965283e-08
8.057838e-08
8.152925e-08
8.245349e-08
8.326770e-08
8.377282e-08
8.351117e-08
8.170840e-08
7.750051e-08
6.977914e-08
5.492290e-08
1.550203e-07
1.538837e-07
1.516704e-07
1.484925e-07
1.445022e-07
1.398756e-07
1.347978e-07
1.294488e-07
1.239939e-07
1.185772e-07
1.133189e-07
1.083147e-07
1.036374e-07
9.933954e-08
9.545615e-08
9.200802e-08
8.900442e-08
8.644552e-08
8.432436e-08
8.262844e-08
8.134083e-08
8.044096e-08
7.990509e-08
7.970662e-08
7.981607e-08
8.020115e-08
8.082659e-08
8.165412e-08
8.264253e-08
8.374781e-08
8.492357e-08
8.612152e-08
8.728894e-08
8.834840e-08
8.912512e-08
8.920312e-08
8.782258e-08
8.407617e-08
7.691491e-08
6.279205e-08
1.447134e-07
1.437905e-07
1.419889e-07
1.393923e-07
1.361152e-07
1.322929e-07
1.280701e-07
1.235911e-07
1.189919e-07
1.143950e-07
1.099058e-07
1.056119e-07
1.015830e-07
9.787233e-08
9.451878e-08
9.154851e-08
8.897724e-08
8.681199e-08
8.505269e-08
8.369337e-08
8.272316e-08
8.212691e-08
8.188565e-08
8.197674e-08
8.237393e-08
8.304733e-08
8.396327e-08
8.508424e-08
8.636893e-08
8.777237e-08
8.924638e-08
9.074007e-08
9.219827e-08
9.354586e-08
9.462567e-08
9.505836e-08
9.410425e-08
9.081700e-08
8.419975e-08
7.085683e-08
1.353290e-07
1.345757e-07
1.331023e-07
1.309722e-07
1.282733e-07
1.251106e-07
1.215984e-07
1.178533e-07
1.139875e-07
1.101049e-07
1.062974e-07
1.026440e-07
9.921005e-08
9.604796e-08
9.319805e-08
9.068994e-08
8.854398e-08
8.677250e-08
8.538102e-08
8.436918e-08
8.373152e-08
8.345790e-08
8.353389e-08
8.394079e-08
8.465563e-08
8.565102e-08
8.689497e-08
8.835071e-08
8.997665e-08
9.172644e-08
9.354939e-08
9.539093e-08
9.719180e-08
9.887595e-08
1.002980e-07
1.011098e-07
1.005954e-07
9.777414e-08
9.169201e-08
7.917259e-08
1.266978e-07
1.260807e-07
1.248721e-07
1.231207e-07
1.208949e-07
1.182774e-07
1.153595e-07
1.122359e-07
1.089999e-07
1.057394e-07
1.025347e-07
9.945645e-08
9.656522e-08
9.391134e-08
9.153543e-08
8.946918e-08
8.773621e-08
8.635299e-08
8.532968e-08
8.467082e-08
8.437582e-08
8.443931e-08
8.485125e-08
8.559694e-08
8.665683e-08
8.800621e-08
8.961495e-08
9.144707e-08
9.346059e-08
9.560746e-08
9.783372e-08
1.000801e-07
1.022815e-07
1.043579e-07
1.061703e-07
1.073964e-07
1.073453e-07
1.050070e-07
9.945901e-08
8.780630e-08
1.186834e-07
1.181771e-07
1.171843e-07
1.157434e-07
1.139081e-07
1.117445e-07
1.093262e-07
1.067309e-07
1.040365e-07
1.013181e-07
9.864542e-08
9.608182e-08
9.368294e-08
9.149666e-08
8.956310e-08
8.791509e-08
8.657864e-08
8.557352e-08
8.491388e-08
8.460860e-08
8.466165e-08
8.507227e-08
8.583488e-08
8.693893e-08
8.836857e-08
9.010212e-08
9.211160e-08
9.436209e-08
9.681129e-08
9.940916e-08
1.020979e-07
1.048125e-07
1.074801e-07
1.100140e-07
1.122762e-07
1.139639e-07
1.144120e-07
1.125849e-07
1.075791e-07
9.683795e-08
1.111752e-07
1.107597e-07
1.099446e-07
1.087602e-07
1.072496e-07
1.054660e-07
1.034696e-07
1.013248e-07
9.909710e-08
9.685079e-08
9.464701e-08
9.254236e-08
9.058799e-08
8.882917e-08
8.730517e-08
8.604940e-08
8.508967e-08
8.444856e-08
8.414370e-08
8.418802e-08
8.458993e-08
8.535326e-08
8.647709e-08
8.795538e-08
8.977644e-08
9.192217e-08
9.436732e-08
9.707850e-08
1.000134e-07
1.031201e-07
1.063364e-07
1.095905e-07
1.128002e-07
1.158686e-07
1.186537e-07
1.208659e-07
1.218636e-07
1.205894e-07
1.161442e-07
1.063632e-07
1.040821e-07
1.037419e-07
1.030741e-07
1.021031e-07
1.008639e-07
9.940011e-08
9.776136e-08
9.600151e-08
9.417618e-08
9.234087e-08
9.054937e-08
8.885253e-08
8.729740e-08
8.592678e-08
8.477894e-08
8.388760e-08
8.328206e-08
8.298733e-08
8.302431e-08
8.340985e-08
8.415679e-08
8.527376e-08
8.676487e-08
8.862912e-08
9.085968e-08
9.344288e-08
9.635707e-08
9.957128e-08
1.030439e-07
1.067213e-07
1.105372e-07
1.144118e-07
1.182519e-07
1.219471e-07
1.253459e-07
1.281641e-07
1.297803e-07
1.291175e-07
1.252641e-07
1.164968e-07
9.732921e-08
9.705153e-08
9.650645e-08
9.571399e-08
9.470284e-08
9.350901e-08
9.217408e-08
9.074356e-08
8.926511e-08
8.778704e-08
8.635698e-08
8.502089e-08
8.382223e-08
8.280155e-08
8.199615e-08
8.143996e-08
8.116360e-08
8.119437e-08
8.155633e-08
8.227027e-08
8.335362e-08
8.482015e-08
8.667953e-08
8.893659e-08
9.159032e-08
9.463267e-08
9.804688e-08
1.018058e-07
1.058696e-07
1.101843e-07
1.146795e-07
1.192671e-07
1.238411e-07
1.282743e-07
1.323994e-07
1.359293e-07
1.382565e-07
1.382847e-07
1.350710e-07
1.273786e-07
9.085384e-08
9.062843e-08
9.018611e-08
8.954344e-08
8.872431e-08
8.775887e-08
8.668229e-08
8.553344e-08
8.435357e-08
8.318510e-08
8.207055e-08
8.105172e-08
8.016902e-08
7.946099e-08
7.896408e-08
7.871245e-08
7.873797e-08
7.907020e-08
7.973635e-08
8.076127e-08
8.216727e-08
8.397372e-08
8.619656e-08
8.884741e-08
9.193242e-08
9.545065e-08
9.939213e-08
1.037354e-07
1.084447e-07
1.134670e-07
1.187293e-07
1.241356e-07
1.295655e-07
1.348716e-07
1.398639e-07
1.442423e-07
1.474038e-07
1.482309e-07
1.457266e-07
1.391801e-07
8.460374e-08
8.442213e-08
8.406600e-08
8.354925e-08
8.289198e-08
8.211977e-08
8.126267e-08
8.035425e-08
7.943054e-08
7.852914e-08
7.768831e-08
7.694636e-08
7.634105e-08
7.590925e-08
7.568666e-08
7.570774e-08
7.600561e-08
7.661206e-08
7.755757e-08
7.887121e-08
8.058046e-08
8.271091e-08
8.528559e-08
8.832413e-08
9.184135e-08
9.584548e-08
1.003357e-07
1.052990e-07
1.107067e-07
1.165100e-07
1.226353e-07
1.289801e-07
1.354096e-07
1.417526e-07
1.477891e-07
1.531935e-07
1.573546e-07
1.591264e-07
1.574317e-07
1.521158e-07
7.853516e-08
7.839024e-08
7.810642e-08
7.769546e-08
7.717450e-08
7.656546e-08
7.589428e-08
7.519024e-08
7.448513e-08
7.381251e-08
7.320712e-08
7.270429e-08
7.233952e-08
7.214823e-08
7.216554e-08
7.242620e-08
7.296462e-08
7.381484e-08
7.501065e-08
7.658551e-08
7.857247e-08
8.100387e-08
8.391081e-08
8.732221e-08
9.126344e-08
9.575431e-08
1.008062e-07
1.064184e-07
1.125735e-07
1.192311e-07
1.263218e-07
1.337400e-07
1.413373e-07
1.489166e-07
1.562202e-07
1.628825e-07
1.682653e-07
1.711813e-07
1.704390e-07
1.664584e-07
7.261139e-08
7.249717e-08
7.227387e-08
7.195157e-08
7.154503e-08
7.107318e-08
7.055867e-08
7.002723e-08
6.950713e-08
6.902858e-08
6.862330e-08
6.832408e-08
6.816445e-08
6.817856e-08
6.840100e-08
6.886687e-08
6.961177e-08
7.067202e-08
7.208467e-08
7.388772e-08
7.612004e-08
7.882132e-08
8.203159e-08
8.579050e-08
9.013597e-08
9.510218e-08
1.007165e-07
1.069952e-07
1.139378e-07
1.215192e-07
1.296810e-07
1.383208e-07
1.472809e-07
1.563383e-07
1.651906e-07
1.734148e-07
1.803207e-07
1.846564e-07
1.850725e-07
1.825608e-07
6.680175e-08
6.671310e-08
6.654023e-08
6.629185e-08
6.598076e-08
6.562349e-08
6.523991e-08
6.485282e-08
6.448750e-08
6.417132e-08
6.393337e-08
6.380420e-08
6.381559e-08
6.400049e-08
6.439300e-08
6.502844e-08
6.594357e-08
6.717675e-08
6.876827e-08
7.076062e-08
7.319867e-08
7.612980e-08
7.960377e-08
8.367226e-08
8.838782e-08
9.380204e-08
9.996251e-08
1.069083e-07
1.146633e-07
1.232271e-07
1.325626e-07
1.425814e-07
1.531259e-07
1.639518e-07
1.747075e-07
1.848945e-07
1.937367e-07
1.998794e-07
2.017542e-07
2.008904e-07
6.108068e-08
6.101318e-08
6.088201e-08
6.069477e-08
6.046261e-08
6.020003e-08
5.992459e-08
5.965656e-08
5.941866e-08
5.923575e-08
5.913460e-08
5.914370e-08
5.929316e-08
5.961477e-08
6.014201e-08
6.091031e-08
6.195727e-08
6.332310e-08
6.505104e-08
6.718783e-08
6.978422e-08
7.289544e-08
7.658145e-08
8.090700e-08
8.594110e-08
9.175572e-08
9.842330e-08
1.060123e-07
1.145803e-07
1.241634e-07
1.347612e-07
1.463163e-07
1.586887e-07
1.716259e-07
1.847297e-07
1.974091e-07
2.087598e-07
2.172638e-07
2.210444e-07
2.220809e-07
5.542704e-08
5.537684e-08
5.527980e-08
5.514253e-08
5.497480e-08
5.478938e-08
5.460178e-08
5.443010e-08
5.429477e-08
5.421838e-08
5.422553e-08
5.434276e-08
5.459855e-08
5.502337e-08
5.564994e-08
5.651346e-08
5.765206e-08
5.910733e-08
6.092494e-08
6.315541e-08
6.585494e-08
6.908629e-08
7.291963e-08
7.743325e-08
8.271391e-08
8.885654e-08
9.596277e-08
1.041375e-07
1.134824e-07
1.240854e-07
1.360028e-07
1.492343e-07
1.636864e-07
1.791266e-07
1.951279e-07
2.109989e-07
2.256579e-07
2.373339e-07
2.437019e-07
2.470163e-07
4.982352e-08
4.978730e-08
4.971776e-08
4.962069e-08
4.950464e-08
4.938083e-08
4.926299e-08
4.916723e-08
4.911188e-08
4.911740e-08
4.920632e-08
4.940323e-08
4.973484e-08
5.023018e-08
5.092086e-08
5.184149e-08
5.303016e-08
5.452919e-08
5.638596e-08
5.865393e-08
6.139385e-08
6.467518e-08
6.857756e-08
7.319249e-08
7.862480e-08
8.499387e-08
9.243389e-08
1.010926e-07
1.111268e-07
1.226931e-07
1.359308e-07
1.509319e-07
1.676958e-07
1.860620e-07
2.056205e-07
2.255978e-07
2.446914e-07
2.607496e-07
2.707768e-07
2.769705e-07
4.425618e-08
4.423101e-08
4.418320e-08
4.411777e-08
4.404218e-08
4.396626e-08
4.390208e-08
4.386389e-08
4.386806e-08
4.393297e-08
4.407908e-08
4.432894e-08
4.470735e-08
4.524160e-08
4.596182e-08
4.690143e-08
4.809786e-08
4.959329e-08
5.143576e-08
5.368048e-08
5.639136e-08
5.964301e-08
6.352296e-08
6.813438e-08
7.359902e-08
8.006033e-08
8.768647e-08
9.667229e-08
1.072391e-07
1.196299e-07
1.340956e-07
1.508672e-07
1.701032e-07
1.918023e-07
2.156690e-07
2.409231e-07
2.660366e-07
2.883218e-07
3.037535e-07
3.138509e-07
3.871396e-08
3.869731e-08
3.866620e-08
3.862495e-08
3.858001e-08
3.853989e-08
3.851511e-08
3.851816e-08
3.856345e-08
3.866731e-08
3.884805e-08
3.912605e-08
3.952398e-08
4.006703e-08
4.078333e-08
4.170454e-08
4.286652e-08
4.431031e-08
4.608331e-08
4.824086e-08
5.084811e-08
5.398254e-08
5.773693e-08
6.222311e-08
6.757661e-08
7.396205e-08
8.157949e-08
9.067118e-08
1.015278e-07
1.144919e-07
1.299549e-07
1.483386e-07
1.700479e-07
1.953738e-07
2.243130e-07
2.562711e-07
2.896094e-07
3.209783e-07
3.447715e-07
3.606489e-07
3.318833e-08
3.317804e-08
3.315929e-08
3.313577e-08
3.311297e-08
3.309813e-08
3.310028e-08
3.313016e-08
3.320023e-08
3.332472e-08
3.351970e-08
3.380321e-08
3.419546e-08
3.471915e-08
3.539991e-08
3.626685e-08
3.735336e-08
3.869810e-08
4.034630e-08
4.235150e-08
4.477768e-08
4.770213e-08
5.121910e-08
5.544456e-08
6.052231e-08
6.663184e-08
7.399839e-08
8.290533e-08
9.370909e-08
1.068554e-07
1.228941e-07
1.424848e-07
1.663768e-07
1.953314e-07
2.299273e-07
2.701544e-07
3.146692e-07
3.595698e-07
3.969452e-07
4.223285e-07
2.767297e-08
2.766718e-08
2.765712e-08
2.764585e-08
2.763792e-08
2.763936e-08
2.765769e-08
2.770192e-08
2.778254e-08
2.791160e-08
2.810280e-08
2.837159e-08
2.873546e-08
2.921418e-08
2.983027e-08
3.060956e-08
3.158194e-08
3.278239e-08
3.425229e-08
3.604116e-08
3.820898e-08
4.082920e-08
4.399281e-08
4.781376e-08
5.243626e-08
5.804469e-08
6.487698e-08
7.324282e-08
8.354805e-08
9.632678e-08
1.122817e-07
1.323302e-07
1.576437e-07
1.896483e-07
2.299046e-07
2.796925e-07
3.389725e-07
4.042016e-07
4.647285e-07
5.077251e-07
2.216337e-08
2.216054e-08
2.215613e-08
2.215256e-08
2.215346e-08
2.216366e-08
2.218917e-08
2.223725e-08
2.231638e-08
2.243632e-08
2.260826e-08
2.284487e-08
2.316057e-08
2.357181e-08
2.409741e-08
2.475915e-08
2.558243e-08
2.659721e-08
2.783928e-08
2.935186e-08
3.118787e-08
3.341288e-08
3.610918e-08
3.938142e-08
4.336433e-08
4.823374e-08
5.422212e-08
6.164105e-08
7.091371e-08
8.262220e-08
9.757626e-08
1.169111e-07
1.422203e-07
1.757144e-07
2.203476e-07
2.797027e-07
3.570568e-07
4.522375e-07
5.538166e-07
6.339936e-07
1.665655e-08
1.665545e-08
1.665425e-08
1.665475e-08
1.665967e-08
1.667259e-08
1.669805e-08
1.674150e-08
1.680935e-08
1.690902e-08
1.704900e-08
1.723901e-08
1.749012e-08
1.781503e-08
1.822838e-08
1.874717e-08
1.939138e-08
2.018472e-08
2.115572e-08
2.233910e-08
2.377773e-08
2.552523e-08
2.764961e-08
3.023839e-08
3.340591e-08
3.730382e-08
4.213674e-08
4.818563e-08
5.584365e-08
6.567223e-08
7.849029e-08
9.551829e-08
1.186126e-07
1.506426e-07
1.960682e-07
2.616939e-07
3.571319e-07
4.927936e-07
6.679364e-07
8.381564e-07
1.115066e-08
1.115031e-08
1.115051e-08
1.115239e-08
1.115771e-08
1.116884e-08
1.118880e-08
1.122121e-08
1.127037e-08
1.134125e-08
1.143958e-08
1.157190e-08
1.174572e-08
1.196968e-08
1.225376e-08
1.260962e-08
1.305103e-08
1.359440e-08
1.425959e-08
1.507090e-08
1.605851e-08
1.726046e-08
1.872537e-08
2.051636e-08
2.271678e-08
2.543857e-08
2.883507e-08
3.312073e-08
3.860269e-08
4.573250e-08
5.519416e-08
6.805906e-08
8.606937e-08
1.121757e-07
1.515891e-07
2.138637e-07
3.168718e-07
4.930285e-07
7.900635e-07
1.210516e-06
5.642645e-09
5.642293e-09
5.642759e-09
5.644278e-09
5.647633e-09
5.653985e-09
5.664822e-09
5.681948e-09
5.707497e-09
5.743946e-09
5.794151e-09
5.861386e-09
5.949414e-09
6.062572e-09
6.205893e-09
6.385271e-09
6.607681e-09
6.881478e-09
7.216795e-09
7.626093e-09
8.124916e-09
8.732937e-09
9.475443e-09
1.038547e-08
1.150692e-08
1.289929e-08
1.464482e-08
1.685996e-08
1.971399e-08
2.346060e-08
2.849393e-08
3.545294e-08
4.542797e-08
6.039911e-08
8.424542e-08
1.252914e-07
2.033986e-07
3.717913e-07
7.908056e-07
2.002131e-06
0.000000e+00
0.000000e+00
0.000000e+00
0.000000e+00
0.000000e+00
0.000000e+00
0.000000e+00
0.000000e+00
0.000000e+00
0.000000e+00
0.000000e+00
0.000000e+00
0.000000e+00
0.000000e+00
0.000000e+00
0.000000e+00
0.000000e+00
0.000000e+00
0.000000e+00
0.000000e+00
0.000000e+00
0.000000e+00
0.000000e+00
0.000000e+00
0.000000e+00
0.000000e+00
0.000000e+00
0.000000e+00
0.000000e+00
0.000000e+00
0.000000e+00
0.000000e+00
0.000000e+00
0.000000e+00
0.000000e+00
0.000000e+00
0.000000e+00
0.000000e+00
0.000000e+00
1.984602e-06
