0.000000e+00
1.977019e-318
2.210776e-318
4.126871e-310
3.343204e-229
9.808224e-181
1.352638e-148
1.073140e-125
1.689116e-108
4.666011e-95
3.239117e-84
3.025659e-75
1.153740e-67
3.852754e-61
1.937523e-55
2.179252e-50
7.364435e-46
9.359723e-42
5.322717e-38
1.552578e-34
2.590353e-31
2.700595e-28
1.892805e-25
9.486975e-23
3.587608e-20
1.074007e-17
2.661991e-15
5.707706e-13
1.107457e-10
2.035931e-08
3.665518e-06
6.110600e-04
6.184222e-02
6.986800e-01
9.221972e-01
9.917540e-01
9.982767e-01
9.996583e-01
9.999388e-01
9.999941e-01
1.452785e-318
2.895748e-318
3.326544e-318
2.371327e-309
8.833145e-229
1.906622e-180
2.230094e-148
1.598164e-125
2.348001e-108
6.169892e-95
4.122395e-84
3.734848e-75
1.388571e-67
4.537739e-61
2.239107e-55
2.475931e-50
8.237610e-46
1.031879e-41
5.788446e-38
1.666537e-34
2.745640e-31
2.827326e-28
1.957326e-25
9.687212e-23
3.614627e-20
1.066154e-17
2.596881e-15
5.447871e-13
1.026646e-10
1.811560e-08
3.076048e-06
4.715378e-04
3.771951e-02
2.474297e-01
6.024728e-01
9.070682e-01
9.885731e-01
9.986740e-01
9.998046e-01
9.999830e-01
2.162980e-318
3.547045e-318
3.547569e-318
7.924421e-298
5.704877e-228
5.961344e-180
5.101026e-148
3.052299e-125
3.983425e-108
9.620678e-95
6.031577e-84
5.196508e-75
1.853914e-67
5.850476e-61
2.800474e-55
3.014064e-50
9.785035e-46
1.198314e-41
6.581618e-38
1.857456e-34
3.002360e-31
3.035095e-28
2.063286e-25
1.002617e-22
3.670469e-20
1.060470e-17
2.522689e-15
5.142552e-13
9.339526e-11
1.567602e-08
2.481629e-06
3.427811e-04
2.128244e-02
1.300678e-01
3.109930e-01
6.121376e-01
9.136896e-01
9.923074e-01
9.990360e-01
9.999122e-01
1.752723e-311
1.009435e-310
1.798360e-298
3.302580e-260
1.092471e-221
4.261391e-179
1.823589e-147
7.936705e-125
8.548308e-108
1.811261e-94
1.031382e-83
8.246815e-75
2.769782e-67
8.310064e-61
3.808485e-55
3.944735e-50
1.237241e-45
1.468196e-41
7.832218e-38
2.150886e-34
3.388003e-31
3.341245e-28
2.217409e-25
1.052075e-22
3.758678e-20
1.058197e-17
2.445782e-15
4.819789e-13
8.392692e-11
1.333221e-08
1.956759e-06
2.412518e-04
1.178028e-02
7.165795e-02
1.899169e-01
3.792776e-01
6.256003e-01
9.397554e-01
9.943124e-01
9.994235e-01
6.503422e-231
1.720464e-230
1.117009e-229
1.592813e-222
2.013362e-199
2.909272e-175
1.414443e-146
3.154875e-124
2.459525e-107
4.260829e-94
2.107124e-83
1.515207e-74
4.678821e-67
1.309905e-60
5.660411e-55
5.569964e-50
1.669098e-45
1.900614e-41
9.762645e-38
2.588622e-34
3.945700e-31
3.771963e-28
2.429497e-25
1.119458e-22
3.883654e-20
1.060545e-17
2.371539e-15
4.500821e-13
7.490533e-11
1.123497e-08
1.526109e-06
1.675161e-04
6.583189e-03
4.126597e-02
1.210118e-01
2.572626e-01
4.456539e-01
7.484433e-01
9.628934e-01
9.965756e-01
9.106257e-183
1.772118e-182
5.556548e-182
4.013006e-181
2.066864e-176
6.191841e-161
6.737636e-144
2.579501e-123
1.056937e-106
1.322088e-93
5.307317e-83
3.287088e-74
9.051982e-67
2.311049e-60
9.246583e-55
8.516349e-50
2.407858e-45
2.602871e-41
1.275356e-37
3.238349e-34
4.741756e-31
4.365568e-28
2.713212e-25
1.207864e-22
4.050391e-20
1.068529e-17
2.303772e-15
4.199132e-13
6.666899e-11
9.434721e-09
1.186655e-06
1.161054e-04
3.772464e-03
2.468697e-02
7.947827e-02
1.821050e-01
3.380299e-01
5.458947e-01
8.661493e-01
9.845247e-01
6.258771e-151
1.033006e-150
2.368460e-150
8.513496e-150
6.723819e-149
1.896377e-145
2.618515e-134
3.130028e-121
8.773159e-106
5.955861e-93
1.728849e-82
8.651970e-74
2.039095e-66
4.610995e-60
1.670928e-54
1.415566e-49
3.722832e-45
3.775149e-41
1.746703e-37
4.210334e-34
5.877723e-31
5.177384e-28
3.087148e-25
1.321218e-22
4.264271e-20
1.082885e-17
2.244670e-15
3.921560e-13
5.933807e-11
7.924764e-09
9.244033e-07
8.087662e-05
2.234795e-03
1.529648e-02
5.363796e-02
1.325147e-01
2.626144e-01
4.449392e-01
6.577469e-01
9.540239e-01
2.585982e-128
3.855534e-128
7.380294e-128
1.927553e-127
7.735235e-127
6.512442e-126
3.368907e-123
1.006591e-114
4.655070e-104
4.805080e-92
7.893174e-82
2.874987e-73
5.467175e-66
1.053777e-59
3.365400e-54
2.568836e-49
6.182607e-45
5.803985e-41
2.508158e-37
5.686609e-34
7.509777e-31
6.286895e-28
3.576241e-25
1.464357e-22
4.530869e-20
1.104028e-17
2.194983e-15
3.670068e-13
5.290003e-11
6.672394e-09
7.233791e-07
5.683330e-05
1.373256e-03
9.802309e-03
3.714904e-02
9.868560e-02
2.084505e-01
3.733170e-01
5.889177e-01
8.806659e-01
2.214470e-111
3.082087e-111
5.240924e-111
1.129328e-110
3.273812e-110
1.428524e-109
1.238978e-108
2.077937e-106
1.233850e-99
1.417678e-90
5.920365e-81
1.283973e-72
1.798712e-65
2.803646e-59
7.621944e-54
5.113348e-49
1.105289e-44
9.464993e-41
3.775135e-37
7.972613e-34
9.879809e-31
7.808090e-28
4.213558e-25
1.643120e-22
4.855676e-20
1.132028e-17
2.154285e-15
3.443391e-13
4.727303e-11
5.637018e-09
5.693327e-07
4.036421e-05
8.754594e-04
6.487122e-03
2.637422e-02
7.504195e-02
1.685979e-01
3.192908e-01
5.314686e-01
7.933584e-01
3.473090e-98
4.598797e-98
7.188567e-98
1.358971e-97
3.218897e-97
1.010745e-96
4.659226e-96
3.994903e-95
2.934477e-93
1.473807e-87
1.098559e-79
8.604089e-72
7.592307e-65
8.869827e-59
1.961798e-53
1.122227e-48
2.131657e-44
1.637930e-40
5.952518e-37
1.158977e-33
1.336544e-30
9.904271e-28
5.042471e-25
1.864368e-22
5.243689e-20
1.166574e-17
2.121212e-15
3.238318e-13
4.234645e-11
4.779187e-09
4.507717e-07
2.899203e-05
5.778069e-04
4.424467e-03
1.916306e-02
5.813983e-02
1.385262e-01
2.766798e-01
4.830270e-01
7.531502e-01
1.425941e-87
1.817617e-87
2.666603e-87
4.579630e-87
9.419977e-87
2.398282e-86
7.952386e-86
3.750788e-85
3.041287e-84
1.185219e-82
1.426860e-77
1.080813e-70
4.406396e-64
3.432884e-58
5.812845e-53
2.731144e-48
4.444210e-44
3.008153e-40
9.823146e-37
1.744349e-33
1.856052e-30
1.280892e-27
6.119135e-25
2.135912e-22
5.698765e-20
1.206923e-17
2.093637e-15
3.050583e-13
3.800443e-11
4.064328e-09
3.588697e-07
2.105596e-05
3.934311e-04
3.101377e-03
1.421982e-02
4.579623e-02
1.153502e-01
2.423456e-01
4.428147e-01
7.214143e-01
8.185802e-79
1.012278e-78
1.412738e-78
2.252601e-78
4.168092e-78
9.137851e-78
2.443763e-77
8.327076e-77
3.883659e-76
2.854705e-75
6.903224e-74
3.945453e-69
3.939816e-63
1.690088e-57
2.014141e-52
7.417105e-48
1.003570e-43
5.861777e-40
1.694339e-36
2.713107e-33
2.640420e-30
1.685444e-27
7.515059e-25
2.466260e-22
6.222701e-20
1.251825e-17
2.068811e-15
2.875471e-13
3.413833e-11
3.463751e-09
2.870130e-07
1.545156e-05
2.752073e-04
2.226979e-03
1.075007e-02
3.659584e-02
9.714614e-02
2.141809e-01
4.089087e-01
6.942723e-01
1.986996e-71
2.396543e-71
3.210922e-71
4.822548e-71
8.208816e-71
1.605482e-70
3.673033e-70
1.007164e-69
3.427396e-69
1.527795e-68
9.829309e-68
1.761937e-66
6.482554e-62
1.116926e-56
8.318723e-52
2.263241e-47
2.458800e-43
1.211158e-39
3.049184e-36
4.351080e-33
3.838705e-30
2.251076e-27
9.319316e-25
2.864081e-22
6.813994e-20
1.299442e-17
2.043476e-15
2.708231e-13
3.065270e-11
2.954419e-09
2.303046e-07
1.144421e-05
1.968949e-04
1.632369e-03
8.258028e-03
2.960287e-02
8.258998e-02
1.906765e-01
3.797438e-01
6.703445e-01
4.358588e-65
5.146719e-65
6.663010e-65
9.521554e-65
1.513667e-64
2.701895e-64
5.477324e-64
1.279333e-63
3.508264e-63
1.158920e-62
4.787007e-62
2.629316e-61
4.536784e-60
1.062325e-55
4.189043e-51
7.816136e-47
6.545174e-43
2.650501e-39
5.712694e-36
7.175898e-33
5.687625e-30
3.043487e-27
1.163963e-24
3.337306e-22
7.466313e-20
1.347278e-17
2.013992e-15
2.544376e-13
2.746774e-11
2.518233e-09
1.851347e-07
8.542874e-06
1.434570e-04
1.217070e-03
6.428689e-03
2.418804e-02
7.075247e-02
1.707351e-01
3.541749e-01
6.487762e-01
1.479420e-59
1.715080e-59
2.155651e-59
2.952339e-59
4.430626e-59
7.331825e-59
1.347673e-58
2.775613e-58
6.473381e-58
1.732386e-57
5.411533e-57
2.019437e-56
9.338021e-56
2.129006e-54
2.637341e-50
3.077458e-46
1.894656e-42
6.133347e-39
1.111264e-35
1.213373e-32
8.562121e-30
4.153092e-27
1.460105e-24
3.891732e-22
8.166777e-20
1.392145e-17
1.976502e-15
2.379948e-13
2.451998e-11
2.141227e-09
1.488430e-07
6.416732e-06
1.060165e-04
9.198235e-04
5.058201e-03
1.992151e-02
6.097162e-02
1.535504e-01
3.313606e-01
6.289446e-01
1.148673e-54
1.310146e-54
1.604447e-54
2.117551e-54
3.023798e-54
4.691558e-54
7.945842e-54
1.476625e-53
3.028773e-53
6.903894e-53
1.763037e-52
5.093781e-52
1.686048e-51
6.542869e-51
2.426630e-49
1.390903e-45
5.965589e-42
1.497457e-38
2.237519e-35
2.096491e-32
1.305224e-29
5.701661e-27
1.834065e-24
4.529101e-22
8.894275e-20
1.430201e-17
1.927166e-15
2.211748e-13
2.176204e-11
1.812792e-09
1.194634e-07
4.840846e-06
7.917413e-05
7.023589e-04
4.012182e-03
1.650518e-02
5.276943e-02
1.385220e-01
3.106698e-01
6.103717e-01
2.727220e-50
3.065492e-50
3.668073e-50
4.685014e-50
6.404657e-50
9.396877e-50
1.483862e-49
2.529238e-49
4.667652e-49
9.356805e-49
2.044528e-48
4.888329e-48
1.284451e-47
3.728608e-47
1.226481e-46
7.690744e-45
2.042142e-41
3.846829e-38
4.646999e-35
3.687953e-32
2.007663e-29
7.848524e-27
2.299593e-24
5.244680e-22
9.618169e-20
1.457083e-17
1.862459e-15
2.037568e-13
1.916194e-11
1.525008e-09
9.553639e-08
3.660680e-06
5.954956e-05
5.401804e-04
3.200398e-03
1.372927e-02
4.579654e-02
1.251982e-01
2.916195e-01
5.926801e-01
2.465801e-46
2.735207e-46
3.205184e-46
3.975371e-46
5.228071e-46
7.302427e-46
1.084983e-45
1.717197e-45
2.898758e-45
5.225016e-45
1.006630e-44
2.074500e-44
4.576296e-44
1.081270e-43
2.738584e-43
7.880562e-43
7.806149e-41
1.036494e-37
9.916946e-35
6.579399e-32
3.104359e-29
1.079433e-26
2.868511e-24
6.024561e-22
1.029791e-19
1.468189e-17
1.779546e-15
1.856392e-13
1.670191e-11
1.272063e-09
7.597124e-08
2.768915e-06
4.496730e-05
4.172374e-04
2.561161e-03
1.144415e-02
3.979487e-02
1.132358e-01
2.738346e-01
5.755644e-01
1.004710e-42
1.101114e-42
1.266072e-42
1.529258e-42
1.942559e-42
2.597290e-42
3.657639e-42
5.427376e-42
8.486847e-42
1.398312e-41
2.426404e-41
4.430810e-41
8.505131e-41
1.713709e-40
3.618407e-40
7.994486e-40
2.148672e-39
2.962654e-37
2.166015e-34
1.185633e-31
4.806801e-29
1.477913e-26
3.547785e-24
6.843115e-22
1.088411e-19
1.459095e-17
1.676684e-15
1.668536e-13
1.437680e-11
1.049759e-09
5.994523e-08
2.090180e-06
3.399050e-05
3.227728e-04
2.051556e-03
9.541667e-03
3.457214e-02
1.023727e-01
2.570200e-01
5.587713e-01
2.102897e-39
2.279380e-39
2.575966e-39
3.037672e-39
3.739953e-39
4.808943e-39
6.458074e-39
9.055405e-39
1.324974e-38
2.021148e-38
3.210137e-38
5.299929e-38
9.077491e-38
1.609115e-37
2.944234e-37
5.544338e-37
1.072541e-36
2.972876e-36
4.864420e-34
2.149491e-31
7.424325e-29
2.007040e-26
4.335699e-24
7.661307e-22
1.132157e-19
1.426094e-17
1.553607e-15
1.475704e-13
1.219190e-11
8.550849e-10
4.682996e-08
1.570907e-06
2.564689e-05
2.494196e-04
1.641228e-03
7.942770e-03
2.998417e-02
9.240820e-02
2.409420e-01
5.420857e-01
2.506028e-36
2.689053e-36
2.991456e-36
3.451659e-36
4.131551e-36
5.129727e-36
6.603849e-36
8.808673e-36
1.216129e-35
1.735407e-35
2.555174e-35
3.873735e-35
6.032160e-35
9.621689e-35
1.567254e-34
2.598386e-34
4.369571e-34
7.452413e-34
2.361137e-33
3.926422e-31
1.139525e-28
2.693610e-26
5.217544e-24
8.426742e-22
1.155462e-19
1.366819e-17
1.411812e-15
1.280901e-13
1.016015e-11
6.858400e-10
3.613714e-08
1.172536e-06
1.926329e-05
1.920263e-04
1.308355e-03
6.589060e-03
2.592249e-02
8.318918e-02
2.254156e-01
5.253208e-01
1.845188e-33
1.961771e-33
2.151313e-33
2.433761e-33
2.840051e-33
3.417272e-33
4.236816e-33
5.407203e-33
7.094239e-33
9.552669e-33
1.317568e-32
1.857185e-32
2.668342e-32
3.896532e-32
5.765019e-32
8.612938e-32
1.294799e-31
1.951643e-31
2.963330e-31
1.148520e-30
1.737992e-28
3.559955e-26
6.161624e-24
9.076347e-22
1.153432e-19
1.280813e-17
1.254666e-15
1.088193e-13
8.298857e-12
5.403130e-10
2.747868e-08
8.669116e-07
1.436323e-05
1.469162e-04
1.036996e-03
5.436971e-03
2.230552e-02
7.460019e-02
2.102947e-01
5.083107e-01
8.962346e-31
9.448915e-31
1.022785e-30
1.136611e-30
1.296379e-30
1.516674e-30
1.818507e-30
2.232001e-30
2.800231e-30
3.584645e-30
4.672561e-30
6.187276e-30
8.301208e-30
1.125212e-29
1.536164e-29
2.105385e-29
2.886933e-29
3.946702e-29
5.360870e-29
7.335116e-29
3.551745e-28
4.629394e-26
7.117032e-24
9.542244e-22
1.122693e-19
1.169950e-17
1.087271e-15
9.023132e-14
6.626046e-12
4.170100e-10
2.053755e-08
6.331503e-07
1.060212e-05
1.114105e-04
8.153086e-04
4.453681e-03
1.907205e-02
6.655611e-02
1.954667e-01
4.909046e-01
3.027492e-28
3.167650e-28
3.388699e-28
3.705863e-28
4.141098e-28
4.725046e-28
5.499688e-28
6.521821e-28
7.867485e-28
9.637352e-28
1.196292e-27
1.501296e-27
1.899919e-27
2.417905e-27
3.085275e-27
3.935016e-27
5.000259e-27
6.309463e-27
7.879332e-27
9.707908e-27
1.213586e-26
7.251606e-26
8.029757e-24
9.760905e-22
1.062186e-19
1.038557e-17
9.160425e-16
7.281416e-14
5.156919e-12
3.144429e-10
1.504701e-08
4.554819e-07
7.725187e-06
8.351499e-05
6.343347e-04
3.614171e-03
1.617645e-02
5.899662e-02
1.808474e-01
4.729630e-01
7.424279e-26
7.714881e-26
8.166548e-26
8.803563e-26
9.659654e-26
1.077986e-25
1.222275e-25
1.406294e-25
1.639347e-25
1.932786e-25
2.300070e-25
2.756589e-25
3.319058e-25
4.004301e-25
4.827183e-25
5.797534e-25
6.916025e-25
8.169242e-25
9.524631e-25
1.092646e-24
1.229969e-24
1.425000e-24
1.021904e-23
9.698334e-22
9.737397e-20
8.931410e-18
7.480527e-16
5.701352e-14
3.900763e-12
2.309842e-10
1.077618e-08
3.217702e-07
5.539931e-06
6.171142e-05
4.871510e-04
2.899083e-03
1.358492e-02
5.188205e-02
1.663790e-01
4.543537e-01
1.368683e-23
1.413550e-23
1.482281e-23
1.577651e-23
1.703352e-23
1.864081e-23
2.065597e-23
2.314726e-23
2.619276e-23
2.987784e-23
3.429012e-23
3.951119e-23
4.560387e-23
5.259459e-23
6.045090e-23
6.905552e-23
7.818028e-23
8.746551e-23
9.641249e-23
1.043977e-22
1.107166e-22
1.147420e-22
1.248924e-22
1.041845e-21
8.631987e-20
7.417324e-18
5.902049e-16
4.317916e-14
2.858787e-12
1.647922e-10
7.520840e-09
2.224962e-07
3.897666e-06
4.481604e-05
3.682758e-04
2.293107e-03
1.127256e-02
4.518996e-02
1.520277e-01
4.349496e-01
1.951528e-21
2.004541e-21
2.084574e-21
2.193903e-21
2.335397e-21
2.512475e-21
2.729004e-21
2.989098e-21
3.296807e-21
3.655622e-21
4.067790e-21
4.533384e-21
5.049163e-21
5.607262e-21
6.193863e-21
6.788100e-21
7.361512e-21
7.878480e-21
8.298035e-21
8.577271e-21
8.676331e-21
8.564567e-21
8.235710e-21
8.524563e-21
8.039142e-20
5.934414e-18
4.484046e-16
3.152443e-14
2.023199e-12
1.138068e-10
5.098188e-09
1.500671e-07
2.681226e-06
3.188374e-05
2.732473e-04
1.783771e-03
9.220933e-03
3.891225e-02
1.377834e-01
4.146255e-01
2.202266e-19
2.251260e-19
2.324125e-19
2.422155e-19
2.546833e-19
2.699733e-19
2.882338e-19
3.095804e-19
3.340616e-19
3.616158e-19
3.920170e-19
4.248140e-19
4.592663e-19
4.942872e-19
5.284064e-19
5.597708e-19
5.862012e-19
6.053208e-19
6.147643e-19
6.124573e-19
5.969371e-19
5.676649e-19
5.252685e-19
4.723467e-19
4.697236e-19
4.887477e-18
3.271260e-16
2.210655e-14
1.377658e-12
7.580569e-11
3.344489e-09
9.835168e-08
1.796717e-06
2.214312e-05
1.983269e-04
1.360516e-03
7.415991e-03
3.305260e-02
1.236593e-01
3.932563e-01
2.003510e-17
2.039539e-17
2.092283e-17
2.162166e-17
2.249547e-17
2.354621e-17
2.477276e-17
2.616911e-17
2.772214e-17
2.940899e-17
3.119431e-17
3.302753e-17
3.484077e-17
3.654787e-17
3.804546e-17
3.921662e-17
3.993799e-17
4.009032e-17
3.957213e-17
3.831502e-17
3.629836e-17
3.356049e-17
3.020308e-17
2.638720e-17
2.236265e-17
2.154409e-17
2.419870e-16
1.484052e-14
8.989511e-13
4.850407e-11
2.114635e-09
6.237029e-08
1.168033e-06
1.495309e-05
1.402949e-04
1.013993e-03
5.846293e-03
2.762387e-02
1.096920e-01
3.707145e-01
1.490727e-15
1.512085e-15
1.542820e-15
1.582904e-15
1.632171e-15
1.690257e-15
1.756517e-15
1.829934e-15
1.909010e-15
1.991657e-15
2.075099e-15
2.155803e-15
2.229461e-15
2.291062e-15
2.335070e-15
2.355742e-15
2.347581e-15
2.305923e-15
2.227586e-15
2.111511e-15
1.959278e-15
1.775359e-15
1.567018e-15
1.343785e-15
1.116575e-15
8.986445e-16
8.439551e-16
9.987955e-15
5.598747e-13
2.967494e-11
1.282649e-09
3.808902e-08
7.332221e-07
9.774687e-06
9.631541e-05
7.355570e-04
4.501426e-03
2.264556e-02
9.594277e-02
3.468690e-01
9.170010e-14
9.273025e-14
9.418449e-14
9.604912e-14
9.829977e-14
1.008986e-13
1.037911e-13
1.069022e-13
1.101329e-13
1.133568e-13
1.164182e-13
1.191321e-13
1.212869e-13
1.226518e-13
1.229882e-13
1.220665e-13
1.196880e-13
1.157089e-13
1.100657e-13
1.027969e-13
9.405683e-14
8.411743e-14
7.335504e-14
6.222116e-14
5.120002e-14
4.075962e-14
3.138907e-14
2.883188e-14
3.467133e-13
1.727600e-11
7.423006e-10
2.227640e-08
4.420571e-07
6.153204e-06
6.385548e-05
5.169256e-04
3.370652e-03
1.814104e-02
8.249784e-02
3.215822e-01
4.697907e-12
4.738584e-12
4.794738e-12
4.865369e-12
4.948914e-12
5.043152e-12
5.145103e-12
5.250920e-12
5.355801e-12
5.453934e-12
5.538500e-12
5.601778e-12
5.635352e-12
5.630482e-12
5.578621e-12
5.472098e-12
5.304912e-12
5.073588e-12
4.777982e-12
4.421904e-12
4.013419e-12
3.564712e-12
3.091415e-12
2.611429e-12
2.143332e-12
1.704572e-12
1.309788e-12
9.724187e-13
8.720207e-13
9.956869e-12
4.074764e-10
1.239521e-08
2.543299e-07
3.707229e-06
4.064386e-05
3.499841e-04
2.441774e-03
1.413446e-02
6.947018e-02
2.947099e-01
2.012517e-10
2.025712e-10
2.043441e-10
2.065237e-10
2.090405e-10
2.117999e-10
2.146801e-10
2.175294e-10
2.201654e-10
2.223750e-10
2.239166e-10
2.245259e-10
2.239250e-10
2.218360e-10
2.179987e-10
2.121928e-10
2.042623e-10
1.941404e-10
1.818722e-10
1.676306e-10
1.517225e-10
1.345812e-10
1.167440e-10
9.881432e-11
8.141251e-11
6.512017e-11
5.042632e-11
3.768511e-11
2.717639e-11
2.352716e-11
2.222012e-10
6.515925e-09
1.385422e-07
2.121636e-06
2.465852e-05
2.267322e-04
1.700278e-03
1.064742e-02
5.700091e-02
2.661014e-01
7.212583e-09
7.247806e-09
7.293562e-09
7.348218e-09
7.409425e-09
7.474071e-09
7.538240e-09
7.597185e-09
7.645327e-09
7.676308e-09
7.683093e-09
7.658166e-09
7.593813e-09
7.482510e-09
7.317416e-09
7.092951e-09
6.805430e-09
6.453690e-09
6.039652e-09
5.568709e-09
5.049876e-09
4.495601e-09
3.921202e-09
3.343921e-09
2.781671e-09
2.251582e-09
1.768532e-09
1.343870e-09
9.845691e-10
6.949679e-10
5.664965e-10
3.488976e-09
7.091079e-08
1.142451e-06
1.413115e-05
1.393469e-04
1.128801e-03
7.695125e-03
4.526116e-02
2.356055e-01
2.155155e-07
2.162911e-07
2.172558e-07
2.183654e-07
2.195578e-07
2.207519e-07
2.218476e-07
2.227251e-07
2.232465e-07
2.232566e-07
2.225865e-07
2.210582e-07
2.184912e-07
2.147115e-07
2.095623e-07
2.029166e-07
1.946907e-07
1.848580e-07
1.734610e-07
1.606208e-07
1.465413e-07
1.315075e-07
1.158751e-07
1.000535e-07
8.447970e-08
6.958802e-08
5.577629e-08
4.337406e-08
3.261621e-08
2.362719e-08
1.645604e-08
1.231429e-08
4.021735e-08
5.753408e-07
7.560477e-06
8.034308e-05
7.069885e-04
5.282084e-03
3.445383e-02
2.030901e-01
5.325767e-06
5.339959e-06
5.356646e-06
5.374896e-06
5.393415e-06
5.410536e-06
5.424221e-06
5.432061e-06
5.431304e-06
5.418884e-06
5.391485e-06
5.345629e-06
5.277795e-06
5.184575e-06
5.062858e-06
4.910054e-06
4.724330e-06
4.504851e-06
4.252017e-06
3.967655e-06
3.655143e-06
3.319445e-06
2.967017e-06
2.605590e-06
2.243796e-06
1.890680e-06
1.555110e-06
1.245150e-06
9.674533e-07
7.267586e-07
5.255657e-07
3.645224e-07
2.540875e-07
4.097264e-07
3.796840e-06
4.283782e-05
4.118604e-04
3.397305e-03
2.481314e-02
1.685075e-01
1.072998e-04
1.075198e-04
1.077612e-04
1.080086e-04
1.082413e-04
1.084327e-04
1.085506e-04
1.085572e-04
1.084092e-04
1.080588e-04
1.074539e-04
1.065401e-04
1.052616e-04
1.035633e-04
1.013936e-04
9.870719e-05
9.546793e-05
9.165273e-05
8.725482e-05
8.228701e-05
7.678442e-05
7.080619e-05
6.443606e-05
5.778118e-05
5.096926e-05
4.414355e-05
3.745608e-05
3.105924e-05
2.509637e-05
1.969207e-05
1.494319e-05
1.091180e-05
7.624890e-06
5.153786e-06
4.770578e-06
2.238477e-05
2.195431e-04
2.009675e-03
1.659448e-02
1.320902e-01
1.721952e-03
1.724935e-03
1.727961e-03
1.730852e-03
1.733363e-03
1.735186e-03
1.735942e-03
1.735189e-03
1.732421e-03
1.727074e-03
1.718534e-03
1.706146e-03
1.689231e-03
1.667101e-03
1.639083e-03
1.604544e-03
1.562924e-03
1.513768e-03
1.456762e-03
1.391774e-03
1.318888e-03
1.238439e-03
1.151039e-03
1.057593e-03
9.593043e-04
8.576589e-04
7.543958e-04
6.514525e-04
5.508912e-04
4.548052e-04
3.652102e-04
2.839249e-04
2.124512e-04
1.518856e-04
1.032649e-04
7.335436e-05
1.396710e-04
1.081313e-03
1.004397e-02
9.486840e-02
2.118697e-02
2.122201e-02
2.125487e-02
2.128441e-02
2.130891e-02
2.132609e-02
2.133307e-02
2.132641e-02
2.130215e-02
2.125579e-02
2.118239e-02
2.107658e-02
2.093266e-02
2.074465e-02
2.050644e-02
2.021191e-02
1.985508e-02
1.943031e-02
1.893253e-02
1.835744e-02
1.770181e-02
1.696376e-02
1.614302e-02
1.524124e-02
1.426225e-02
1.321233e-02
1.210034e-02
1.093793e-02
9.739492e-03
8.522171e-03
7.305625e-03
6.111746e-03
4.964220e-03
3.887990e-03
2.908715e-03
2.053853e-03
1.377555e-03
1.262735e-03
5.669295e-03
5.974035e-02
1.866686e-01
1.869463e-01
1.871853e-01
1.873899e-01
1.875582e-01
1.876840e-01
1.877577e-01
1.877669e-01
1.876964e-01
1.875286e-01
1.872434e-01
1.868185e-01
1.862292e-01
1.854490e-01
1.844491e-01
1.831991e-01
1.816666e-01
1.798178e-01
1.776175e-01
1.750296e-01
1.720169e-01
1.685422e-01
1.645679e-01
1.600572e-01
1.549744e-01
1.492857e-01
1.429599e-01
1.359692e-01
1.282908e-01
1.199075e-01
1.108096e-01
1.009962e-01
9.047742e-02
7.927842e-02
6.744671e-02
5.507418e-02
4.236531e-02
2.990013e-02
2.039173e-02
4.013969e-02
