2.000000e-06
1.999959e-06
1.209533e-06
8.376566e-07
6.339760e-07
5.083569e-07
4.237940e-07
3.631071e-07
3.174266e-07
2.817564e-07
2.530780e-07
2.294620e-07
2.096176e-07
1.926477e-07
1.779087e-07
1.649262e-07
1.533419e-07
1.428795e-07
1.333217e-07
1.244943e-07
1.162551e-07
1.084856e-07
1.010849e-07
9.396412e-08
8.704182e-08
8.023891e-08
7.347200e-08
6.664317e-08
5.962146e-08
5.220453e-08
4.402841e-08
3.432824e-08
2.125733e-08
3.040419e-09
2.675289e-09
-9.083196e-09
-4.263577e-09
-2.776113e-09
-1.881425e-09
-9.775600e-10
0.000000e+00
-0.000000e+00
7.907213e-07
7.907362e-07
6.693847e-07
5.558836e-07
4.672852e-07
3.999091e-07
3.480949e-07
3.074123e-07
2.747617e-07
2.480132e-07
2.256886e-07
2.067416e-07
1.904154e-07
1.761511e-07
1.635270e-07
1.522191e-07
1.419742e-07
1.325906e-07
1.239054e-07
1.157847e-07
1.081164e-07
1.008045e-07
9.376518e-08
8.692203e-08
8.020256e-08
7.353361e-08
6.683575e-08
6.001644e-08
5.296352e-08
4.555255e-08
3.773523e-08
3.001520e-08
2.434147e-08
6.453234e-09
4.956058e-09
-1.206457e-09
-1.311526e-09
-1.792915e-09
-1.035881e-09
0.000000e+00
-0.000000e+00
3.719256e-07
4.932587e-07
4.932359e-07
4.528725e-07
4.049818e-07
3.604561e-07
3.219474e-07
2.893635e-07
2.618629e-07
2.385233e-07
2.185366e-07
2.012439e-07
1.861208e-07
1.727528e-07
1.608111e-07
1.500332e-07
1.402072e-07
1.311609e-07
1.227519e-07
1.148619e-07
1.073904e-07
1.002515e-07
9.336993e-08
8.667843e-08
8.011561e-08
7.362403e-08
6.714972e-08
6.064498e-08
5.408050e-08
4.748298e-08
4.103643e-08
3.530354e-08
3.055394e-08
2.254436e-08
1.386501e-08
2.689293e-09
-2.125921e-11
-2.460492e-09
-1.312845e-09
0.000000e+00
-0.000000e+00
2.036551e-07
3.171104e-07
3.574141e-07
3.573799e-07
3.393072e-07
3.149819e-07
2.898719e-07
2.662291e-07
2.448014e-07
2.256791e-07
2.086897e-07
1.935758e-07
1.800705e-07
1.679277e-07
1.569311e-07
1.468948e-07
1.376604e-07
1.290934e-07
1.210794e-07
1.135202e-07
1.063318e-07
9.944111e-08
9.278444e-08
8.630605e-08
7.995732e-08
7.369709e-08
6.749405e-08
6.133319e-08
5.523049e-08
4.926234e-08
4.361607e-08
3.863912e-08
3.424112e-08
2.848591e-08
2.218460e-08
1.301443e-08
2.672133e-09
-2.675229e-09
-1.388738e-09
0.000000e+00
-0.000000e+00
1.255639e-07
2.140999e-07
2.619214e-07
2.799200e-07
2.798812e-07
2.702892e-07
2.563269e-07
2.408778e-07
2.254334e-07
2.107010e-07
1.969666e-07
1.842983e-07
1.726571e-07
1.619560e-07
1.520905e-07
1.429542e-07
1.344459e-07
1.264729e-07
1.189516e-07
1.118077e-07
1.049753e-07
9.839649e-08
9.202056e-08
8.580391e-08
7.971043e-08
7.371287e-08
6.779611e-08
6.196319e-08
5.624585e-08
5.071975e-08
4.552010e-08
4.083315e-08
3.652964e-08
3.156288e-08
2.576998e-08
1.809398e-08
6.996102e-09
3.033810e-09
9.050354e-10
0.000000e+00
-0.000000e+00
8.449307e-08
1.517967e-07
1.962466e-07
2.204936e-07
2.300054e-07
2.299648e-07
2.242671e-07
2.155205e-07
2.053520e-07
1.947240e-07
1.841768e-07
1.739932e-07
1.643032e-07
1.551482e-07
1.465203e-07
1.383853e-07
1.306959e-07
1.234004e-07
1.164463e-07
1.097835e-07
1.033651e-07
9.714887e-08
9.109726e-08
8.517850e-08
7.936751e-08
7.364779e-08
6.801424e-08
6.247754e-08
5.706990e-08
5.185064e-08
4.690685e-08
4.233517e-08
3.804021e-08
3.342145e-08
2.813919e-08
2.192447e-08
1.520790e-08
6.321981e-09
9.219102e-10
0.000000e+00
-0.000000e+00
6.060859e-08
1.123434e-07
1.507715e-07
1.757999e-07
1.896801e-07
1.952957e-07
1.952547e-07
1.915841e-07
1.857294e-07
1.786654e-07
1.710227e-07
1.631941e-07
1.554138e-07
1.478130e-07
1.404571e-07
1.333703e-07
1.265519e-07
1.199862e-07
1.136496e-07
1.075146e-07
1.015527e-07
9.573648e-08
9.004101e-08
8.444520e-08
7.893325e-08
7.349646e-08
6.813545e-08
6.286278e-08
5.770550e-08
5.270599e-08
4.791826e-08
4.339344e-08
3.907250e-08
3.460195e-08
2.965892e-08
2.411902e-08
1.817491e-08
1.198371e-08
1.873826e-09
0.000000e+00
-0.000000e+00
4.559639e-08
8.619466e-08
1.186941e-07
1.422526e-07
1.576180e-07
1.662818e-07
1.698710e-07
1.698311e-07
1.673153e-07
1.631849e-07
1.580540e-07
1.523462e-07
1.463445e-07
1.402326e-07
1.341244e-07
1.280868e-07
1.221549e-07
1.163428e-07
1.106512e-07
1.050724e-07
9.959443e-08
9.420322e-08
8.888500e-08
8.362794e-08
7.842373e-08
7.326927e-08
6.816823e-08
6.313256e-08
5.818326e-08
5.334948e-08
4.866457e-08
4.415647e-08
3.979007e-08
3.534921e-08
3.055427e-08
2.523738e-08
1.933644e-08
1.251147e-08
4.297457e-09
0.000000e+00
-0.000000e+00
3.558147e-08
6.814364e-08
9.555637e-08
1.168972e-07
1.322564e-07
1.423417e-07
1.481156e-07
1.505531e-07
1.505154e-07
1.487043e-07
1.456618e-07
1.417917e-07
1.373853e-07
1.326481e-07
1.277208e-07
1.226973e-07
1.176379e-07
1.125788e-07
1.075397e-07
1.025293e-07
9.754927e-08
9.259685e-08
8.766774e-08
8.275772e-08
7.786439e-08
7.298857e-08
6.813557e-08
6.331591e-08
5.854543e-08
5.384403e-08
4.923252e-08
4.472667e-08
4.030512e-08
3.583074e-08
3.107551e-08
2.585357e-08
2.008224e-08
1.368842e-08
7.116595e-09
0.000000e+00
-0.000000e+00
2.858536e-08
5.524135e-08
7.848971e-08
9.752266e-08
1.121681e-07
1.227123e-07
1.296959e-07
1.337499e-07
1.354886e-07
1.354545e-07
1.340970e-07
1.317731e-07
1.287568e-07
1.252533e-07
1.214131e-07
1.173437e-07
1.131205e-07
1.087945e-07
1.043993e-07
9.995589e-08
9.547632e-08
9.096708e-08
8.643128e-08
8.187073e-08
7.728744e-08
7.268500e-08
6.806949e-08
6.345000e-08
5.883847e-08
5.424862e-08
4.969375e-08
4.518308e-08
4.070312e-08
3.616423e-08
3.138693e-08
2.618805e-08
2.047188e-08
1.417094e-08
7.257446e-09
0.000000e+00
-0.000000e+00
2.351834e-08
4.574622e-08
6.563794e-08
8.253503e-08
9.618051e-08
1.066429e-07
1.142055e-07
1.192614e-07
1.222342e-07
1.235276e-07
1.234984e-07
1.224466e-07
1.206150e-07
1.181952e-07
1.153344e-07
1.121438e-07
1.087056e-07
1.050792e-07
1.013071e-07
9.741844e-08
9.343296e-08
8.936375e-08
8.521950e-08
8.100638e-08
7.672957e-08
7.239442e-08
6.800732e-08
6.357607e-08
5.910979e-08
5.461816e-08
5.011004e-08
4.559116e-08
4.105291e-08
3.643547e-08
3.160010e-08
2.637689e-08
2.065743e-08
1.436264e-08
7.359000e-09
0.000000e+00
-0.000000e+00
1.974157e-08
3.858696e-08
5.578044e-08
7.079861e-08
8.337556e-08
9.347304e-08
1.012215e-07
1.068557e-07
1.106590e-07
1.129231e-07
1.139223e-07
1.138996e-07
1.130614e-07
1.115779e-07
1.095854e-07
1.071914e-07
1.044786e-07
1.015097e-07
9.833135e-08
9.497769e-08
9.147323e-08
8.783537e-08
8.407649e-08
8.020564e-08
7.622996e-08
7.215574e-08
6.798924e-08
6.373711e-08
5.940639e-08
5.500412e-08
5.053655e-08
4.600769e-08
4.141242e-08
3.671058e-08
3.179643e-08
2.651913e-08
2.076554e-08
1.445964e-08
7.457891e-09
0.000000e+00
-0.000000e+00
1.686083e-08
3.307943e-08
4.809799e-08
6.150314e-08
7.304980e-08
8.265185e-08
9.035154e-08
9.628055e-08
1.006226e-07
1.035833e-07
1.053679e-07
1.061678e-07
1.061530e-07
1.054692e-07
1.042378e-07
1.025577e-07
1.005076e-07
9.814945e-08
9.553080e-08
9.268765e-08
8.964680e-08
8.642793e-08
8.304538e-08
7.950967e-08
7.582881e-08
7.200926e-08
6.805673e-08
6.397668e-08
5.977449e-08
5.545535e-08
5.102394e-08
4.648364e-08
4.183212e-08
3.704302e-08
3.203708e-08
2.668500e-08
2.087609e-08
1.454336e-08
7.549524e-09
0.000000e+00
-0.000000e+00
1.462225e-08
2.877180e-08
4.202877e-08
5.406597e-08
6.466842e-08
7.373282e-08
8.125205e-08
8.729214e-08
9.196758e-08
9.541943e-08
9.779801e-08
9.925055e-08
9.991348e-08
9.990807e-08
9.933888e-08
9.829368e-08
9.684458e-08
9.504962e-08
9.295466e-08
9.059522e-08
8.799831e-08
8.518409e-08
8.216734e-08
7.895880e-08
7.556630e-08
7.199570e-08
6.825170e-08
6.433835e-08
6.025947e-08
5.601879e-08
5.161993e-08
4.706617e-08
4.235760e-08
3.747807e-08
3.236962e-08
2.692458e-08
2.103910e-08
1.465556e-08
7.645838e-09
0.000000e+00
-0.000000e+00
1.285631e-08
2.535664e-08
3.717921e-08
4.806339e-08
5.782496e-08
6.635878e-08
7.363156e-08
7.966822e-08
8.453594e-08
8.832869e-08
9.115402e-08
9.312282e-08
9.434215e-08
9.491061e-08
9.491585e-08
9.443352e-08
9.352733e-08
9.224972e-08
9.064292e-08
8.874019e-08
8.656708e-08
8.414272e-08
8.148103e-08
7.859183e-08
7.548181e-08
7.215549e-08
6.861595e-08
6.486550e-08
6.090621e-08
5.674035e-08
5.237062e-08
4.780032e-08
4.303165e-08
3.805631e-08
3.283357e-08
2.727604e-08
2.128911e-08
1.482341e-08
7.761612e-09
0.000000e+00
-0.000000e+00
1.144631e-08
2.261917e-08
3.326793e-08
4.318334e-08
5.220912e-08
6.024568e-08
6.724707e-08
7.321313e-08
7.817917e-08
8.220528e-08
8.536645e-08
8.774446e-08
8.942160e-08
9.047630e-08
9.098031e-08
9.099714e-08
9.058142e-08
8.977894e-08
8.862706e-08
8.715548e-08
8.538702e-08
8.333861e-08
8.102219e-08
7.844562e-08
7.561359e-08
7.252846e-08
6.919107e-08
6.560143e-08
6.175949e-08
5.766573e-08
5.332171e-08
4.873059e-08
4.389625e-08
3.881649e-08
3.346463e-08
2.777171e-08
2.165351e-08
1.506789e-08
7.910065e-09
0.000000e+00
-0.000000e+00
1.030972e-08
2.040574e-08
3.008994e-08
3.919286e-08
4.758242e-08
5.516766e-08
6.189784e-08
6.775796e-08
7.276225e-08
7.694672e-08
8.036198e-08
8.306690e-08
8.512342e-08
8.659261e-08
8.753189e-08
8.799325e-08
8.802222e-08
8.765749e-08
8.693086e-08
8.586758e-08
8.448687e-08
8.280248e-08
8.082345e-08
7.855482e-08
7.599842e-08
7.315367e-08
7.001838e-08
6.658963e-08
6.286457e-08
5.884131e-08
5.451978e-08
4.990249e-08
4.499436e-08
3.979798e-08
3.429810e-08
2.844230e-08
2.215729e-08
1.540763e-08
8.102846e-09
0.000000e+00
-0.000000e+00
9.386824e-09
1.860410e-08
2.749319e-08
3.591568e-08
4.375998e-08
5.094465e-08
5.741859e-08
6.315858e-08
6.816510e-08
7.245731e-08
7.606779e-08
7.903769e-08
8.141252e-08
8.323877e-08
8.456133e-08
8.542169e-08
8.585670e-08
8.589790e-08
8.557126e-08
8.489709e-08
8.389035e-08
8.256095e-08
8.091427e-08
7.895176e-08
7.667157e-08
7.406937e-08
7.113913e-08
6.787410e-08
6.426781e-08
6.031514e-08
5.601352e-08
5.136402e-08
4.637182e-08
4.104296e-08
3.537156e-08
2.931996e-08
2.282615e-08
1.586126e-08
8.351015e-09
0.000000e+00
-0.000000e+00
8.633451e-09
1.713062e-08
2.536301e-08
3.321665e-08
4.059711e-08
4.743234e-08
5.367327e-08
5.929261e-08
6.428221e-08
6.864958e-08
7.241415e-08
7.560352e-08
7.825017e-08
8.038858e-08
8.205296e-08
8.327545e-08
8.408494e-08
8.450614e-08
8.455914e-08
8.425915e-08
8.361647e-08
8.263667e-08
8.132091e-08
7.966634e-08
7.766671e-08
7.531307e-08
7.259464e-08
6.949982e-08
6.601739e-08
6.213789e-08
5.785505e-08
5.316736e-08
4.807913e-08
4.259853e-08
3.672723e-08
3.044082e-08
2.368879e-08
1.644921e-08
8.666104e-09
0.000000e+00
-0.000000e+00
8.016344e-09
1.592191e-08
2.361157e-08
3.099078e-08
3.797947e-08
4.451429e-08
5.054950e-08
5.605636e-08
6.102153e-08
6.544465e-08
6.933567e-08
7.271204e-08
7.559604e-08
7.801242e-08
7.998644e-08
8.154221e-08
8.270144e-08
8.348256e-08
8.390001e-08
8.396388e-08
8.367968e-08
8.304834e-08
8.206634e-08
8.072597e-08
7.901585e-08
7.692156e-08
7.442653e-08
7.151312e-08
6.816404e-08
6.436396e-08
6.010136e-08
5.537059e-08
5.017354e-08
4.451901e-08
3.841448e-08
3.184740e-08
2.477915e-08
1.719545e-08
9.061116e-09
0.000000e+00
-0.000000e+00
7.510004e-09
1.492910e-08
2.217054e-08
2.915543e-08
3.581567e-08
4.209584e-08
4.795406e-08
5.336181e-08
5.830287e-08
6.277179e-08
6.677184e-08
7.031293e-08
7.340951e-08
7.607862e-08
7.833817e-08
8.020549e-08
8.169606e-08
8.282265e-08
8.359445e-08
8.401666e-08
8.409003e-08
8.381068e-08
8.317013e-08
8.215534e-08
8.074915e-08
7.893079e-08
7.667678e-08
7.396208e-08
7.076169e-08
6.705253e-08
6.281581e-08
5.803959e-08
5.272132e-08
4.686847e-08
4.049246e-08
3.359132e-08
2.613871e-08
1.812925e-08
9.551583e-09
0.000000e+00
-0.000000e+00
7.094565e-09
1.411395e-08
2.098606e-08
2.764473e-08
3.403192e-08
4.009933e-08
4.580910e-08
5.113393e-08
5.605637e-08
6.056781e-08
6.466697e-08
6.835833e-08
7.165045e-08
7.455437e-08
7.708215e-08
7.924550e-08
8.105469e-08
8.251751e-08
8.363851e-08
8.441830e-08
8.485308e-08
8.493424e-08
8.464815e-08
8.397613e-08
8.289462e-08
8.137568e-08
7.938771e-08
7.689675e-08
7.386810e-08
7.026867e-08
6.606973e-08
6.125026e-08
5.580046e-08
4.972385e-08
4.303349e-08
3.573653e-08
2.781943e-08
1.928743e-08
1.015678e-08
0.000000e+00
-0.000000e+00
6.754306e-09
1.344605e-08
2.001503e-08
2.640550e-08
3.256797e-08
3.846045e-08
4.404910e-08
4.930843e-08
5.422088e-08
5.877612e-08
6.296992e-08
6.680298e-08
7.027960e-08
7.340629e-08
7.619056e-08
7.863971e-08
8.075970e-08
8.255421e-08
8.402378e-08
8.516497e-08
8.596978e-08
8.642507e-08
8.651213e-08
8.620641e-08
8.547756e-08
8.428961e-08
8.260167e-08
8.036910e-08
7.754532e-08
7.408434e-08
6.994416e-08
6.509098e-08
5.950388e-08
5.317877e-08
4.612722e-08
3.836354e-08
2.988748e-08
2.071718e-08
1.090132e-08
0.000000e+00
-0.000000e+00
6.476604e-09
1.290093e-08
1.922250e-08
2.539427e-08
3.137403e-08
3.712540e-08
4.261844e-08
4.782982e-08
5.274263e-08
5.734587e-08
6.163362e-08
6.560411e-08
6.925869e-08
7.260064e-08
7.563413e-08
7.836309e-08
8.079020e-08
8.291590e-08
8.473744e-08
8.624804e-08
8.743604e-08
8.828417e-08
8.876890e-08
8.885987e-08
8.851963e-08
8.770355e-08
8.636028e-08
8.443271e-08
8.185977e-08
7.857923e-08
7.453161e-08
6.966541e-08
6.394332e-08
5.734840e-08
4.988618e-08
4.157515e-08
3.242848e-08
2.248011e-08
1.181729e-08
0.000000e+00
-0.000000e+00
6.251180e-09
1.245857e-08
1.857977e-08
2.457505e-08
3.040849e-08
3.604870e-08
4.146945e-08
4.664979e-08
5.157399e-08
5.623114e-08
6.061459e-08
6.472120e-08
6.855044e-08
7.210349e-08
7.538226e-08
7.838836e-08
8.112217e-08
8.358179e-08
8.576210e-08
8.765376e-08
8.924221e-08
9.050673e-08
9.141947e-08
9.194459e-08
9.203757e-08
9.164474e-08
9.070324e-08
8.914173e-08
8.688188e-08
8.384124e-08
7.993768e-08
7.509559e-08
6.925403e-08
6.237568e-08
5.445313e-08
4.550424e-08
3.555475e-08
2.465789e-08
1.294742e-08
0.000000e+00
-0.000000e+00
6.069548e-09
1.210240e-08
1.806295e-08
2.391771e-08
2.963617e-08
3.519149e-08
4.056089e-08
4.572593e-08
5.067241e-08
5.539013e-08
5.987244e-08
6.411568e-08
6.811841e-08
7.188067e-08
7.540309e-08
7.868597e-08
8.172836e-08
8.452703e-08
8.707546e-08
8.936273e-08
9.137236e-08
9.308112e-08
9.445771e-08
9.546151e-08
9.604140e-08
9.613464e-08
9.566629e-08
9.454916e-08
9.268483e-08
8.996625e-08
8.628232e-08
8.152518e-08
7.560033e-08
6.843924e-08
6.001104e-08
5.032478e-08
3.941593e-08
2.736070e-08
1.434971e-08
0.000000e+00
-0.000000e+00
5.924615e-09
1.181853e-08
1.765193e-08
2.339668e-08
2.902703e-08
3.452020e-08
3.985672e-08
4.502067e-08
4.999963e-08
5.478456e-08
5.936942e-08
6.375071e-08
6.792690e-08
7.189775e-08
7.566351e-08
7.922413e-08
8.257832e-08
8.572256e-08
8.865003e-08
9.134939e-08
9.380347e-08
9.598775e-08
9.786880e-08
9.940244e-08
1.005320e-07
1.011862e-07
1.012782e-07
1.007039e-07
9.934212e-08
9.705669e-08
9.370027e-08
8.912246e-08
8.318197e-08
7.576349e-08
6.679649e-08
5.626742e-08
4.421449e-08
3.073993e-08
1.610458e-08
0.000000e+00
-0.000000e+00
5.810380e-09
1.159519e-08
1.732958e-08
2.299006e-08
2.855509e-08
3.400558e-08
3.932515e-08
4.450042e-08
4.952092e-08
5.437910e-08
5.906999e-08
6.359087e-08
6.794079e-08
7.211996e-08
7.612913e-08
7.996878e-08
8.363829e-08
8.713494e-08
9.045279e-08
9.358143e-08
9.650444e-08
9.919771e-08
1.016274e-07
1.037476e-07
1.054978e-07
1.068002e-07
1.075566e-07
1.076461e-07
1.069232e-07
1.052182e-07
1.023397e-07
9.808247e-08
9.224096e-08
8.463109e-08
7.511792e-08
6.364197e-08
5.022920e-08
3.500787e-08
1.832618e-08
0.000000e+00
-0.000000e+00
5.721713e-09
1.142228e-08
1.708115e-08
2.267889e-08
2.819773e-08
3.362189e-08
3.893794e-08
4.413495e-08
4.920458e-08
5.414098e-08
5.894063e-08
6.360206e-08
6.812547e-08
7.251223e-08
7.676433e-08
8.088365e-08
8.487120e-08
8.872618e-08
9.244485e-08
9.601917e-08
9.943525e-08
1.026714e-07
1.056956e-07
1.084628e-07
1.109117e-07
1.129603e-07
1.145021e-07
1.154007e-07
1.154866e-07
1.145534e-07
1.123582e-07
1.086268e-07
1.030679e-07
9.539794e-08
8.538012e-08
7.286991e-08
5.785091e-08
4.046919e-08
2.118094e-08
0.000000e+00
-0.000000e+00
5.654193e-09
1.129108e-08
1.689385e-08
2.244666e-08
2.793506e-08
3.334633e-08
3.866978e-08
4.389691e-08
4.902152e-08
5.403965e-08
5.894953e-08
6.375132e-08
6.844686e-08
7.303924e-08
7.753237e-08
8.193035e-08
8.623676e-08
9.045383e-08
9.458133e-08
9.861525e-08
1.025461e-07
1.063570e-07
1.100208e-07
1.134966e-07
1.167260e-07
1.196276e-07
1.220907e-07
1.239684e-07
1.250694e-07
1.251508e-07
1.239129e-07
1.209990e-07
1.160057e-07
1.085096e-07
9.811641e-08
8.453186e-08
6.763869e-08
4.757260e-08
2.491897e-08
0.000000e+00
-0.000000e+00
5.603983e-09
1.119400e-08
1.675652e-08
2.227886e-08
2.774954e-08
3.315862e-08
3.849797e-08
4.376144e-08
4.894497e-08
5.404663e-08
5.906657e-08
6.400690e-08
6.887146e-08
7.366557e-08
7.839564e-08
8.306868e-08
8.769175e-08
9.227115e-08
9.681150e-08
1.013145e-07
1.057772e-07
1.101900e-07
1.145340e-07
1.187769e-07
1.228682e-07
1.267334e-07
1.302650e-07
1.333129e-07
1.356719e-07
1.370678e-07
1.371439e-07
1.354507e-07
1.314461e-07
1.245161e-07
1.140292e-07
9.943639e-08
8.040912e-08
5.699884e-08
2.992992e-08
0.000000e+00
-0.000000e+00
5.567739e-09
1.112443e-08
1.665940e-08
2.216274e-08
2.762564e-08
3.304068e-08
3.840209e-08
4.370595e-08
4.895033e-08
5.413538e-08
5.926329e-08
6.433830e-08
6.936658e-08
7.435602e-08
7.931601e-08
8.425708e-08
8.919050e-08
9.412762e-08
9.907915e-08
1.040541e-07
1.090581e-07
1.140921e-07
1.191486e-07
1.242088e-07
1.292369e-07
1.341730e-07
1.389233e-07
1.433467e-07
1.472379e-07
1.503050e-07
1.521446e-07
1.522142e-07
1.498123e-07
1.440780e-07
1.340362e-07
1.187182e-07
9.738059e-08
6.981560e-08
3.684720e-08
0.000000e+00
-0.000000e+00
5.542550e-09
1.107658e-08
1.659391e-08
2.208708e-08
2.754963e-08
3.297639e-08
3.836378e-08
4.370997e-08
4.901509e-08
5.428131e-08
5.951295e-08
6.471650e-08
6.990061e-08
7.507599e-08
8.025537e-08
8.545323e-08
9.068564e-08
9.596980e-08
1.013235e-07
1.067646e-07
1.123094e-07
1.179716e-07
1.237596e-07
1.296730e-07
1.356978e-07
1.417987e-07
1.479086e-07
1.539131e-07
1.596281e-07
1.647703e-07
1.689157e-07
1.714497e-07
1.715112e-07
1.679467e-07
1.593106e-07
1.439714e-07
1.204081e-07
8.776112e-08
4.675436e-08
0.000000e+00
-0.000000e+00
5.525887e-09
1.104543e-08
1.655261e-08
2.204207e-08
2.750942e-08
3.295151e-08
3.836671e-08
4.375512e-08
4.911879e-08
5.446187e-08
5.979077e-08
6.511422e-08
7.044343e-08
7.579205e-08
8.117632e-08
8.661494e-08
9.212913e-08
9.774249e-08
1.034808e-07
1.093715e-07
1.154435e-07
1.217256e-07
1.282454e-07
1.350261e-07
1.420828e-07
1.494157e-07
1.569999e-07
1.647691e-07
1.725918e-07
1.802328e-07
1.872988e-07
1.931585e-07
1.968366e-07
1.968869e-07
1.912819e-07
1.774093e-07
1.523613e-07
1.137825e-07
6.162357e-08
0.000000e+00
-0.000000e+00
5.515572e-09
1.102665e-08
1.652904e-08
2.201919e-08
2.749450e-08
3.295355e-08
3.839645e-08
4.382504e-08
4.924312e-08
5.465668e-08
6.007408e-08
6.550626e-08
7.096689e-08
7.647257e-08
8.204299e-08
8.770117e-08
9.347357e-08
9.939038e-08
1.054856e-07
1.117973e-07
1.183676e-07
1.252422e-07
1.324704e-07
1.401034e-07
1.481919e-07
1.567818e-07
1.659063e-07
1.755724e-07
1.857375e-07
1.962709e-07
2.068888e-07
2.170499e-07
2.257907e-07
2.314831e-07
2.315168e-07
2.219918e-07
1.977037e-07
1.530888e-07
8.532550e-08
0.000000e+00
-0.000000e+00
5.509759e-09
1.101655e-08
1.651771e-08
2.201119e-08
2.749584e-08
3.297177e-08
3.844055e-08
4.390551e-08
4.937202e-08
5.484768e-08
6.034267e-08
6.586990e-08
7.144537e-08
7.708840e-08
8.282200e-08
8.867325e-08
9.467370e-08
1.008599e-07
1.072741e-07
1.139648e-07
1.209874e-07
1.284054e-07
1.362909e-07
1.447254e-07
1.537998e-07
1.636135e-07
1.742716e-07
1.858770e-07
1.985156e-07
2.122252e-07
2.269366e-07
2.423627e-07
2.577947e-07
2.717390e-07
2.813090e-07
2.813149e-07
2.632504e-07
2.152380e-07
1.261779e-07
0.000000e+00
-0.000000e+00
5.506898e-09
1.101207e-08
1.651404e-08
2.201195e-08
2.750587e-08
3.299708e-08
3.848839e-08
4.398436e-08
4.949165e-08
5.501927e-08
6.057890e-08
6.618519e-08
7.185616e-08
7.761352e-08
8.348323e-08
8.949598e-08
9.568791e-08
1.021014e-07
1.087861e-07
1.158001e-07
1.232117e-07
1.311010e-07
1.395625e-07
1.487076e-07
1.586685e-07
1.696012e-07
1.816897e-07
1.951489e-07
2.102233e-07
2.271784e-07
2.462706e-07
2.676710e-07
2.912879e-07
3.163715e-07
3.406658e-07
3.586942e-07
3.586449e-07
3.181222e-07
2.040446e-07
0.000000e+00
-0.000000e+00
5.505547e-09
1.101035e-08
1.651376e-08
2.201581e-08
2.751747e-08
3.302095e-08
3.852996e-08
4.405005e-08
4.958888e-08
5.515654e-08
6.076592e-08
6.643304e-08
7.217753e-08
7.802307e-08
8.399796e-08
9.013589e-08
9.647673e-08
1.030677e-07
1.099646e-07
1.172337e-07
1.249541e-07
1.332202e-07
1.421460e-07
1.518699e-07
1.625612e-07
1.744290e-07
1.877337e-07
2.028022e-07
2.200475e-07
2.399924e-07
2.632948e-07
2.907618e-07
3.233149e-07
3.617944e-07
4.062904e-07
4.541441e-07
4.944374e-07
4.942510e-07
3.721934e-07
0.000000e+00
-0.000000e+00
5.504625e-09
1.100924e-08
1.651360e-08
2.201832e-08
2.752502e-08
3.303653e-08
3.855718e-08
4.409316e-08
4.965279e-08
5.524692e-08
6.088923e-08
6.659670e-08
7.239007e-08
7.829434e-08
8.433949e-08
9.056127e-08
9.700222e-08
1.037129e-07
1.107537e-07
1.181968e-07
1.261289e-07
1.346553e-07
1.439044e-07
1.540349e-07
1.652449e-07
1.777848e-07
1.919763e-07
2.082390e-07
2.271306e-07
2.494064e-07
2.761119e-07
3.087251e-07
3.493759e-07
4.011652e-07
4.685267e-07
5.571249e-07
6.706384e-07
7.919439e-07
7.913253e-07
0.000000e+00
-0.000000e+00
5.623930e-09
1.124744e-08
1.687137e-08
2.249678e-08
2.812553e-08
3.376063e-08
3.940657e-08
4.506968e-08
5.075838e-08
5.648361e-08
6.225915e-08
6.810207e-08
7.403319e-08
8.007768e-08
8.626577e-08
9.263356e-08
9.922416e-08
1.060890e-07
1.132897e-07
1.209004e-07
1.290106e-07
1.377296e-07
1.471922e-07
1.575659e-07
1.690623e-07
1.819524e-07
1.965897e-07
2.134440e-07
2.331544e-07
2.566138e-07
2.851093e-07
3.205671e-07
3.660039e-07
4.264169e-07
5.106831e-07
6.360057e-07
8.394540e-07
1.211335e-06
2.002349e-06
2.020690e-06
