2.003040e+06
2.002688e+06
2.002472e+06
2.002320e+06
2.002202e+06
2.002105e+06
2.002023e+06
2.001951e+06
2.001887e+06
2.001828e+06
2.001774e+06
2.001724e+06
2.001677e+06
2.001633e+06
2.001592e+06
2.001552e+06
2.001514e+06
2.001478e+06
2.001443e+06
2.001409e+06
2.001377e+06
2.001346e+06
2.001316e+06
2.001287e+06
2.001259e+06
2.001232e+06
2.001205e+06
2.001179e+06
2.001153e+06
2.001127e+06
2.001101e+06
2.001074e+06
2.001045e+06
2.001017e+06
2.000988e+06
2.000960e+06
2.000933e+06
2.000907e+06
2.000881e+06
2.000857e+06
2.002697e+06
2.002553e+06
2.002409e+06
2.002285e+06
2.002181e+06
2.002091e+06
2.002013e+06
2.001944e+06
2.001881e+06
2.001823e+06
2.001770e+06
2.001721e+06
2.001675e+06
2.001631e+06
2.001590e+06
2.001550e+06
2.001512e+06
2.001476e+06
2.001442e+06
2.001408e+06
2.001376e+06
2.001345e+06
2.001315e+06
2.001286e+06
2.001258e+06
2.001231e+06
2.001204e+06
2.001178e+06
2.001152e+06
2.001126e+06
2.001100e+06
2.001073e+06
2.001044e+06
2.001016e+06
2.000987e+06
2.000959e+06
2.000932e+06
2.000906e+06
2.000880e+06
2.000856e+06
2.002490e+06
2.002418e+06
2.002324e+06
2.002231e+06
2.002144e+06
2.002066e+06
2.001994e+06
2.001929e+06
2.001869e+06
2.001814e+06
2.001763e+06
2.001715e+06
2.001669e+06
2.001626e+06
2.001586e+06
2.001547e+06
2.001509e+06
2.001473e+06
2.001439e+06
2.001406e+06
2.001374e+06
2.001343e+06
2.001313e+06
2.001284e+06
2.001256e+06
2.001229e+06
2.001203e+06
2.001177e+06
2.001151e+06
2.001125e+06
2.001098e+06
2.001071e+06
2.001042e+06
2.001014e+06
2.000985e+06
2.000957e+06
2.000930e+06
2.000904e+06
2.000878e+06
2.000854e+06
2.002347e+06
2.002303e+06
2.002240e+06
2.002170e+06
2.002100e+06
2.002033e+06
2.001969e+06
2.001909e+06
2.001854e+06
2.001801e+06
2.001752e+06
2.001706e+06
2.001662e+06
2.001620e+06
2.001580e+06
2.001541e+06
2.001505e+06
2.001469e+06
2.001435e+06
2.001402e+06
2.001370e+06
2.001340e+06
2.001310e+06
2.001281e+06
2.001253e+06
2.001226e+06
2.001200e+06
2.001174e+06
2.001148e+06
2.001122e+06
2.001095e+06
2.001068e+06
2.001039e+06
2.001011e+06
2.000982e+06
2.000954e+06
2.000927e+06
2.000901e+06
2.000875e+06
2.000851e+06
2.002239e+06
2.002209e+06
2.002164e+06
2.002110e+06
2.002053e+06
2.001996e+06
2.001940e+06
2.001886e+06
2.001835e+06
2.001786e+06
2.001739e+06
2.001694e+06
2.001652e+06
2.001611e+06
2.001572e+06
2.001535e+06
2.001498e+06
2.001464e+06
2.001430e+06
2.001397e+06
2.001366e+06
2.001335e+06
2.001306e+06
2.001277e+06
2.001250e+06
2.001223e+06
2.001196e+06
2.001170e+06
2.001144e+06
2.001118e+06
2.001091e+06
2.001064e+06
2.001035e+06
2.001007e+06
2.000978e+06
2.000950e+06
2.000923e+06
2.000897e+06
2.000872e+06
2.000847e+06
2.002153e+06
2.002130e+06
2.002095e+06
2.002053e+06
2.002006e+06
2.001957e+06
2.001908e+06
2.001860e+06
2.001813e+06
2.001767e+06
2.001723e+06
2.001681e+06
2.001640e+06
2.001601e+06
2.001563e+06
2.001526e+06
2.001491e+06
2.001457e+06
2.001424e+06
2.001392e+06
2.001360e+06
2.001330e+06
2.001301e+06
2.001273e+06
2.001245e+06
2.001218e+06
2.001192e+06
2.001166e+06
2.001140e+06
2.001114e+06
2.001087e+06
2.001059e+06
2.001031e+06
2.001002e+06
2.000973e+06
2.000945e+06
2.000918e+06
2.000892e+06
2.000867e+06
2.000842e+06
2.002081e+06
2.002063e+06
2.002035e+06
2.002000e+06
2.001961e+06
2.001919e+06
2.001876e+06
2.001833e+06
2.001790e+06
2.001747e+06
2.001706e+06
2.001666e+06
2.001627e+06
2.001589e+06
2.001553e+06
2.001517e+06
2.001482e+06
2.001449e+06
2.001416e+06
2.001385e+06
2.001354e+06
2.001324e+06
2.001295e+06
2.001267e+06
2.001240e+06
2.001213e+06
2.001186e+06
2.001160e+06
2.001134e+06
2.001108e+06
2.001081e+06
2.001053e+06
2.001025e+06
2.000996e+06
2.000968e+06
2.000940e+06
2.000913e+06
2.000886e+06
2.000861e+06
2.000837e+06
2.002021e+06
2.002005e+06
2.001982e+06
2.001952e+06
2.001919e+06
2.001882e+06
2.001844e+06
2.001805e+06
2.001766e+06
2.001727e+06
2.001688e+06
2.001650e+06
2.001613e+06
2.001577e+06
2.001541e+06
2.001507e+06
2.001473e+06
2.001440e+06
2.001408e+06
2.001377e+06
2.001347e+06
2.001317e+06
2.001288e+06
2.001260e+06
2.001233e+06
2.001206e+06
2.001180e+06
2.001154e+06
2.001128e+06
2.001102e+06
2.001074e+06
2.001046e+06
2.001018e+06
2.000989e+06
2.000961e+06
2.000933e+06
2.000906e+06
2.000880e+06
2.000855e+06
2.000830e+06
2.001969e+06
2.001954e+06
2.001934e+06
2.001909e+06
2.001880e+06
2.001847e+06
2.001813e+06
2.001778e+06
2.001742e+06
2.001705e+06
2.001669e+06
2.001633e+06
2.001598e+06
2.001563e+06
2.001529e+06
2.001495e+06
2.001462e+06
2.001430e+06
2.001399e+06
2.001368e+06
2.001338e+06
2.001309e+06
2.001281e+06
2.001253e+06
2.001226e+06
2.001199e+06
2.001173e+06
2.001147e+06
2.001121e+06
2.001094e+06
2.001067e+06
2.001039e+06
2.001010e+06
2.000981e+06
2.000953e+06
2.000925e+06
2.000899e+06
2.000872e+06
2.000847e+06
2.000823e+06
2.001923e+06
2.001910e+06
2.001891e+06
2.001869e+06
2.001843e+06
2.001814e+06
2.001783e+06
2.001751e+06
2.001718e+06
2.001684e+06
2.001650e+06
2.001616e+06
2.001582e+06
2.001549e+06
2.001516e+06
2.001483e+06
2.001451e+06
2.001420e+06
2.001389e+06
2.001359e+06
2.001330e+06
2.001301e+06
2.001273e+06
2.001245e+06
2.001218e+06
2.001192e+06
2.001165e+06
2.001139e+06
2.001113e+06
2.001086e+06
2.001059e+06
2.001030e+06
2.001002e+06
2.000973e+06
2.000945e+06
2.000917e+06
2.000890e+06
2.000864e+06
2.000839e+06
2.000815e+06
2.001882e+06
2.001870e+06
2.001853e+06
2.001833e+06
2.001809e+06
2.001783e+06
2.001755e+06
2.001725e+06
2.001694e+06
2.001663e+06
2.001631e+06
2.001598e+06
2.001566e+06
2.001534e+06
2.001502e+06
2.001471e+06
2.001439e+06
2.001409e+06
2.001379e+06
2.001349e+06
2.001320e+06
2.001292e+06
2.001264e+06
2.001236e+06
2.001210e+06
2.001183e+06
2.001157e+06
2.001131e+06
2.001104e+06
2.001077e+06
2.001049e+06
2.001021e+06
2.000992e+06
2.000963e+06
2.000935e+06
2.000908e+06
2.000881e+06
2.000855e+06
2.000830e+06
2.000806e+06
2.001846e+06
2.001834e+06
2.001819e+06
2.001800e+06
2.001778e+06
2.001754e+06
2.001728e+06
2.001701e+06
2.001672e+06
2.001642e+06
2.001611e+06
2.001581e+06
2.001550e+06
2.001519e+06
2.001488e+06
2.001457e+06
2.001427e+06
2.001397e+06
2.001368e+06
2.001339e+06
2.001310e+06
2.001282e+06
2.001254e+06
2.001227e+06
2.001200e+06
2.001174e+06
2.001148e+06
2.001121e+06
2.001094e+06
2.001067e+06
2.001039e+06
2.001011e+06
2.000982e+06
2.000953e+06
2.000925e+06
2.000898e+06
2.000871e+06
2.000845e+06
2.000820e+06
2.000796e+06
2.001813e+06
2.001802e+06
2.001788e+06
2.001770e+06
2.001750e+06
2.001728e+06
2.001703e+06
2.001677e+06
2.001650e+06
2.001622e+06
2.001593e+06
2.001563e+06
2.001534e+06
2.001504e+06
2.001474e+06
2.001444e+06
2.001415e+06
2.001385e+06
2.001356e+06
2.001328e+06
2.001299e+06
2.001271e+06
2.001244e+06
2.001217e+06
2.001190e+06
2.001164e+06
2.001137e+06
2.001111e+06
2.001084e+06
2.001056e+06
2.001028e+06
2.000999e+06
2.000971e+06
2.000942e+06
2.000914e+06
2.000887e+06
2.000860e+06
2.000834e+06
2.000809e+06
2.000785e+06
2.001784e+06
2.001773e+06
2.001759e+06
2.001743e+06
2.001724e+06
2.001703e+06
2.001680e+06
2.001655e+06
2.001629e+06
2.001602e+06
2.001574e+06
2.001546e+06
2.001518e+06
2.001489e+06
2.001460e+06
2.001431e+06
2.001402e+06
2.001373e+06
2.001344e+06
2.001316e+06
2.001288e+06
2.001261e+06
2.001233e+06
2.001206e+06
2.001180e+06
2.001153e+06
2.001127e+06
2.001100e+06
2.001073e+06
2.001045e+06
2.001016e+06
2.000988e+06
2.000959e+06
2.000930e+06
2.000902e+06
2.000875e+06
2.000849e+06
2.000823e+06
2.000798e+06
2.000774e+06
2.001758e+06
2.001747e+06
2.001734e+06
2.001718e+06
2.001700e+06
2.001680e+06
2.001658e+06
2.001634e+06
2.001609e+06
2.001583e+06
2.001557e+06
2.001529e+06
2.001502e+06
2.001474e+06
2.001445e+06
2.001417e+06
2.001389e+06
2.001361e+06
2.001332e+06
2.001304e+06
2.001277e+06
2.001249e+06
2.001222e+06
2.001195e+06
2.001169e+06
2.001142e+06
2.001115e+06
2.001088e+06
2.001061e+06
2.001033e+06
2.001004e+06
2.000975e+06
2.000946e+06
2.000918e+06
2.000890e+06
2.000863e+06
2.000836e+06
2.000811e+06
2.000786e+06
2.000761e+06
2.001735e+06
2.001724e+06
2.001711e+06
2.001696e+06
2.001678e+06
2.001658e+06
2.001637e+06
2.001614e+06
2.001590e+06
2.001565e+06
2.001540e+06
2.001513e+06
2.001486e+06
2.001459e+06
2.001431e+06
2.001404e+06
2.001376e+06
2.001348e+06
2.001320e+06
2.001292e+06
2.001265e+06
2.001238e+06
2.001211e+06
2.001184e+06
2.001157e+06
2.001130e+06
2.001103e+06
2.001076e+06
2.001048e+06
2.001020e+06
2.000991e+06
2.000962e+06
2.000933e+06
2.000905e+06
2.000877e+06
2.000850e+06
2.000823e+06
2.000798e+06
2.000773e+06
2.000748e+06
2.001714e+06
2.001704e+06
2.001691e+06
2.001675e+06
2.001658e+06
2.001639e+06
2.001618e+06
2.001596e+06
2.001573e+06
2.001548e+06
2.001523e+06
2.001498e+06
2.001471e+06
2.001444e+06
2.001417e+06
2.001390e+06
2.001363e+06
2.001335e+06
2.001308e+06
2.001280e+06
2.001253e+06
2.001226e+06
2.001199e+06
2.001172e+06
2.001145e+06
2.001118e+06
2.001091e+06
2.001063e+06
2.001035e+06
2.001006e+06
2.000977e+06
2.000948e+06
2.000919e+06
2.000891e+06
2.000863e+06
2.000836e+06
2.000810e+06
2.000784e+06
2.000759e+06
2.000735e+06
2.001696e+06
2.001686e+06
2.001672e+06
2.001657e+06
2.001640e+06
2.001621e+06
2.001600e+06
2.001579e+06
2.001556e+06
2.001532e+06
2.001508e+06
2.001482e+06
2.001457e+06
2.001430e+06
2.001404e+06
2.001377e+06
2.001350e+06
2.001322e+06
2.001295e+06
2.001268e+06
2.001241e+06
2.001214e+06
2.001186e+06
2.001159e+06
2.001132e+06
2.001105e+06
2.001077e+06
2.001049e+06
2.001021e+06
2.000992e+06
2.000963e+06
2.000934e+06
2.000905e+06
2.000877e+06
2.000849e+06
2.000822e+06
2.000795e+06
2.000769e+06
2.000744e+06
2.000720e+06
2.001681e+06
2.001670e+06
2.001656e+06
2.001640e+06
2.001623e+06
2.001604e+06
2.001584e+06
2.001563e+06
2.001540e+06
2.001517e+06
2.001493e+06
2.001468e+06
2.001442e+06
2.001416e+06
2.001390e+06
2.001363e+06
2.001337e+06
2.001310e+06
2.001283e+06
2.001255e+06
2.001228e+06
2.001201e+06
2.001174e+06
2.001147e+06
2.001119e+06
2.001092e+06
2.001064e+06
2.001035e+06
2.001006e+06
2.000977e+06
2.000948e+06
2.000919e+06
2.000890e+06
2.000861e+06
2.000834e+06
2.000806e+06
2.000780e+06
2.000754e+06
2.000729e+06
2.000705e+06
2.001670e+06
2.001657e+06
2.001642e+06
2.001626e+06
2.001608e+06
2.001589e+06
2.001569e+06
2.001548e+06
2.001525e+06
2.001502e+06
2.001478e+06
2.001454e+06
2.001429e+06
2.001403e+06
2.001377e+06
2.001351e+06
2.001324e+06
2.001297e+06
2.001270e+06
2.001243e+06
2.001216e+06
2.001189e+06
2.001161e+06
2.001134e+06
2.001106e+06
2.001078e+06
2.001049e+06
2.001021e+06
2.000991e+06
2.000962e+06
2.000933e+06
2.000903e+06
2.000874e+06
2.000846e+06
2.000818e+06
2.000791e+06
2.000764e+06
2.000738e+06
2.000713e+06
2.000689e+06
2.001662e+06
2.001646e+06
2.001630e+06
2.001613e+06
2.001594e+06
2.001575e+06
2.001555e+06
2.001534e+06
2.001512e+06
2.001489e+06
2.001465e+06
2.001441e+06
2.001416e+06
2.001390e+06
2.001364e+06
2.001338e+06
2.001312e+06
2.001285e+06
2.001258e+06
2.001231e+06
2.001203e+06
2.001176e+06
2.001148e+06
2.001121e+06
2.001092e+06
2.001064e+06
2.001035e+06
2.001006e+06
2.000976e+06
2.000947e+06
2.000917e+06
2.000887e+06
2.000858e+06
2.000830e+06
2.000802e+06
2.000774e+06
2.000747e+06
2.000721e+06
2.000696e+06
2.000672e+06
2.001657e+06
2.001638e+06
2.001620e+06
2.001602e+06
2.001583e+06
2.001563e+06
2.001543e+06
2.001521e+06
2.001499e+06
2.001476e+06
2.001452e+06
2.001428e+06
2.001403e+06
2.001378e+06
2.001352e+06
2.001326e+06
2.001300e+06
2.001273e+06
2.001246e+06
2.001219e+06
2.001191e+06
2.001164e+06
2.001136e+06
2.001107e+06
2.001079e+06
2.001050e+06
2.001020e+06
2.000991e+06
2.000961e+06
2.000931e+06
2.000901e+06
2.000871e+06
2.000842e+06
2.000813e+06
2.000785e+06
2.000757e+06
2.000730e+06
2.000704e+06
2.000679e+06
2.000654e+06
2.001654e+06
2.001633e+06
2.001613e+06
2.001593e+06
2.001573e+06
2.001553e+06
2.001532e+06
2.001510e+06
2.001488e+06
2.001465e+06
2.001441e+06
2.001417e+06
2.001392e+06
2.001367e+06
2.001341e+06
2.001315e+06
2.001288e+06
2.001262e+06
2.001234e+06
2.001207e+06
2.001179e+06
2.001151e+06
2.001123e+06
2.001094e+06
2.001065e+06
2.001035e+06
2.001006e+06
2.000976e+06
2.000945e+06
2.000915e+06
2.000885e+06
2.000854e+06
2.000825e+06
2.000796e+06
2.000767e+06
2.000739e+06
2.000712e+06
2.000685e+06
2.000660e+06
2.000635e+06
2.001651e+06
2.001629e+06
2.001608e+06
2.001587e+06
2.001566e+06
2.001544e+06
2.001523e+06
2.001501e+06
2.001478e+06
2.001455e+06
2.001431e+06
2.001407e+06
2.001382e+06
2.001356e+06
2.001331e+06
2.001304e+06
2.001278e+06
2.001251e+06
2.001223e+06
2.001195e+06
2.001167e+06
2.001139e+06
2.001110e+06
2.001081e+06
2.001051e+06
2.001021e+06
2.000991e+06
2.000960e+06
2.000929e+06
2.000899e+06
2.000868e+06
2.000837e+06
2.000807e+06
2.000778e+06
2.000749e+06
2.000720e+06
2.000693e+06
2.000666e+06
2.000640e+06
2.000616e+06
2.001648e+06
2.001626e+06
2.001603e+06
2.001581e+06
2.001559e+06
2.001538e+06
2.001515e+06
2.001493e+06
2.001470e+06
2.001446e+06
2.001422e+06
2.001397e+06
2.001372e+06
2.001347e+06
2.001321e+06
2.001294e+06
2.001268e+06
2.001240e+06
2.001212e+06
2.001184e+06
2.001156e+06
2.001127e+06
2.001098e+06
2.001068e+06
2.001038e+06
2.001007e+06
2.000976e+06
2.000945e+06
2.000914e+06
2.000882e+06
2.000851e+06
2.000820e+06
2.000789e+06
2.000759e+06
2.000729e+06
2.000701e+06
2.000673e+06
2.000646e+06
2.000620e+06
2.000595e+06
2.001645e+06
2.001623e+06
2.001600e+06
2.001577e+06
2.001555e+06
2.001532e+06
2.001509e+06
2.001486e+06
2.001462e+06
2.001438e+06
2.001414e+06
2.001389e+06
2.001364e+06
2.001338e+06
2.001312e+06
2.001285e+06
2.001258e+06
2.001230e+06
2.001202e+06
2.001174e+06
2.001145e+06
2.001115e+06
2.001085e+06
2.001055e+06
2.001024e+06
2.000993e+06
2.000962e+06
2.000930e+06
2.000898e+06
2.000866e+06
2.000834e+06
2.000802e+06
2.000771e+06
2.000740e+06
2.000710e+06
2.000680e+06
2.000652e+06
2.000624e+06
2.000598e+06
2.000573e+06
2.001643e+06
2.001620e+06
2.001597e+06
2.001573e+06
2.001550e+06
2.001527e+06
2.001504e+06
2.001480e+06
2.001456e+06
2.001432e+06
2.001407e+06
2.001382e+06
2.001356e+06
2.001330e+06
2.001304e+06
2.001276e+06
2.001249e+06
2.001221e+06
2.001192e+06
2.001163e+06
2.001134e+06
2.001104e+06
2.001074e+06
2.001043e+06
2.001011e+06
2.000979e+06
2.000947e+06
2.000915e+06
2.000882e+06
2.000849e+06
2.000817e+06
2.000784e+06
2.000752e+06
2.000720e+06
2.000689e+06
2.000659e+06
2.000630e+06
2.000602e+06
2.000575e+06
2.000550e+06
2.001640e+06
2.001617e+06
2.001593e+06
2.001570e+06
2.001546e+06
2.001523e+06
2.001499e+06
2.001475e+06
2.001451e+06
2.001426e+06
2.001401e+06
2.001375e+06
2.001349e+06
2.001323e+06
2.001296e+06
2.001268e+06
2.001240e+06
2.001212e+06
2.001183e+06
2.001154e+06
2.001124e+06
2.001093e+06
2.001062e+06
2.001031e+06
2.000999e+06
2.000966e+06
2.000933e+06
2.000900e+06
2.000867e+06
2.000833e+06
2.000799e+06
2.000766e+06
2.000732e+06
2.000699e+06
2.000667e+06
2.000636e+06
2.000606e+06
2.000578e+06
2.000551e+06
2.000525e+06
2.001637e+06
2.001614e+06
2.001590e+06
2.001566e+06
2.001543e+06
2.001519e+06
2.001495e+06
2.001470e+06
2.001446e+06
2.001420e+06
2.001395e+06
2.001369e+06
2.001343e+06
2.001316e+06
2.001289e+06
2.001261e+06
2.001233e+06
2.001204e+06
2.001174e+06
2.001144e+06
2.001114e+06
2.001083e+06
2.001051e+06
2.001019e+06
2.000986e+06
2.000953e+06
2.000920e+06
2.000885e+06
2.000851e+06
2.000816e+06
2.000782e+06
2.000747e+06
2.000712e+06
2.000678e+06
2.000645e+06
2.000613e+06
2.000581e+06
2.000552e+06
2.000524e+06
2.000499e+06
2.001634e+06
2.001611e+06
2.001587e+06
2.001563e+06
2.001539e+06
2.001515e+06
2.001491e+06
2.001466e+06
2.001441e+06
2.001416e+06
2.001390e+06
2.001364e+06
2.001337e+06
2.001310e+06
2.001282e+06
2.001254e+06
2.001225e+06
2.001196e+06
2.001166e+06
2.001136e+06
2.001105e+06
2.001073e+06
2.001041e+06
2.001008e+06
2.000975e+06
2.000941e+06
2.000906e+06
2.000871e+06
2.000836e+06
2.000800e+06
2.000764e+06
2.000728e+06
2.000692e+06
2.000656e+06
2.000621e+06
2.000588e+06
2.000555e+06
2.000525e+06
2.000496e+06
2.000470e+06
2.001632e+06
2.001608e+06
2.001584e+06
2.001560e+06
2.001536e+06
2.001512e+06
2.001487e+06
2.001462e+06
2.001437e+06
2.001411e+06
2.001385e+06
2.001358e+06
2.001331e+06
2.001304e+06
2.001276e+06
2.001248e+06
2.001218e+06
2.001189e+06
2.001159e+06
2.001128e+06
2.001096e+06
2.001064e+06
2.001031e+06
2.000998e+06
2.000964e+06
2.000929e+06
2.000894e+06
2.000857e+06
2.000821e+06
2.000784e+06
2.000746e+06
2.000709e+06
2.000671e+06
2.000634e+06
2.000597e+06
2.000561e+06
2.000527e+06
2.000495e+06
2.000465e+06
2.000439e+06
2.001629e+06
2.001605e+06
2.001582e+06
2.001557e+06
2.001533e+06
2.001509e+06
2.001484e+06
2.001458e+06
2.001433e+06
2.001407e+06
2.001381e+06
2.001354e+06
2.001327e+06
2.001299e+06
2.001271e+06
2.001242e+06
2.001212e+06
2.001182e+06
2.001152e+06
2.001120e+06
2.001088e+06
2.001056e+06
2.001022e+06
2.000988e+06
2.000953e+06
2.000918e+06
2.000881e+06
2.000844e+06
2.000806e+06
2.000768e+06
2.000729e+06
2.000690e+06
2.000650e+06
2.000610e+06
2.000571e+06
2.000533e+06
2.000497e+06
2.000463e+06
2.000432e+06
2.000404e+06
2.001627e+06
2.001603e+06
2.001579e+06
2.001555e+06
2.001530e+06
2.001506e+06
2.001481e+06
2.001455e+06
2.001429e+06
2.001403e+06
2.001377e+06
2.001350e+06
2.001322e+06
2.001294e+06
2.001266e+06
2.001236e+06
2.001207e+06
2.001176e+06
2.001145e+06
2.001114e+06
2.001081e+06
2.001048e+06
2.001014e+06
2.000979e+06
2.000944e+06
2.000907e+06
2.000870e+06
2.000832e+06
2.000793e+06
2.000753e+06
2.000712e+06
2.000671e+06
2.000629e+06
2.000587e+06
2.000545e+06
2.000504e+06
2.000464e+06
2.000428e+06
2.000394e+06
2.000366e+06
2.001625e+06
2.001601e+06
2.001577e+06
2.001553e+06
2.001528e+06
2.001503e+06
2.001478e+06
2.001452e+06
2.001426e+06
2.001400e+06
2.001373e+06
2.001346e+06
2.001318e+06
2.001290e+06
2.001261e+06
2.001232e+06
2.001202e+06
2.001171e+06
2.001140e+06
2.001108e+06
2.001075e+06
2.001041e+06
2.001007e+06
2.000971e+06
2.000935e+06
2.000898e+06
2.000859e+06
2.000820e+06
2.000780e+06
2.000738e+06
2.000696e+06
2.000652e+06
2.000608e+06
2.000563e+06
2.000517e+06
2.000473e+06
2.000429e+06
2.000389e+06
2.000353e+06
2.000322e+06
2.001623e+06
2.001599e+06
2.001575e+06
2.001551e+06
2.001526e+06
2.001501e+06
2.001476e+06
2.001450e+06
2.001424e+06
2.001397e+06
2.001370e+06
2.001343e+06
2.001315e+06
2.001286e+06
2.001257e+06
2.001228e+06
2.001197e+06
2.001166e+06
2.001135e+06
2.001102e+06
2.001069e+06
2.001035e+06
2.001000e+06
2.000964e+06
2.000927e+06
2.000889e+06
2.000850e+06
2.000809e+06
2.000768e+06
2.000725e+06
2.000680e+06
2.000634e+06
2.000587e+06
2.000539e+06
2.000490e+06
2.000440e+06
2.000392e+06
2.000346e+06
2.000305e+06
2.000272e+06
2.001621e+06
2.001597e+06
2.001573e+06
2.001549e+06
2.001524e+06
2.001499e+06
2.001474e+06
2.001448e+06
2.001422e+06
2.001395e+06
2.001368e+06
2.001340e+06
2.001312e+06
2.001283e+06
2.001254e+06
2.001224e+06
2.001194e+06
2.001163e+06
2.001131e+06
2.001098e+06
2.001064e+06
2.001030e+06
2.000994e+06
2.000958e+06
2.000920e+06
2.000882e+06
2.000842e+06
2.000800e+06
2.000757e+06
2.000713e+06
2.000666e+06
2.000618e+06
2.000568e+06
2.000516e+06
2.000462e+06
2.000407e+06
2.000351e+06
2.000298e+06
2.000250e+06
2.000212e+06
2.001620e+06
2.001596e+06
2.001572e+06
2.001547e+06
2.001523e+06
2.001498e+06
2.001472e+06
2.001446e+06
2.001420e+06
2.001393e+06
2.001366e+06
2.001338e+06
2.001310e+06
2.001281e+06
2.001252e+06
2.001222e+06
2.001191e+06
2.001159e+06
2.001127e+06
2.001094e+06
2.001060e+06
2.001026e+06
2.000990e+06
2.000953e+06
2.000915e+06
2.000876e+06
2.000835e+06
2.000792e+06
2.000748e+06
2.000702e+06
2.000654e+06
2.000604e+06
2.000551e+06
2.000495e+06
2.000435e+06
2.000373e+06
2.000309e+06
2.000244e+06
2.000184e+06
2.000137e+06
2.001619e+06
2.001595e+06
2.001571e+06
2.001546e+06
2.001522e+06
2.001496e+06
2.001471e+06
2.001445e+06
2.001418e+06
2.001392e+06
2.001364e+06
2.001336e+06
2.001308e+06
2.001279e+06
2.001250e+06
2.001220e+06
2.001189e+06
2.001157e+06
2.001125e+06
2.001092e+06
2.001057e+06
2.001022e+06
2.000986e+06
2.000949e+06
2.000911e+06
2.000871e+06
2.000829e+06
2.000786e+06
2.000741e+06
2.000694e+06
2.000645e+06
2.000592e+06
2.000536e+06
2.000477e+06
2.000412e+06
2.000342e+06
2.000267e+06
2.000186e+06
2.000106e+06
2.000039e+06
2.001618e+06
2.001594e+06
2.001570e+06
2.001546e+06
2.001521e+06
2.001496e+06
2.001470e+06
2.001444e+06
2.001418e+06
2.001391e+06
2.001363e+06
2.001335e+06
2.001307e+06
2.001278e+06
2.001248e+06
2.001218e+06
2.001187e+06
2.001156e+06
2.001123e+06
2.001090e+06
2.001055e+06
2.001020e+06
2.000984e+06
2.000946e+06
2.000908e+06
2.000868e+06
2.000826e+06
2.000782e+06
2.000737e+06
2.000689e+06
2.000638e+06
2.000584e+06
2.000526e+06
2.000463e+06
2.000394e+06
2.000317e+06
2.000229e+06
2.000128e+06
2.000013e+06
1.999898e+06
2.001618e+06
2.001594e+06
2.001570e+06
2.001545e+06
2.001520e+06
2.001495e+06
2.001470e+06
2.001444e+06
2.001417e+06
2.001390e+06
2.001363e+06
2.001335e+06
2.001306e+06
2.001277e+06
2.001248e+06
2.001217e+06
2.001186e+06
2.001155e+06
2.001122e+06
2.001089e+06
2.001054e+06
2.001019e+06
2.000983e+06
2.000945e+06
2.000906e+06
2.000866e+06
2.000824e+06
2.000780e+06
2.000734e+06
2.000686e+06
2.000634e+06
2.000580e+06
2.000520e+06
2.000456e+06
2.000384e+06
2.000302e+06
2.000206e+06
2.000085e+06
1.999921e+06
1.999664e+06
