       Inf
4.175620e+03
1.591052e+03
9.769681e+02
7.031081e+02
5.484538e+02
4.492412e+02
3.802778e+02
3.295829e+02
2.907540e+02
2.600664e+02
2.352060e+02
2.146591e+02
1.973941e+02
1.826835e+02
1.700001e+02
1.589523e+02
1.492430e+02
1.406431e+02
1.329729e+02
1.260894e+02
1.198775e+02
1.142437e+02
1.091109e+02
1.044151e+02
1.001028e+02
9.612891e+01
9.245513e+01
8.904872e+01
8.588151e+01
8.292919e+01
8.017060e+01
7.758730e+01
7.516309e+01
7.288373e+01
7.073662e+01
6.871057e+01
6.679563e+01
6.498291e+01
6.326443e+01
6.163305e+01
6.008229e+01
5.860634e+01
5.719991e+01
5.585819e+01
5.457684e+01
5.335185e+01
5.217960e+01
5.105676e+01
4.998025e+01
4.894728e+01
4.795526e+01
4.700180e+01
4.608469e+01
4.520190e+01
4.435153e+01
4.353183e+01
4.274118e+01
4.197805e+01
4.124103e+01
4.052881e+01
3.984015e+01
3.917391e+01
3.852900e+01
3.790443e+01
3.729924e+01
3.671254e+01
3.614351e+01
3.559134e+01
3.505532e+01
3.453473e+01
3.402892e+01
3.353728e+01
3.305920e+01
3.259415e+01
3.214159e+01
3.170103e+01
3.127200e+01
3.085405e+01
3.044675e+01
3.004971e+01
2.966254e+01
2.928488e+01
2.891639e+01
2.855672e+01
2.820558e+01
2.786266e+01
2.752767e+01
2.720034e+01
2.688042e+01
2.656765e+01
2.626180e+01
2.596264e+01
2.566995e+01
2.538353e+01
2.510317e+01
2.482869e+01
2.455991e+01
2.429664e+01
2.403872e+01
2.378599e+01
2.353829e+01
2.329547e+01
2.305740e+01
2.282393e+01
2.259493e+01
2.237028e+01
2.214985e+01
2.193352e+01
2.172119e+01
2.151273e+01
2.130805e+01
2.110704e+01
2.090961e+01
2.071566e+01
2.052510e+01
2.033785e+01
2.015381e+01
1.997290e+01
1.979505e+01
1.962018e+01
1.944821e+01
1.927908e+01
1.911271e+01
1.894903e+01
1.878799e+01
1.862951e+01
1.847354e+01
1.832002e+01
1.816889e+01
1.802010e+01
1.787358e+01
1.772930e+01
1.758720e+01
1.744722e+01
1.730933e+01
1.717348e+01
1.703962e+01
1.690770e+01
1.677769e+01
1.664955e+01
1.652323e+01
1.639870e+01
1.627592e+01
1.615485e+01
1.603546e+01
1.591771e+01
1.580156e+01
1.568700e+01
1.557397e+01
1.546246e+01
1.535244e+01
1.524386e+01
1.513671e+01
1.503096e+01
1.492658e+01
1.482354e+01
1.472182e+01
1.462139e+01
1.452223e+01
1.442431e+01
1.432761e+01
1.423212e+01
1.413779e+01
1.404463e+01
1.395259e+01
1.386167e+01
1.377184e+01
1.368309e+01
1.359538e+01
1.350872e+01
1.342307e+01
1.333842e+01
1.325475e+01
1.317205e+01
1.309029e+01
1.300947e+01
1.292957e+01
1.285056e+01
1.277244e+01
1.269519e+01
1.261880e+01
1.254325e+01
1.246853e+01
1.239463e+01
1.232152e+01
1.224920e+01
1.217766e+01
1.210689e+01
1.203686e+01
1.196758e+01
1.189902e+01
1.183118e+01
1.176404e+01
1.169760e+01
1.163184e+01
1.156675e+01
1.150233e+01
1.143856e+01
1.137543e+01
1.131294e+01
1.125107e+01
1.118981e+01
1.112916e+01
1.106910e+01
1.100964e+01
1.095075e+01
1.089243e+01
1.083468e+01
1.077748e+01
1.072082e+01
1.066471e+01
1.060912e+01
1.055406e+01
1.049951e+01
1.044548e+01
1.039194e+01
1.033890e+01
1.028635e+01
1.023428e+01
1.018268e+01
1.013156e+01
1.008089e+01
1.003068e+01
9.980917e+00
9.931600e+00
9.882720e+00
9.834272e+00
9.786250e+00
9.738649e+00
9.691462e+00
9.644686e+00
9.598313e+00
9.552340e+00
9.506760e+00
9.461570e+00
9.416763e+00
9.372336e+00
9.328283e+00
9.284599e+00
9.241280e+00
9.198322e+00
9.155720e+00
9.113469e+00
9.071565e+00
9.030005e+00
8.988783e+00
8.947895e+00
8.907338e+00
8.867108e+00
8.827200e+00
8.787611e+00
8.748338e+00
8.709375e+00
8.670720e+00
8.632368e+00
8.594317e+00
8.556563e+00
8.519102e+00
8.481932e+00
8.445047e+00
8.408447e+00
8.372126e+00
8.336082e+00
8.300311e+00
8.264812e+00
8.229579e+00
8.194612e+00
8.159905e+00
8.125458e+00
8.091266e+00
8.057327e+00
8.023639e+00
7.990197e+00
7.957000e+00
7.924046e+00
7.891330e+00
7.858851e+00
7.826607e+00
7.794594e+00
7.762810e+00
7.731253e+00
7.699921e+00
7.668810e+00
7.637919e+00
7.607245e+00
7.576785e+00
7.546539e+00
7.516503e+00
7.486676e+00
7.457054e+00
7.427637e+00
7.398422e+00
7.369406e+00
7.340588e+00
7.311966e+00
7.283538e+00
7.255302e+00
7.227255e+00
7.199397e+00
7.171724e+00
7.144236e+00
7.116930e+00
7.089805e+00
7.062859e+00
7.036090e+00
7.009496e+00
6.983075e+00
6.956827e+00
6.930749e+00
6.904839e+00
6.879096e+00
6.853519e+00
6.828105e+00
6.802854e+00
6.777763e+00
6.752832e+00
6.728058e+00
6.703440e+00
6.678976e+00
6.654666e+00
6.630508e+00
6.606500e+00
6.582641e+00
6.558929e+00
6.535364e+00
6.511944e+00
6.488667e+00
6.465532e+00
6.442538e+00
6.419684e+00
6.396968e+00
6.374390e+00
6.351947e+00
6.329638e+00
6.307464e+00
6.285421e+00
6.263509e+00
6.241728e+00
6.220075e+00
6.198550e+00
6.177151e+00
6.155877e+00
6.134728e+00
6.113702e+00
6.092798e+00
6.072015e+00
6.051353e+00
6.030809e+00
6.010383e+00
5.990074e+00
5.969881e+00
5.949803e+00
5.929838e+00
5.909987e+00
5.890248e+00
5.870620e+00
5.851102e+00
5.831693e+00
5.812393e+00
5.793200e+00
5.774114e+00
5.755133e+00
5.736257e+00
5.717485e+00
5.698816e+00
5.680249e+00
5.661783e+00
5.643418e+00
5.625153e+00
5.606986e+00
5.588918e+00
5.570947e+00
5.553072e+00
5.535293e+00
5.517610e+00
5.500020e+00
5.482524e+00
5.465121e+00
5.447809e+00
5.430589e+00
5.413460e+00
5.396420e+00
5.379469e+00
5.362607e+00
5.345832e+00
5.329145e+00
5.312544e+00
5.296029e+00
5.279598e+00
5.263253e+00
5.246990e+00
5.230811e+00
5.214715e+00
5.198700e+00
5.182767e+00
5.166914e+00
5.151141e+00
5.135447e+00
5.119833e+00
5.104296e+00
5.088837e+00
5.073455e+00
5.058150e+00
5.042920e+00
5.027766e+00
5.012687e+00
4.997681e+00
4.982750e+00
4.967891e+00
4.953105e+00
4.938392e+00
4.923749e+00
4.909178e+00
4.894677e+00
4.880247e+00
4.865885e+00
4.851593e+00
4.837369e+00
4.823213e+00
4.809125e+00
4.795104e+00
4.781149e+00
4.767261e+00
4.753438e+00
4.739680e+00
4.725986e+00
4.712358e+00
4.698792e+00
4.685290e+00
4.671852e+00
4.658475e+00
4.645161e+00
4.631908e+00
4.618716e+00
4.605585e+00
4.592514e+00
4.579503e+00
4.566552e+00
4.553660e+00
4.540827e+00
4.528051e+00
4.515334e+00
4.502674e+00
4.490071e+00
4.477526e+00
4.465036e+00
4.452602e+00
4.440224e+00
4.427901e+00
4.415633e+00
4.403420e+00
4.391260e+00
4.379154e+00
4.367102e+00
4.355103e+00
4.343156e+00
4.331262e+00
4.319420e+00
4.307630e+00
4.295890e+00
4.284202e+00
4.272565e+00
4.260978e+00
4.249440e+00
4.237953e+00
4.226515e+00
4.215126e+00
4.203786e+00
4.192494e+00
4.181250e+00
4.170054e+00
4.158906e+00
4.147804e+00
4.136750e+00
4.125742e+00
4.114781e+00
4.103866e+00
4.092996e+00
4.082172e+00
4.071393e+00
4.060659e+00
4.049969e+00
4.039324e+00
4.028723e+00
4.018165e+00
4.007651e+00
3.997181e+00
3.986753e+00
3.976368e+00
3.966025e+00
3.955725e+00
3.945466e+00
3.935250e+00
3.925074e+00
3.914940e+00
3.904847e+00
3.894794e+00
3.884782e+00
3.874810e+00
3.864878e+00
3.854985e+00
3.845133e+00
3.835319e+00
3.825544e+00
3.815808e+00
3.806111e+00
3.796452e+00
3.786831e+00
3.777247e+00
3.767702e+00
3.758194e+00
3.748723e+00
3.739289e+00
3.729892e+00
3.720531e+00
3.711207e+00
3.701918e+00
3.692666e+00
3.683449e+00
3.674268e+00
3.665122e+00
3.656012e+00
3.646936e+00
3.637895e+00
3.628888e+00
3.619915e+00
3.610977e+00
3.602073e+00
3.593202e+00
3.584365e+00
3.575561e+00
3.566790e+00
3.558052e+00
3.549347e+00
3.540675e+00
3.532035e+00
3.523427e+00
3.514851e+00
3.506307e+00
3.497795e+00
3.489314e+00
3.480865e+00
3.472446e+00
3.464059e+00
3.455703e+00
3.447377e+00
3.439081e+00
3.430816e+00
3.422581e+00
3.414377e+00
3.406201e+00
3.398056e+00
3.389940e+00
3.381853e+00
3.373796e+00
3.365768e+00
3.357768e+00
3.349797e+00
3.341855e+00
3.333941e+00
3.326055e+00
3.318198e+00
3.310368e+00
3.302566e+00
3.294792e+00
3.287046e+00
3.279326e+00
3.271634e+00
3.263969e+00
3.256331e+00
3.248720e+00
3.241135e+00
3.233577e+00
3.226045e+00
3.218539e+00
3.211060e+00
3.203606e+00
3.196179e+00
3.188777e+00
3.181400e+00
3.174049e+00
3.166723e+00
3.159423e+00
3.152147e+00
3.144897e+00
3.137671e+00
3.130469e+00
3.123293e+00
3.116140e+00
3.109012e+00
3.101908e+00
3.094828e+00
3.087772e+00
3.080740e+00
3.073732e+00
3.066747e+00
3.059785e+00
3.052847e+00
3.045932e+00
3.039040e+00
3.032171e+00
3.025325e+00
3.018501e+00
3.011700e+00
3.004922e+00
2.998166e+00
2.991432e+00
2.984721e+00
2.978031e+00
2.971364e+00
2.964718e+00
2.958094e+00
2.951492e+00
2.944912e+00
2.938352e+00
2.931814e+00
2.925298e+00
2.918802e+00
2.912327e+00
2.905874e+00
2.899441e+00
2.893028e+00
2.886637e+00
2.880266e+00
2.873915e+00
2.867585e+00
2.861275e+00
2.854984e+00
2.848714e+00
2.842464e+00
2.836234e+00
2.830024e+00
2.823833e+00
2.817661e+00
2.811509e+00
2.805377e+00
2.799264e+00
2.793170e+00
2.787095e+00
2.781039e+00
2.775002e+00
2.768983e+00
2.762984e+00
2.757003e+00
2.751041e+00
2.745097e+00
2.739172e+00
2.733265e+00
2.727376e+00
2.721505e+00
2.715652e+00
2.709818e+00
2.704001e+00
2.698202e+00
2.692421e+00
2.686657e+00
2.680911e+00
2.675182e+00
2.669471e+00
2.663777e+00
2.658101e+00
2.652441e+00
2.646799e+00
2.641173e+00
2.635565e+00
2.629973e+00
2.624399e+00
2.618841e+00
2.613299e+00
2.607774e+00
2.602266e+00
2.596774e+00
2.591298e+00
2.585839e+00
2.580396e+00
2.574969e+00
2.569557e+00
2.564162e+00
2.558783e+00
2.553420e+00
2.548072e+00
2.542741e+00
2.537424e+00
2.532124e+00
2.526839e+00
2.521569e+00
2.516314e+00
2.511075e+00
2.505851e+00
2.500643e+00
2.495449e+00
2.490271e+00
2.485107e+00
2.479958e+00
2.474824e+00
2.469705e+00
2.464601e+00
2.459511e+00
2.454436e+00
2.449375e+00
2.444329e+00
2.439297e+00
2.434279e+00
2.429276e+00
2.424287e+00
2.419312e+00
2.414351e+00
2.409404e+00
2.404471e+00
2.399552e+00
2.394647e+00
2.389756e+00
2.384879e+00
2.380015e+00
2.375164e+00
2.370328e+00
2.365504e+00
2.360695e+00
2.355898e+00
2.351115e+00
2.346346e+00
2.341589e+00
2.336846e+00
2.332115e+00
2.327398e+00
2.322694e+00
2.318003e+00
2.313325e+00
2.308659e+00
2.304006e+00
2.299366e+00
2.294739e+00
2.290125e+00
2.285523e+00
2.280933e+00
2.276356e+00
2.271792e+00
2.267239e+00
2.262699e+00
2.258172e+00
2.253657e+00
2.249153e+00
2.244662e+00
2.240183e+00
2.235716e+00
2.231261e+00
2.226818e+00
2.222387e+00
2.217968e+00
2.213561e+00
2.209165e+00
2.204781e+00
2.200409e+00
2.196048e+00
2.191699e+00
2.187361e+00
2.183035e+00
2.178720e+00
2.174416e+00
2.170124e+00
2.165844e+00
2.161574e+00
2.157316e+00
2.153069e+00
2.148833e+00
2.144608e+00
2.140394e+00
2.136191e+00
2.131999e+00
2.127817e+00
2.123647e+00
2.119488e+00
2.115339e+00
2.111201e+00
2.107074e+00
2.102957e+00
2.098851e+00
2.094755e+00
2.090671e+00
2.086596e+00
2.082532e+00
2.078478e+00
2.074435e+00
2.070402e+00
2.066380e+00
2.062367e+00
2.058365e+00
2.054373e+00
2.050391e+00
2.046419e+00
2.042457e+00
2.038506e+00
2.034564e+00
2.030632e+00
2.026710e+00
2.022798e+00
2.018896e+00
2.015003e+00
2.011121e+00
2.007248e+00
2.003384e+00
1.999531e+00
1.995686e+00
1.991852e+00
1.988027e+00
1.984211e+00
1.980405e+00
1.976609e+00
1.972822e+00
1.969044e+00
1.965275e+00
1.961516e+00
1.957766e+00
1.954025e+00
1.950294e+00
1.946572e+00
1.942858e+00
1.939154e+00
1.935459e+00
1.931773e+00
1.928096e+00
1.924427e+00
1.920768e+00
1.917118e+00
1.913476e+00
1.909844e+00
1.906220e+00
1.902605e+00
1.898998e+00
1.895401e+00
1.891811e+00
1.888231e+00
1.884659e+00
1.881096e+00
1.877541e+00
1.873995e+00
1.870457e+00
1.866928e+00
1.863407e+00
1.859895e+00
1.856391e+00
1.852895e+00
1.849408e+00
1.845928e+00
1.842457e+00
1.838995e+00
1.835540e+00
1.832094e+00
1.828656e+00
1.825225e+00
1.821803e+00
1.818389e+00
1.814983e+00
1.811585e+00
1.808195e+00
1.804813e+00
1.801438e+00
1.798072e+00
1.794714e+00
1.791363e+00
1.788020e+00
1.784685e+00
1.781357e+00
1.778037e+00
1.774725e+00
1.771421e+00
1.768124e+00
1.764835e+00
1.761553e+00
1.758279e+00
1.755013e+00
1.751754e+00
1.748502e+00
1.745258e+00
1.742021e+00
