2.000000e-06
2.001847e-06
1.213327e-06
8.433871e-07
6.416915e-07
5.181221e-07
4.356909e-07
3.772356e-07
3.339056e-07
3.007250e-07
2.746970e-07
2.539158e-07
2.371160e-07
2.234290e-07
2.122425e-07
2.031173e-07
1.957348e-07
1.898640e-07
1.853397e-07
1.820477e-07
1.799162e-07
1.789107e-07
1.790352e-07
1.803352e-07
1.829113e-07
1.869379e-07
1.926851e-07
2.005423e-07
2.110443e-07
2.249075e-07
2.430933e-07
2.669287e-07
2.983361e-07
3.402770e-07
3.976408e-07
4.791427e-07
6.017532e-07
8.021767e-07
1.170065e-06
1.955029e-06
1.930786e-06
-0.000000e+00
7.925940e-07
7.944979e-07
6.750671e-07
5.635344e-07
4.769686e-07
4.117060e-07
3.621044e-07
3.237521e-07
2.935694e-07
2.694479e-07
2.499324e-07
2.340018e-07
2.209272e-07
2.101801e-07
2.013735e-07
1.942221e-07
1.885169e-07
1.841071e-07
1.808890e-07
1.787984e-07
1.778075e-07
1.779290e-07
1.792137e-07
1.817650e-07
1.857512e-07
1.914239e-07
1.991391e-07
2.093814e-07
2.227936e-07
2.402218e-07
2.627890e-07
2.920258e-07
3.300891e-07
3.800931e-07
4.464975e-07
5.350503e-07
6.496625e-07
7.738324e-07
7.795721e-07
0.000000e+00
-0.000000e+00
3.737670e-07
4.969573e-07
4.988229e-07
4.603947e-07
4.145022e-07
3.720542e-07
3.357202e-07
3.054265e-07
2.803507e-07
2.595915e-07
2.423631e-07
2.280308e-07
2.160971e-07
2.061769e-07
1.979741e-07
1.912631e-07
1.858742e-07
1.816828e-07
1.786026e-07
1.765808e-07
1.755962e-07
1.756661e-07
1.768414e-07
1.792193e-07
1.829558e-07
1.882820e-07
1.955206e-07
2.050966e-07
2.175417e-07
2.334928e-07
2.536936e-07
2.789949e-07
3.103215e-07
3.484863e-07
3.935318e-07
4.427403e-07
4.851334e-07
4.877669e-07
3.693639e-07
0.000000e+00
-0.000000e+00
2.054498e-07
3.207151e-07
3.628590e-07
3.647107e-07
3.485851e-07
3.262842e-07
3.032929e-07
2.818806e-07
2.628140e-07
2.462031e-07
2.318968e-07
2.196607e-07
2.092532e-07
2.004557e-07
1.930825e-07
1.869818e-07
1.820337e-07
1.781472e-07
1.752582e-07
1.733270e-07
1.723390e-07
1.723152e-07
1.733074e-07
1.754053e-07
1.787554e-07
1.835754e-07
1.901580e-07
1.988559e-07
2.100457e-07
2.240808e-07
2.412366e-07
2.616317e-07
2.850596e-07
3.106079e-07
3.358242e-07
3.550153e-07
3.561625e-07
3.167466e-07
2.037648e-07
0.000000e+00
-0.000000e+00
1.272969e-07
2.175806e-07
2.671791e-07
2.869984e-07
2.888395e-07
2.812018e-07
2.692844e-07
2.559875e-07
2.428203e-07
2.305090e-07
2.193595e-07
2.094613e-07
2.007987e-07
1.933099e-07
1.869182e-07
1.815477e-07
1.771313e-07
1.736144e-07
1.709565e-07
1.691326e-07
1.681339e-07
1.679823e-07
1.687476e-07
1.705119e-07
1.734238e-07
1.776988e-07
1.835977e-07
1.913728e-07
2.011974e-07
2.130993e-07
2.268988e-07
2.421192e-07
2.578145e-07
2.722387e-07
2.822694e-07
2.825295e-07
2.644102e-07
2.160840e-07
1.266952e-07
0.000000e+00
-0.000000e+00
8.615004e-08
1.551245e-07
2.012732e-07
2.272609e-07
2.385698e-07
2.403971e-07
2.366536e-07
2.299633e-07
2.219696e-07
2.136524e-07
2.055703e-07
1.980259e-07
1.911700e-07
1.850667e-07
1.797324e-07
1.751594e-07
1.713295e-07
1.682227e-07
1.658221e-07
1.641178e-07
1.631124e-07
1.627953e-07
1.633344e-07
1.647750e-07
1.672893e-07
1.710956e-07
1.763988e-07
1.833032e-07
1.917379e-07
2.014149e-07
2.118005e-07
2.220622e-07
2.309558e-07
2.366250e-07
2.363127e-07
2.260658e-07
2.007281e-07
1.549187e-07
8.609513e-08
0.000000e+00
-0.000000e+00
6.217564e-08
1.154906e-07
1.555253e-07
1.822000e-07
1.977797e-07
2.051617e-07
2.069685e-07
2.052417e-07
2.014418e-07
1.965598e-07
1.912430e-07
1.859015e-07
1.807883e-07
1.760541e-07
1.717851e-07
1.680277e-07
1.648046e-07
1.621256e-07
1.599941e-07
1.584131e-07
1.573894e-07
1.569382e-07
1.572770e-07
1.584715e-07
1.607187e-07
1.642162e-07
1.690591e-07
1.751511e-07
1.821714e-07
1.895867e-07
1.966682e-07
2.024809e-07
2.058277e-07
2.051466e-07
1.983980e-07
1.830404e-07
1.563015e-07
1.160472e-07
6.245822e-08
0.000000e+00
-0.000000e+00
4.706043e-08
8.913508e-08
1.231356e-07
1.482324e-07
1.651859e-07
1.755005e-07
1.808163e-07
1.825922e-07
1.819955e-07
1.799016e-07
1.769397e-07
1.735486e-07
1.700274e-07
1.665761e-07
1.633260e-07
1.603615e-07
1.577359e-07
1.554823e-07
1.536215e-07
1.521686e-07
1.511404e-07
1.505647e-07
1.508054e-07
1.519122e-07
1.540921e-07
1.574635e-07
1.619446e-07
1.672160e-07
1.727577e-07
1.779109e-07
1.819238e-07
1.839588e-07
1.830577e-07
1.780837e-07
1.676855e-07
1.503648e-07
1.247543e-07
9.019758e-08
4.758073e-08
0.000000e+00
-0.000000e+00
3.693021e-08
7.085260e-08
9.964850e-08
1.224071e-07
1.392302e-07
1.508373e-07
1.582031e-07
1.623148e-07
1.640460e-07
1.641111e-07
1.630653e-07
1.613255e-07
1.591964e-07
1.568968e-07
1.545811e-07
1.523564e-07
1.502961e-07
1.484499e-07
1.468529e-07
1.455343e-07
1.445267e-07
1.438749e-07
1.441911e-07
1.454348e-07
1.477625e-07
1.511317e-07
1.552442e-07
1.595952e-07
1.635677e-07
1.665149e-07
1.678012e-07
1.667962e-07
1.628334e-07
1.551660e-07
1.429626e-07
1.253927e-07
1.018451e-07
7.228046e-08
3.762985e-08
0.000000e+00
-0.000000e+00
2.980738e-08
5.769594e-08
8.219802e-08
1.025164e-07
1.184898e-07
1.304150e-07
1.388436e-07
1.444175e-07
1.477622e-07
1.494310e-07
1.498848e-07
1.494913e-07
1.485356e-07
1.472335e-07
1.457451e-07
1.441874e-07
1.426442e-07
1.411763e-07
1.398316e-07
1.386590e-07
1.377227e-07
1.371059e-07
1.377496e-07
1.393738e-07
1.419955e-07
1.453553e-07
1.489660e-07
1.522336e-07
1.545688e-07
1.554508e-07
1.544357e-07
1.511214e-07
1.450951e-07
1.358992e-07
1.230443e-07
1.060924e-07
8.481471e-08
5.940065e-08
3.064620e-08
0.000000e+00
-0.000000e+00
2.460308e-08
4.792535e-08
6.893073e-08
8.697039e-08
1.017970e-07
1.134888e-07
1.223385e-07
1.287491e-07
1.331538e-07
1.359658e-07
1.375513e-07
1.382192e-07
1.382211e-07
1.377562e-07
1.369787e-07
1.360052e-07
1.349229e-07
1.337991e-07
1.326944e-07
1.316864e-07
1.309065e-07
1.305695e-07
1.318293e-07
1.340012e-07
1.369084e-07
1.400939e-07
1.429777e-07
1.450000e-07
1.457046e-07
1.447577e-07
1.419136e-07
1.369580e-07
1.296562e-07
1.197360e-07
1.069142e-07
9.097144e-08
7.186350e-08
4.984392e-08
2.555066e-08
0.000000e+00
-0.000000e+00
2.067943e-08
4.047140e-08
5.862886e-08
7.463707e-08
8.823875e-08
9.940419e-08
1.082724e-07
1.150864e-07
1.201380e-07
1.237269e-07
1.261351e-07
1.276129e-07
1.283733e-07
1.285918e-07
1.284092e-07
1.279360e-07
1.272589e-07
1.264497e-07
1.255811e-07
1.247556e-07
1.241969e-07
1.247325e-07
1.267643e-07
1.294484e-07
1.324359e-07
1.351622e-07
1.370789e-07
1.377645e-07
1.369508e-07
1.344902e-07
1.302923e-07
1.242638e-07
1.162744e-07
1.061581e-07
9.375039e-08
7.895130e-08
6.180212e-08
4.255520e-08
2.171148e-08
0.000000e+00
-0.000000e+00
1.764311e-08
3.465178e-08
5.047600e-08
6.471007e-08
7.711650e-08
8.761667e-08
9.626017e-08
1.031859e-07
1.085846e-07
1.126685e-07
1.156493e-07
1.177239e-07
1.190674e-07
1.198293e-07
1.201341e-07
1.200846e-07
1.197684e-07
1.192687e-07
1.186727e-07
1.180529e-07
1.173275e-07
1.205207e-07
1.227472e-07
1.256237e-07
1.283418e-07
1.302995e-07
1.310802e-07
1.304539e-07
1.283362e-07
1.247192e-07
1.196035e-07
1.129545e-07
1.046920e-07
9.470820e-08
8.290736e-08
6.925555e-08
5.383086e-08
3.686155e-08
1.873978e-08
0.000000e+00
-0.000000e+00
1.524113e-08
3.001651e-08
4.391313e-08
5.661054e-08
6.790034e-08
7.768564e-08
8.596558e-08
9.281222e-08
9.834591e-08
1.027132e-07
1.060694e-07
1.085664e-07
1.103443e-07
1.115280e-07
1.122271e-07
1.125403e-07
1.125665e-07
1.124223e-07
1.122630e-07
1.122919e-07
1.127592e-07
1.160580e-07
1.192600e-07
1.221682e-07
1.242961e-07
1.252612e-07
1.248669e-07
1.230754e-07
1.199372e-07
1.155183e-07
1.098514e-07
1.029181e-07
9.465875e-08
8.499920e-08
7.388621e-08
6.132337e-08
4.740181e-08
3.231990e-08
1.638602e-08
0.000000e+00
-0.000000e+00
1.330486e-08
2.625990e-08
3.854938e-08
4.991849e-08
6.018856e-08
6.925984e-08
7.710417e-08
8.375144e-08
8.927356e-08
9.376896e-08
9.734934e-08
1.001295e-07
1.022206e-07
1.037275e-07
1.047502e-07
1.053926e-07
1.057772e-07
1.060672e-07
1.064911e-07
1.073701e-07
1.091597e-07
1.130419e-07
1.163743e-07
1.188038e-07
1.200285e-07
1.199017e-07
1.184297e-07
1.157093e-07
1.118547e-07
1.069467e-07
1.010117e-07
9.402776e-08
8.594473e-08
7.671177e-08
6.630416e-08
5.474688e-08
4.213240e-08
2.863009e-08
1.448435e-08
0.000000e+00
-0.000000e+00
1.171836e-08
2.316880e-08
3.410593e-08
4.432541e-08
5.367550e-08
6.206093e-08
6.943981e-08
7.581590e-08
8.122832e-08
8.574089e-08
8.943257e-08
9.238996e-08
9.470306e-08
9.646516e-08
9.777834e-08
9.876472e-08
9.958016e-08
1.004226e-07
1.015330e-07
1.032773e-07
1.071038e-07
1.109679e-07
1.137153e-07
1.152127e-07
1.153598e-07
1.141962e-07
1.118526e-07
1.084778e-07
1.041863e-07
9.903674e-08
9.303486e-08
8.615192e-08
7.834674e-08
6.958715e-08
5.986823e-08
4.922670e-08
3.775067e-08
2.558366e-08
1.292130e-08
0.000000e+00
-0.000000e+00
1.039976e-08
2.059098e-08
3.038014e-08
3.960175e-08
4.812723e-08
5.586884e-08
6.277885e-08
6.884534e-08
7.408581e-08
7.854022e-08
8.226483e-08
8.532806e-08
8.780983e-08
8.980550e-08
9.143462e-08
9.285090e-08
9.424316e-08
9.580423e-08
9.760630e-08
9.916661e-08
1.073254e-07
1.092855e-07
1.107850e-07
1.111283e-07
1.102365e-07
1.082311e-07
1.052766e-07
1.015079e-07
9.700376e-08
9.178943e-08
8.585272e-08
7.916335e-08
7.169065e-08
6.341796e-08
5.435390e-08
4.454078e-08
3.405986e-08
2.303259e-08
1.161717e-08
0.000000e+00
-0.000000e+00
9.289804e-09
1.841548e-08
2.722232e-08
3.557492e-08
4.336407e-08
5.051049e-08
5.696532e-08
6.270812e-08
6.774342e-08
7.209694e-08
7.581297e-08
7.895406e-08
8.160434e-08
8.387628e-08
8.591811e-08
8.791537e-08
9.007781e-08
9.261028e-08
9.569622e-08
9.963552e-08
1.043338e-07
1.064614e-07
1.070804e-07
1.064441e-07
1.047435e-07
1.021644e-07
9.885348e-08
9.490056e-08
9.034251e-08
8.517870e-08
7.938833e-08
7.294547e-08
6.583051e-08
5.803902e-08
4.958835e-08
4.052262e-08
3.091537e-08
2.086965e-08
1.051479e-08
0.000000e+00
-0.000000e+00
8.344797e-09
1.656028e-08
2.452120e-08
3.211546e-08
3.924997e-08
4.585413e-08
5.188124e-08
5.730825e-08
6.213477e-08
6.638240e-08
7.009550e-08
7.334427e-08
7.622973e-08
7.888783e-08
8.148697e-08
8.420996e-08
8.721502e-08
9.059036e-08
9.440735e-08
9.956586e-08
1.021875e-07
1.031160e-07
1.027300e-07
1.013101e-07
9.907280e-08
9.617377e-08
9.270718e-08
8.871528e-08
8.420439e-08
7.916094e-08
7.356422e-08
6.739571e-08
6.064579e-08
5.331896e-08
4.543781e-08
3.704595e-08
2.820936e-08
1.901584e-08
9.572327e-09
0.000000e+00
-0.000000e+00
7.532793e-09
1.496612e-08
2.219704e-08
2.913172e-08
3.569076e-08
4.181282e-08
4.745678e-08
5.260307e-08
5.725489e-08
6.144009e-08
6.521416e-08
6.866364e-08
7.190762e-08
7.509241e-08
7.837242e-08
8.187004e-08
8.560750e-08
8.938643e-08
9.246046e-08
9.960406e-08
9.956235e-08
9.911546e-08
9.788861e-08
9.595296e-08
9.342968e-08
9.040327e-08
8.691443e-08
8.297224e-08
7.856785e-08
7.368517e-08
6.830823e-08
6.242628e-08
5.603771e-08
4.915314e-08
4.179796e-08
3.401402e-08
2.586027e-08
1.741202e-08
8.758666e-09
0.000000e+00
-0.000000e+00
6.833132e-09
1.359626e-08
2.020290e-08
2.657384e-08
3.264237e-08
3.835794e-08
4.368914e-08
4.862610e-08
5.318314e-08
5.740145e-08
6.135103e-08
6.512995e-08
6.885700e-08
7.265349e-08
7.661101e-08
8.074860e-08
8.497611e-08
8.910936e-08
9.307556e-08
9.534776e-08
9.537148e-08
9.440027e-08
9.275743e-08
9.058776e-08
8.796981e-08
8.493979e-08
8.150658e-08
7.766405e-08
7.339970e-08
6.870043e-08
6.355627e-08
5.796322e-08
5.192556e-08
4.545792e-08
3.858686e-08
3.135188e-08
2.380568e-08
1.601329e-08
8.050311e-09
0.000000e+00
-0.000000e+00
6.239088e-09
1.244130e-08
1.853163e-08
2.444328e-08
3.012238e-08
3.553146e-08
4.065235e-08
4.548885e-08
5.006871e-08
5.444423e-08
5.868959e-08
6.289214e-08
6.713481e-08
7.146827e-08
7.587666e-08
8.024947e-08
8.438402e-08
8.804907e-08
9.112479e-08
9.138456e-08
9.074130e-08
8.942618e-08
8.761239e-08
8.538725e-08
8.278711e-08
7.982111e-08
7.648505e-08
7.276940e-08
6.866377e-08
6.415978e-08
5.925300e-08
5.394470e-08
4.824338e-08
4.216611e-08
3.573965e-08
2.900097e-08
2.199725e-08
1.478515e-08
7.429277e-09
0.000000e+00
-0.000000e+00
5.760863e-09
1.152290e-08
1.721855e-08
2.279240e-08
2.820395e-08
3.342977e-08
3.846526e-08
4.332559e-08
4.804495e-08
5.267250e-08
5.726319e-08
6.186164e-08
6.647903e-08
7.106693e-08
7.549827e-08
7.957157e-08
8.305311e-08
8.575171e-08
8.758168e-08
8.698907e-08
8.594513e-08
8.447832e-08
8.263748e-08
8.044966e-08
7.792273e-08
7.505404e-08
7.183659e-08
6.826261e-08
6.432559e-08
6.002174e-08
5.535120e-08
5.031919e-08
4.493712e-08
3.922350e-08
3.320467e-08
2.691509e-08
2.039721e-08
1.370078e-08
6.881638e-09
0.000000e+00
-0.000000e+00
5.422544e-09
1.088392e-08
1.632211e-08
2.169269e-08
2.696773e-08
3.213529e-08
3.719874e-08
4.217460e-08
4.708772e-08
5.196243e-08
5.680882e-08
6.160502e-08
6.627932e-08
7.070042e-08
7.468669e-08
7.804152e-08
8.060690e-08
8.230678e-08
8.314179e-08
8.232042e-08
8.117589e-08
7.970795e-08
7.792052e-08
7.581426e-08
7.338606e-08
7.063080e-08
6.754308e-08
6.411838e-08
6.035410e-08
5.625035e-08
5.181085e-08
4.704373e-08
4.196239e-08
3.658608e-08
3.094042e-08
2.505749e-08
1.897570e-08
1.273910e-08
6.396494e-09
0.000000e+00
-0.000000e+00
5.246822e-09
1.055620e-08
1.587376e-08
2.116579e-08
2.641353e-08
3.160967e-08
3.675478e-08
4.185215e-08
4.689996e-08
5.188069e-08
5.674884e-08
6.142080e-08
6.577264e-08
6.965245e-08
7.290947e-08
7.543179e-08
7.717375e-08
7.815416e-08
7.842011e-08
7.765692e-08
7.657670e-08
7.518945e-08
7.349498e-08
7.149057e-08
6.917293e-08
6.653893e-08
6.358620e-08
6.031365e-08
5.672205e-08
5.281471e-08
4.859809e-08
4.408250e-08
3.928262e-08
3.421802e-08
2.891342e-08
2.339876e-08
1.770897e-08
1.188344e-08
5.965229e-09
0.000000e+00
-0.000000e+00
5.229162e-09
1.051415e-08
1.581507e-08
2.110821e-08
2.637835e-08
3.161373e-08
3.680106e-08
4.191933e-08
4.693257e-08
5.178271e-08
5.638549e-08
6.063299e-08
6.440629e-08
6.759719e-08
7.013250e-08
7.198905e-08
7.319041e-08
7.378551e-08
7.381959e-08
7.319552e-08
7.223522e-08
7.095869e-08
6.937228e-08
6.747773e-08
6.527540e-08
6.276557e-08
5.994909e-08
5.682793e-08
5.340573e-08
4.968833e-08
4.568431e-08
4.140554e-08
3.686755e-08
3.208993e-08
2.709647e-08
2.191516e-08
1.657798e-08
1.112045e-08
5.580975e-09
0.000000e+00
-0.000000e+00
5.316015e-09
1.064450e-08
1.596755e-08
2.126956e-08
2.653308e-08
3.173552e-08
3.684531e-08
4.181807e-08
4.659360e-08
5.109573e-08
5.523698e-08
5.892909e-08
6.209767e-08
6.469626e-08
6.671338e-08
6.816853e-08
6.909889e-08
6.954286e-08
6.952813e-08
6.903568e-08
6.819667e-08
6.703309e-08
6.555618e-08
6.377218e-08
6.168524e-08
5.929882e-08
5.661664e-08
5.364325e-08
5.038460e-08
4.684854e-08
4.304528e-08
3.898778e-08
3.469211e-08
3.017769e-08
2.546737e-08
2.058742e-08
1.556733e-08
1.043940e-08
5.238219e-09
0.000000e+00
-0.000000e+00
5.409977e-09
1.076839e-08
1.607881e-08
2.132999e-08
2.649945e-08
3.155417e-08
3.645024e-08
4.113305e-08
4.553926e-08
4.960159e-08
5.325645e-08
5.645296e-08
5.916032e-08
6.137060e-08
6.309545e-08
6.435803e-08
6.518381e-08
6.559380e-08
6.560260e-08
6.521363e-08
6.447965e-08
6.341984e-08
6.204686e-08
6.036951e-08
5.839452e-08
5.612783e-08
5.357539e-08
5.074381e-08
4.764087e-08
4.427595e-08
4.066047e-08
3.680817e-08
3.273541e-08
2.846132e-08
2.400787e-08
1.939982e-08
1.466451e-08
9.831584e-09
4.932498e-09
0.000000e+00
-0.000000e+00
5.413369e-09
1.072236e-08
1.593884e-08
2.105105e-08
2.603250e-08
3.084603e-08
3.544660e-08
3.978435e-08
4.380874e-08
4.747365e-08
5.074258e-08
5.359235e-08
5.601417e-08
5.801135e-08
5.959490e-08
6.077853e-08
6.157491e-08
6.199418e-08
6.204478e-08
6.173472e-08
6.108789e-08
6.011958e-08
5.884188e-08
5.726444e-08
5.539549e-08
5.324257e-08
5.081327e-08
4.811573e-08
4.515910e-08
4.195392e-08
3.851247e-08
3.484902e-08
3.098004e-08
2.692431e-08
2.270297e-08
1.833945e-08
1.385931e-08
9.289926e-09
4.660186e-09
0.000000e+00
-0.000000e+00
5.283822e-09
1.044440e-08
1.548435e-08
2.038728e-08
2.512519e-08
2.966307e-08
3.396243e-08
3.798476e-08
4.169497e-08
4.506435e-08
4.807262e-08
5.070837e-08
5.296787e-08
5.485288e-08
5.636806e-08
5.751899e-08
5.831111e-08
5.874970e-08
5.884078e-08
5.859222e-08
5.801752e-08
5.712870e-08
5.593661e-08
5.445090e-08
5.268042e-08
5.063369e-08
4.831939e-08
4.574674e-08
4.292586e-08
3.986814e-08
3.658646e-08
3.309539e-08
2.941140e-08
2.555289e-08
2.154024e-08
1.739571e-08
1.314333e-08
8.808620e-09
4.418316e-09
0.000000e+00
-0.000000e+00
5.049837e-09
9.988399e-09
1.480057e-08
1.946358e-08
2.394930e-08
2.822692e-08
3.226541e-08
3.603582e-08
3.951316e-08
4.267762e-08
4.551497e-08
4.801616e-08
5.017630e-08
5.199346e-08
5.346765e-08
5.460011e-08
5.539305e-08
5.584979e-08
5.597513e-08
5.577583e-08
5.526125e-08
5.444109e-08
5.332496e-08
5.192212e-08
5.024158e-08
4.829238e-08
4.608386e-08
4.362595e-08
4.092946e-08
3.800633e-08
3.486982e-08
3.153468e-08
2.801727e-08
2.433561e-08
2.050937e-08
1.655982e-08
1.250968e-08
8.382900e-09
4.204456e-09
0.000000e+00
-0.000000e+00
4.773857e-09
9.460881e-09
1.403155e-08
1.845765e-08
2.271093e-08
2.676360e-08
3.058933e-08
3.416436e-08
3.746826e-08
4.048431e-08
4.319951e-08
4.560425e-08
4.769178e-08
4.945771e-08
5.089961e-08
5.201667e-08
5.280962e-08
5.328073e-08
5.343389e-08
5.327474e-08
5.281054e-08
5.204945e-08
5.100002e-08
4.967103e-08
4.807140e-08
4.621039e-08
4.409771e-08
4.174373e-08
3.915969e-08
3.635788e-08
3.335179e-08
3.015622e-08
2.678738e-08
2.326289e-08
1.960181e-08
1.582452e-08
1.195265e-08
8.008842e-09
4.016604e-09
0.000000e+00
-0.000000e+00
4.507497e-09
8.950379e-09
1.329252e-08
1.750266e-08
2.155223e-08
2.541478e-08
2.906608e-08
3.248442e-08
3.565089e-08
3.854950e-08
4.116710e-08
4.349327e-08
4.552004e-08
4.724170e-08
4.865450e-08
4.975659e-08
5.054777e-08
5.102954e-08
5.120496e-08
5.107869e-08
5.065674e-08
4.994614e-08
4.895466e-08
4.769056e-08
4.616260e-08
4.438007e-08
4.235285e-08
4.009155e-08
3.760767e-08
3.491370e-08
3.202323e-08
2.895103e-08
2.571312e-08
2.232676e-08
1.881044e-08
1.518380e-08
1.146754e-08
7.683213e-09
3.853113e-09
0.000000e+00
-0.000000e+00
4.275685e-09
8.501908e-09
1.264181e-08
1.666338e-08
2.053800e-08
2.423969e-08
2.774498e-08
3.103285e-08
3.408480e-08
3.688487e-08
3.941965e-08
4.167815e-08
4.365168e-08
4.533373e-08
4.671982e-08
4.780730e-08
4.859533e-08
4.908468e-08
4.927774e-08
4.917832e-08
4.879158e-08
4.812373e-08
4.718190e-08
4.597394e-08
4.450838e-08
4.279444e-08
4.084205e-08
3.866194e-08
3.626574e-08
3.366602e-08
3.087639e-08
2.791155e-08
2.478730e-08
2.152058e-08
1.812938e-08
1.463271e-08
1.105048e-08
7.403357e-09
3.712633e-09
0.000000e+00
-0.000000e+00
4.084141e-09
8.127915e-09
1.209633e-08
1.595805e-08
1.968483e-08
2.325106e-08
2.663359e-08
2.981167e-08
3.276691e-08
3.548332e-08
3.794726e-08
4.014737e-08
4.207451e-08
4.372164e-08
4.508369e-08
4.615748e-08
4.694156e-08
4.743614e-08
4.764299e-08
4.756528e-08
4.720752e-08
4.657531e-08
4.567528e-08
4.451492e-08
4.310254e-08
4.144724e-08
3.955895e-08
3.744843e-08
3.512732e-08
3.260824e-08
2.990475e-08
2.703145e-08
2.400395e-08
2.083887e-08
1.755378e-08
1.416717e-08
1.069829e-08
7.167101e-09
3.594059e-09
0.000000e+00
-0.000000e+00
3.930746e-09
7.826436e-09
1.165445e-08
1.538470e-08
1.898962e-08
2.244405e-08
2.572513e-08
2.881229e-08
3.168722e-08
3.433390e-08
3.673853e-08
3.888950e-08
4.077734e-08
4.239462e-08
4.373584e-08
4.479737e-08
4.557730e-08
4.607535e-08
4.629279e-08
4.623231e-08
4.589790e-08
4.529472e-08
4.442899e-08
4.330791e-08
4.193960e-08
4.033303e-08
3.849808e-08
3.644548e-08
3.418688e-08
3.173484e-08
2.910291e-08
2.630554e-08
2.335817e-08
2.027715e-08
1.707971e-08
1.378388e-08
1.040842e-08
6.972689e-09
3.496500e-09
0.000000e+00
-0.000000e+00
3.811988e-09
7.592106e-09
1.130976e-08
1.493614e-08
1.844447e-08
2.181006e-08
2.501036e-08
2.802499e-08
3.083572e-08
3.342650e-08
3.578344e-08
3.789476e-08
3.975074e-08
4.134366e-08
4.266771e-08
4.371889e-08
4.449492e-08
4.499517e-08
4.522052e-08
4.517328e-08
4.485706e-08
4.427667e-08
4.343804e-08
4.234814e-08
4.101490e-08
3.944721e-08
3.765485e-08
3.564853e-08
3.343985e-08
3.104135e-08
2.846648e-08
2.572962e-08
2.284603e-08
1.983184e-08
1.670400e-08
1.348022e-08
1.017883e-08
6.818728e-09
3.419247e-09
0.000000e+00
-0.000000e+00
3.725042e-09
7.420167e-09
1.105627e-08
1.460558e-08
1.804201e-08
2.134133e-08
2.448126e-08
2.744158e-08
3.020417e-08
3.275295e-08
3.507399e-08
3.715537e-08
3.898722e-08
4.056160e-08
4.187246e-08
4.291556e-08
4.368834e-08
4.418990e-08
4.442085e-08
4.438325e-08
4.408040e-08
4.351687e-08
4.269837e-08
4.163169e-08
4.032466e-08
3.878605e-08
3.702558e-08
3.505392e-08
3.288263e-08
3.052421e-08
2.799205e-08
2.530042e-08
2.246447e-08
1.950017e-08
1.642425e-08
1.325415e-08
1.000793e-08
6.704145e-09
3.361758e-09
0.000000e+00
-0.000000e+00
3.668008e-09
7.307248e-09
1.088957e-08
1.438791e-08
1.777668e-08
2.103198e-08
2.413177e-08
2.705594e-08
2.978643e-08
3.230718e-08
3.460421e-08
3.666554e-08
3.848118e-08
4.004307e-08
4.134500e-08
4.238255e-08
4.315300e-08
4.365525e-08
4.388974e-08
4.385845e-08
4.356442e-08
4.301203e-08
4.220686e-08
4.115561e-08
3.986599e-08
3.834673e-08
3.660750e-08
3.465892e-08
3.251254e-08
3.018081e-08
2.767706e-08
2.501553e-08
2.221126e-08
1.928010e-08
1.623866e-08
1.310421e-08
9.894591e-09
6.628160e-09
3.323636e-09
0.000000e+00
-0.000000e+00
3.639743e-09
7.251255e-09
1.080684e-08
1.427982e-08
1.764483e-08
2.087817e-08
2.395790e-08
2.686401e-08
2.957843e-08
3.208515e-08
3.437015e-08
3.642142e-08
3.822892e-08
3.978451e-08
4.108192e-08
4.211665e-08
4.288588e-08
4.338838e-08
4.362440e-08
4.359642e-08
4.330680e-08
4.275996e-08
4.196144e-08
4.091788e-08
3.963696e-08
3.812737e-08
3.639876e-08
3.446173e-08
3.232780e-08
3.000940e-08
2.751986e-08
2.487336e-08
2.208491e-08
1.917031e-08
1.614608e-08
1.302941e-08
9.838062e-09
6.590264e-09
3.304624e-09
0.000000e+00
