-1.466751e-04
-9.931281e-05
8.422383e-05
3.577455e-04
6.905927e-04
1.062631e-03
1.460553e-03
1.875564e-03
2.301861e-03
2.735615e-03
3.174299e-03
3.616244e-03
4.060345e-03
4.505870e-03
4.952336e-03
5.399424e-03
5.846921e-03
6.294686e-03
6.742627e-03
7.190682e-03
7.638809e-03
8.086983e-03
8.535185e-03
8.983402e-03
9.431628e-03
9.879857e-03
1.032808e-02
1.077631e-02
1.122453e-02
1.167275e-02
1.212096e-02
1.256916e-02
1.301736e-02
1.346555e-02
1.391374e-02
1.436192e-02
1.481009e-02
1.525826e-02
1.570642e-02
1.615458e-02
1.660273e-02
1.705088e-02
1.749902e-02
1.794715e-02
1.839528e-02
1.884340e-02
1.929152e-02
1.973964e-02
2.018775e-02
2.063585e-02
2.108395e-02
2.153205e-02
2.198014e-02
2.242822e-02
2.287631e-02
2.332438e-02
2.377246e-02
2.422053e-02
2.466859e-02
2.511665e-02
2.556471e-02
2.601277e-02
2.646082e-02
2.690886e-02
2.735691e-02
2.780494e-02
2.825298e-02
2.870101e-02
2.914904e-02
2.959707e-02
3.004509e-02
3.049311e-02
3.094112e-02
3.138914e-02
3.183714e-02
3.228515e-02
3.273315e-02
3.318115e-02
3.362915e-02
3.407714e-02
3.452514e-02
3.497312e-02
3.542111e-02
3.586909e-02
3.631707e-02
3.676505e-02
3.721302e-02
3.766099e-02
3.810896e-02
3.855693e-02
3.900489e-02
3.945286e-02
3.990081e-02
4.034877e-02
4.079673e-02
4.124468e-02
4.169263e-02
4.214057e-02
4.258852e-02
4.303646e-02
4.348440e-02
4.393234e-02
4.438027e-02
4.482821e-02
4.527614e-02
4.572407e-02
4.617199e-02
4.661992e-02
4.706784e-02
4.751576e-02
4.796368e-02
4.841160e-02
4.885951e-02
4.930742e-02
4.975533e-02
5.020324e-02
5.065115e-02
5.109905e-02
5.154695e-02
5.199486e-02
5.244275e-02
5.289065e-02
5.333855e-02
5.378644e-02
5.423433e-02
5.468222e-02
5.513011e-02
5.557799e-02
5.602588e-02
5.647376e-02
5.692164e-02
5.736952e-02
5.781740e-02
5.826528e-02
5.871315e-02
5.916102e-02
5.960889e-02
6.005676e-02
6.050463e-02
6.095250e-02
6.140036e-02
6.184822e-02
6.229608e-02
6.274394e-02
6.319180e-02
6.363966e-02
6.408751e-02
6.453537e-02
6.498322e-02
6.543107e-02
6.587892e-02
6.632677e-02
6.677461e-02
6.722246e-02
6.767030e-02
6.811815e-02
6.856599e-02
6.901383e-02
6.946166e-02
6.990950e-02
7.035733e-02
7.080517e-02
7.125300e-02
7.170083e-02
7.214866e-02
7.259649e-02
7.304432e-02
7.349214e-02
7.393997e-02
7.438779e-02
7.483561e-02
7.528343e-02
7.573125e-02
7.617907e-02
7.662689e-02
7.707470e-02
7.752252e-02
7.797033e-02
7.841814e-02
7.886595e-02
7.931376e-02
7.976157e-02
8.020938e-02
8.065718e-02
8.110499e-02
8.155279e-02
8.200060e-02
8.244840e-02
8.289620e-02
8.334400e-02
8.379179e-02
8.423959e-02
8.468739e-02
8.513518e-02
8.558297e-02
8.603077e-02
8.647856e-02
8.692635e-02
8.737414e-02
8.782192e-02
8.826971e-02
8.871750e-02
8.916528e-02
8.961307e-02
9.006085e-02
9.050863e-02
9.095641e-02
9.140419e-02
9.185197e-02
9.229975e-02
9.274752e-02
9.319530e-02
9.364307e-02
9.409084e-02
9.453862e-02
9.498639e-02
9.543416e-02
9.588193e-02
9.632970e-02
9.677746e-02
9.722523e-02
9.767300e-02
9.812076e-02
9.856852e-02
9.901629e-02
9.946405e-02
9.991181e-02
1.003596e-01
1.008073e-01
1.012551e-01
1.017028e-01
1.021506e-01
1.025984e-01
1.030461e-01
1.034939e-01
1.039416e-01
1.043894e-01
1.048371e-01
1.052849e-01
1.057326e-01
1.061804e-01
1.066281e-01
1.070759e-01
1.075236e-01
1.079713e-01
1.084191e-01
1.088668e-01
1.093146e-01
1.097623e-01
1.102101e-01
1.106578e-01
1.111055e-01
1.115533e-01
1.120010e-01
1.124487e-01
1.128965e-01
1.133442e-01
1.137919e-01
1.142397e-01
1.146874e-01
1.151351e-01
1.155829e-01
1.160306e-01
1.164783e-01
1.169261e-01
1.173738e-01
1.178215e-01
1.182692e-01
1.187170e-01
1.191647e-01
1.196124e-01
1.200601e-01
1.205079e-01
1.209556e-01
1.214033e-01
1.218510e-01
1.222987e-01
1.227465e-01
1.231942e-01
1.236419e-01
1.240896e-01
1.245373e-01
1.249850e-01
1.254327e-01
1.258805e-01
1.263282e-01
1.267759e-01
1.272236e-01
1.276713e-01
1.281190e-01
1.285667e-01
1.290144e-01
1.294621e-01
1.299098e-01
1.303575e-01
1.308053e-01
1.312530e-01
1.317007e-01
1.321484e-01
1.325961e-01
1.330438e-01
1.334915e-01
1.339392e-01
1.343869e-01
1.348346e-01
1.352823e-01
1.357300e-01
1.361777e-01
1.366254e-01
1.370731e-01
1.375207e-01
1.379684e-01
1.384161e-01
1.388638e-01
1.393115e-01
1.397592e-01
1.402069e-01
1.406546e-01
1.411023e-01
1.415500e-01
1.419977e-01
1.424453e-01
1.428930e-01
1.433407e-01
1.437884e-01
1.442361e-01
1.446838e-01
1.451315e-01
1.455791e-01
1.460268e-01
1.464745e-01
1.469222e-01
1.473699e-01
1.478175e-01
1.482652e-01
1.487129e-01
1.491606e-01
1.496083e-01
1.500559e-01
1.505036e-01
1.509513e-01
1.513990e-01
1.518466e-01
1.522943e-01
1.527420e-01
1.531897e-01
1.536373e-01
1.540850e-01
1.545327e-01
1.549803e-01
1.554280e-01
1.558757e-01
1.563233e-01
1.567710e-01
1.572187e-01
1.576663e-01
1.581140e-01
1.585617e-01
1.590093e-01
1.594570e-01
1.599046e-01
1.603523e-01
1.608000e-01
1.612476e-01
1.616953e-01
1.621429e-01
1.625906e-01
1.630382e-01
1.634859e-01
1.639336e-01
1.643812e-01
1.648289e-01
1.652765e-01
1.657242e-01
1.661718e-01
1.666194e-01
1.670671e-01
1.675147e-01
1.679624e-01
1.684100e-01
1.688577e-01
1.693053e-01
1.697530e-01
1.702006e-01
1.706482e-01
1.710959e-01
1.715435e-01
1.719911e-01
1.724388e-01
1.728864e-01
1.733340e-01
1.737817e-01
1.742293e-01
1.746769e-01
1.751245e-01
1.755721e-01
1.760198e-01
1.764674e-01
1.769150e-01
1.773626e-01
1.778102e-01
1.782578e-01
1.787055e-01
1.791531e-01
1.796007e-01
1.800483e-01
1.804959e-01
1.809435e-01
1.813911e-01
1.818387e-01
1.822863e-01
1.827338e-01
1.831814e-01
1.836290e-01
1.840766e-01
1.845242e-01
1.849718e-01
1.854193e-01
1.858669e-01
1.863145e-01
1.867620e-01
1.872096e-01
1.876572e-01
1.881047e-01
1.885523e-01
1.889998e-01
1.894473e-01
1.898949e-01
1.903424e-01
1.907900e-01
1.912375e-01
1.916850e-01
1.921325e-01
1.925800e-01
1.930275e-01
1.934750e-01
1.939225e-01
1.943700e-01
1.948175e-01
1.952650e-01
1.957125e-01
1.961600e-01
1.966074e-01
1.970549e-01
1.975023e-01
1.979498e-01
1.983972e-01
1.988447e-01
1.992921e-01
1.997395e-01
2.001869e-01
2.006343e-01
2.010817e-01
2.015291e-01
2.019765e-01
2.024239e-01
2.028712e-01
2.033186e-01
2.037660e-01
2.042133e-01
2.046606e-01
2.051079e-01
2.055553e-01
2.060026e-01
2.064498e-01
2.068971e-01
2.073444e-01
2.077916e-01
2.082389e-01
2.086861e-01
2.091333e-01
2.095806e-01
2.100277e-01
2.104749e-01
2.109221e-01
2.113693e-01
2.118164e-01
2.122635e-01
2.127106e-01
2.131577e-01
2.136048e-01
2.140519e-01
2.144989e-01
2.149460e-01
2.153930e-01
2.158400e-01
2.162870e-01
2.167340e-01
2.171809e-01
2.176278e-01
2.180747e-01
2.185216e-01
2.189685e-01
2.194154e-01
2.198622e-01
2.203090e-01
2.207558e-01
2.212025e-01
2.216493e-01
2.220960e-01
2.225427e-01
2.229894e-01
2.234360e-01
2.238826e-01
2.243292e-01
2.247758e-01
2.252224e-01
2.256689e-01
2.261154e-01
2.265618e-01
2.270082e-01
2.274546e-01
2.279010e-01
2.283474e-01
2.287937e-01
2.292399e-01
2.296862e-01
2.301324e-01
2.305786e-01
2.310247e-01
2.314708e-01
2.319169e-01
2.323629e-01
2.328089e-01
2.332549e-01
2.337008e-01
2.341467e-01
2.345926e-01
2.350384e-01
2.354841e-01
2.359299e-01
2.363755e-01
2.368212e-01
2.372668e-01
2.377123e-01
2.381578e-01
2.386033e-01
2.390487e-01
2.394940e-01
2.399394e-01
2.403846e-01
2.408298e-01
2.412750e-01
2.417201e-01
2.421651e-01
2.426101e-01
2.430551e-01
2.435000e-01
2.439448e-01
2.443896e-01
2.448343e-01
2.452790e-01
2.457236e-01
2.461681e-01
2.466126e-01
2.470570e-01
2.475013e-01
2.479456e-01
2.483898e-01
2.488340e-01
2.492781e-01
2.497221e-01
2.501660e-01
2.506099e-01
2.510537e-01
2.514974e-01
2.519411e-01
2.523847e-01
2.528282e-01
2.532716e-01
2.537149e-01
2.541582e-01
2.546014e-01
2.550445e-01
2.554875e-01
2.559305e-01
2.563733e-01
2.568161e-01
2.572588e-01
2.577014e-01
2.581439e-01
2.585863e-01
2.590286e-01
2.594708e-01
2.599129e-01
2.603550e-01
2.607969e-01
2.612388e-01
2.616805e-01
2.621221e-01
2.625637e-01
2.630051e-01
2.634464e-01
2.638877e-01
2.643288e-01
2.647698e-01
2.652107e-01
2.656515e-01
2.660922e-01
2.665327e-01
2.669732e-01
2.674135e-01
2.678537e-01
2.682938e-01
2.687338e-01
2.691736e-01
2.696134e-01
2.700530e-01
2.704924e-01
2.709318e-01
2.713710e-01
2.718101e-01
2.722491e-01
2.726879e-01
2.731266e-01
2.735652e-01
2.740036e-01
2.744419e-01
2.748800e-01
2.753180e-01
2.757559e-01
2.761936e-01
2.766312e-01
2.770686e-01
2.775059e-01
2.779430e-01
2.783799e-01
2.788168e-01
2.792534e-01
2.796899e-01
2.801263e-01
2.805625e-01
2.809985e-01
2.814343e-01
2.818700e-01
2.823056e-01
2.827409e-01
2.831761e-01
2.836112e-01
2.840460e-01
2.844807e-01
2.849152e-01
2.853495e-01
2.857837e-01
2.862176e-01
2.866514e-01
2.870850e-01
2.875185e-01
2.879517e-01
2.883847e-01
2.888176e-01
2.892503e-01
2.896827e-01
2.901150e-01
2.905471e-01
2.909790e-01
2.914107e-01
2.918421e-01
2.922734e-01
2.927045e-01
2.931354e-01
2.935660e-01
2.939965e-01
2.944267e-01
2.948568e-01
2.952866e-01
2.957162e-01
2.961456e-01
2.965748e-01
2.970037e-01
2.974324e-01
2.978609e-01
2.982892e-01
2.987172e-01
2.991451e-01
2.995726e-01
3.000000e-01
3.004271e-01
3.008540e-01
3.012807e-01
3.017071e-01
3.021332e-01
3.025592e-01
3.029849e-01
3.034103e-01
3.038355e-01
3.042604e-01
3.046851e-01
3.051096e-01
3.055337e-01
3.059577e-01
3.063813e-01
3.068048e-01
3.072279e-01
3.076508e-01
3.080734e-01
3.084958e-01
3.089179e-01
3.093397e-01
3.097613e-01
3.101826e-01
3.106036e-01
3.110243e-01
3.114448e-01
3.118650e-01
3.122849e-01
3.127045e-01
3.131238e-01
3.135429e-01
3.139617e-01
3.143801e-01
3.147983e-01
3.152162e-01
3.156338e-01
3.160512e-01
3.164682e-01
3.168849e-01
3.173013e-01
3.177174e-01
3.181333e-01
3.185488e-01
3.189640e-01
3.193789e-01
3.197935e-01
3.202078e-01
3.206217e-01
3.210354e-01
3.214487e-01
3.218618e-01
3.222745e-01
3.226869e-01
3.230989e-01
3.235107e-01
3.239221e-01
3.243332e-01
3.247440e-01
3.251544e-01
3.255646e-01
3.259744e-01
3.263838e-01
3.267929e-01
3.272017e-01
3.276102e-01
3.280183e-01
3.284261e-01
3.288335e-01
3.292406e-01
3.296473e-01
3.300537e-01
3.304598e-01
3.308655e-01
3.312709e-01
3.316759e-01
3.320805e-01
3.324848e-01
3.328888e-01
3.332924e-01
3.336956e-01
3.340985e-01
3.345010e-01
3.349032e-01
3.353050e-01
3.357064e-01
3.361075e-01
3.365082e-01
3.369085e-01
3.373085e-01
3.377081e-01
3.381073e-01
3.385061e-01
3.389046e-01
3.393027e-01
3.397004e-01
3.400978e-01
3.404948e-01
3.408914e-01
3.412876e-01
3.416834e-01
3.420789e-01
3.424739e-01
3.428686e-01
3.432629e-01
3.436568e-01
3.440503e-01
3.444435e-01
3.448362e-01
3.452286e-01
3.456205e-01
3.460121e-01
3.464033e-01
3.467941e-01
3.471844e-01
3.475744e-01
3.479640e-01
3.483532e-01
3.487420e-01
3.491304e-01
3.495184e-01
3.499059e-01
3.502931e-01
3.506799e-01
3.510663e-01
3.514522e-01
3.518378e-01
3.522229e-01
3.526077e-01
3.529920e-01
3.533759e-01
3.537594e-01
3.541425e-01
3.545252e-01
3.549075e-01
3.552893e-01
3.556708e-01
3.560518e-01
3.564324e-01
3.568126e-01
3.571924e-01
3.575717e-01
3.579507e-01
3.583292e-01
3.587073e-01
3.590850e-01
3.594622e-01
3.598390e-01
3.602155e-01
3.605914e-01
3.609670e-01
3.613421e-01
3.617169e-01
3.620911e-01
3.624650e-01
3.628384e-01
3.632115e-01
3.635840e-01
3.639562e-01
3.643279e-01
3.646992e-01
3.650701e-01
3.654405e-01
3.658105e-01
3.661801e-01
3.665493e-01
3.669180e-01
3.672862e-01
3.676541e-01
3.680215e-01
3.683885e-01
3.687551e-01
3.691212e-01
3.694869e-01
3.698521e-01
3.702169e-01
3.705813e-01
3.709453e-01
3.713088e-01
3.716719e-01
3.720345e-01
3.723967e-01
3.727585e-01
3.731198e-01
3.734807e-01
3.738412e-01
3.742012e-01
3.745608e-01
3.749200e-01
3.752787e-01
3.756370e-01
3.759948e-01
3.763522e-01
3.767092e-01
3.770657e-01
3.774218e-01
3.777775e-01
3.781327e-01
3.784875e-01
