4.539066e+03
1.936727e+03
1.158418e+03
8.045257e+02
6.082912e+02
4.857231e+02
4.027910e+02
3.433453e+02
2.988352e+02
2.643530e+02
2.369002e+02
2.145509e+02
1.960161e+02
1.804034e+02
1.670760e+02
1.555687e+02
1.455337e+02
1.367061e+02
1.288807e+02
1.218964e+02
1.156245e+02
1.099614e+02
1.048226e+02
1.001386e+02
9.585155e+01
9.191306e+01
8.828230e+01
8.492454e+01
8.181013e+01
7.891354e+01
7.621268e+01
7.368836e+01
7.132384e+01
6.910439e+01
6.701706e+01
6.505041e+01
6.319425e+01
6.143953e+01
5.977816e+01
5.820288e+01
5.670717e+01
5.528514e+01
5.393149e+01
5.264139e+01
5.141048e+01
5.023478e+01
4.911064e+01
4.803475e+01
4.700408e+01
4.601582e+01
4.506741e+01
4.415650e+01
4.328089e+01
4.243858e+01
4.162770e+01
4.084653e+01
4.009346e+01
3.936700e+01
3.866576e+01
3.798846e+01
3.733390e+01
3.670093e+01
3.608852e+01
3.549567e+01
3.492147e+01
3.436505e+01
3.382559e+01
3.330234e+01
3.279456e+01
3.230159e+01
3.182279e+01
3.135755e+01
3.090531e+01
3.046553e+01
3.003769e+01
2.962133e+01
2.921599e+01
2.882123e+01
2.843664e+01
2.806184e+01
2.769646e+01
2.734014e+01
2.699256e+01
2.665339e+01
2.632234e+01
2.599912e+01
2.568344e+01
2.537506e+01
2.507372e+01
2.477918e+01
2.449122e+01
2.420961e+01
2.393416e+01
2.366465e+01
2.340090e+01
2.314273e+01
2.288996e+01
2.264242e+01
2.239995e+01
2.216241e+01
2.192963e+01
2.170148e+01
2.147782e+01
2.125853e+01
2.104346e+01
2.083251e+01
2.062555e+01
2.042248e+01
2.022318e+01
2.002756e+01
1.983550e+01
1.964691e+01
1.946171e+01
1.927979e+01
1.910108e+01
1.892549e+01
1.875293e+01
1.858333e+01
1.841662e+01
1.825272e+01
1.809156e+01
1.793308e+01
1.777720e+01
1.762386e+01
1.747301e+01
1.732457e+01
1.717850e+01
1.703474e+01
1.689323e+01
1.675392e+01
1.661676e+01
1.648170e+01
1.634870e+01
1.621770e+01
1.608866e+01
1.596154e+01
1.583629e+01
1.571288e+01
1.559126e+01
1.547140e+01
1.535325e+01
1.523679e+01
1.512197e+01
1.500876e+01
1.489712e+01
1.478703e+01
1.467846e+01
1.457136e+01
1.446572e+01
1.436149e+01
1.425866e+01
1.415720e+01
1.405708e+01
1.395826e+01
1.386074e+01
1.376447e+01
1.366944e+01
1.357563e+01
1.348301e+01
1.339155e+01
1.330124e+01
1.321206e+01
1.312398e+01
1.303698e+01
1.295105e+01
1.286616e+01
1.278229e+01
1.269944e+01
1.261757e+01
1.253667e+01
1.245673e+01
1.237772e+01
1.229964e+01
1.222246e+01
1.214616e+01
1.207075e+01
1.199619e+01
1.192247e+01
1.184959e+01
1.177752e+01
1.170626e+01
1.163578e+01
1.156608e+01
1.149714e+01
1.142896e+01
1.136151e+01
1.129479e+01
1.122879e+01
1.116348e+01
1.109888e+01
1.103495e+01
1.097169e+01
1.090910e+01
1.084715e+01
1.078584e+01
1.072517e+01
1.066511e+01
1.060567e+01
1.054682e+01
1.048857e+01
1.043091e+01
1.037381e+01
1.031729e+01
1.026132e+01
1.020590e+01
1.015103e+01
1.009669e+01
1.004287e+01
9.989572e+00
9.936785e+00
9.884502e+00
9.832716e+00
9.781419e+00
9.730604e+00
9.680266e+00
9.630396e+00
9.580989e+00
9.532039e+00
9.483538e+00
9.435481e+00
9.387862e+00
9.340674e+00
9.293912e+00
9.247571e+00
9.201643e+00
9.156125e+00
9.111011e+00
9.066294e+00
9.021971e+00
8.978035e+00
8.934482e+00
8.891307e+00
8.848504e+00
8.806070e+00
8.763999e+00
8.722286e+00
8.680928e+00
8.639919e+00
8.599256e+00
8.558933e+00
8.518947e+00
8.479293e+00
8.439968e+00
8.400966e+00
8.362285e+00
8.323921e+00
8.285868e+00
8.248124e+00
8.210686e+00
8.173548e+00
8.136708e+00
8.100162e+00
8.063906e+00
8.027938e+00
7.992253e+00
7.956848e+00
7.921721e+00
7.886867e+00
7.852284e+00
7.817968e+00
7.783917e+00
7.750127e+00
7.716595e+00
7.683319e+00
7.650295e+00
7.617521e+00
7.584994e+00
7.552710e+00
7.520668e+00
7.488865e+00
7.457297e+00
7.425963e+00
7.394859e+00
7.363984e+00
7.333334e+00
7.302908e+00
7.272702e+00
7.242715e+00
7.212944e+00
7.183386e+00
7.154040e+00
7.124904e+00
7.095974e+00
7.067249e+00
7.038726e+00
7.010404e+00
6.982280e+00
6.954352e+00
6.926619e+00
6.899078e+00
6.871727e+00
6.844564e+00
6.817588e+00
6.790796e+00
6.764186e+00
6.737757e+00
6.711507e+00
6.685434e+00
6.659536e+00
6.633812e+00
6.608259e+00
6.582876e+00
6.557662e+00
6.532614e+00
6.507732e+00
6.483012e+00
6.458455e+00
6.434057e+00
6.409819e+00
6.385737e+00
6.361811e+00
6.338039e+00
6.314420e+00
6.290951e+00
6.267633e+00
6.244462e+00
6.221439e+00
6.198560e+00
6.175826e+00
6.153235e+00
6.130785e+00
6.108475e+00
6.086304e+00
6.064270e+00
6.042373e+00
6.020610e+00
5.998981e+00
5.977485e+00
5.956119e+00
5.934884e+00
5.913778e+00
5.892799e+00
5.871947e+00
5.851220e+00
5.830617e+00
5.810138e+00
5.789781e+00
5.769544e+00
5.749428e+00
5.729430e+00
5.709550e+00
5.689787e+00
5.670140e+00
5.650607e+00
5.631188e+00
5.611882e+00
5.592687e+00
5.573603e+00
5.554629e+00
5.535764e+00
5.517007e+00
5.498357e+00
5.479812e+00
5.461373e+00
5.443039e+00
5.424808e+00
5.406679e+00
5.388652e+00
5.370726e+00
5.352899e+00
5.335172e+00
5.317544e+00
5.300012e+00
5.282578e+00
5.265239e+00
5.247996e+00
5.230847e+00
5.213791e+00
5.196828e+00
5.179958e+00
5.163178e+00
5.146489e+00
5.129890e+00
5.113380e+00
5.096959e+00
5.080625e+00
5.064378e+00
5.048218e+00
5.032143e+00
5.016153e+00
5.000247e+00
4.984425e+00
4.968686e+00
4.953029e+00
4.937454e+00
4.921959e+00
4.906546e+00
4.891212e+00
4.875957e+00
4.860780e+00
4.845682e+00
4.830661e+00
4.815716e+00
4.800848e+00
4.786055e+00
4.771338e+00
4.756695e+00
4.742125e+00
4.727629e+00
4.713206e+00
4.698855e+00
4.684576e+00
4.670368e+00
4.656230e+00
4.642163e+00
4.628165e+00
4.614236e+00
4.600376e+00
4.586584e+00
4.572859e+00
4.559201e+00
4.545610e+00
4.532086e+00
4.518626e+00
4.505232e+00
4.491903e+00
4.478637e+00
4.465436e+00
4.452298e+00
4.439222e+00
4.426209e+00
4.413258e+00
4.400369e+00
4.387540e+00
4.374772e+00
4.362065e+00
4.349417e+00
4.336829e+00
4.324299e+00
4.311828e+00
4.299416e+00
4.287061e+00
4.274763e+00
4.262522e+00
4.250338e+00
4.238210e+00
4.226138e+00
4.214121e+00
4.202159e+00
4.190252e+00
4.178400e+00
4.166601e+00
4.154855e+00
4.143163e+00
4.131524e+00
4.119937e+00
4.108403e+00
4.096920e+00
4.085488e+00
4.074108e+00
4.062779e+00
4.051500e+00
4.040271e+00
4.029091e+00
4.017962e+00
4.006881e+00
3.995849e+00
3.984866e+00
3.973931e+00
3.963044e+00
3.952204e+00
3.941412e+00
3.930666e+00
3.919968e+00
3.909315e+00
3.898709e+00
3.888148e+00
3.877633e+00
3.867163e+00
3.856738e+00
3.846358e+00
3.836022e+00
3.825730e+00
3.815482e+00
3.805277e+00
3.795116e+00
3.784998e+00
3.774922e+00
3.764889e+00
3.754898e+00
3.744949e+00
3.735042e+00
3.725176e+00
3.715351e+00
3.705567e+00
3.695824e+00
3.686122e+00
3.676459e+00
3.666837e+00
3.657254e+00
3.647711e+00
3.638207e+00
3.628742e+00
3.619316e+00
3.609928e+00
3.600579e+00
3.591267e+00
3.581994e+00
3.572758e+00
3.563560e+00
3.554399e+00
3.545275e+00
3.536188e+00
3.527138e+00
3.518123e+00
3.509145e+00
3.500203e+00
3.491297e+00
3.482426e+00
3.473591e+00
3.464790e+00
3.456025e+00
3.447295e+00
3.438599e+00
3.429937e+00
3.421310e+00
3.412716e+00
3.404156e+00
3.395630e+00
3.387138e+00
3.378678e+00
3.370252e+00
3.361859e+00
3.353498e+00
3.345170e+00
3.336874e+00
3.328610e+00
3.320378e+00
3.312178e+00
3.304010e+00
3.295873e+00
3.287768e+00
3.279694e+00
3.271650e+00
3.263638e+00
3.255656e+00
3.247704e+00
3.239783e+00
3.231893e+00
3.224032e+00
3.216201e+00
3.208399e+00
3.200628e+00
3.192885e+00
3.185172e+00
3.177488e+00
3.169833e+00
3.162207e+00
3.154609e+00
3.147040e+00
3.139500e+00
3.131987e+00
3.124503e+00
3.117046e+00
3.109617e+00
3.102216e+00
3.094843e+00
3.087497e+00
3.080178e+00
3.072886e+00
3.065621e+00
3.058383e+00
3.051172e+00
3.043987e+00
3.036829e+00
3.029697e+00
3.022591e+00
3.015511e+00
3.008458e+00
3.001430e+00
2.994427e+00
2.987451e+00
2.980500e+00
2.973574e+00
2.966673e+00
2.959797e+00
2.952947e+00
2.946121e+00
2.939320e+00
2.932543e+00
2.925791e+00
2.919064e+00
2.912360e+00
2.905681e+00
2.899026e+00
2.892395e+00
2.885788e+00
2.879204e+00
2.872644e+00
2.866107e+00
2.859594e+00
2.853104e+00
2.846638e+00
2.840194e+00
2.833774e+00
2.827376e+00
2.821001e+00
2.814648e+00
2.808319e+00
2.802011e+00
2.795726e+00
2.789464e+00
2.783223e+00
2.777005e+00
2.770808e+00
2.764634e+00
2.758481e+00
2.752350e+00
2.746240e+00
2.740152e+00
2.734085e+00
2.728040e+00
2.722016e+00
2.716013e+00
2.710031e+00
2.704070e+00
2.698130e+00
2.692210e+00
2.686311e+00
2.680433e+00
2.674576e+00
2.668738e+00
2.662922e+00
2.657125e+00
2.651348e+00
2.645592e+00
2.639855e+00
2.634139e+00
2.628442e+00
2.622765e+00
2.617108e+00
2.611470e+00
2.605852e+00
2.600253e+00
2.594674e+00
2.589114e+00
2.583573e+00
2.578051e+00
2.572548e+00
2.567064e+00
2.561599e+00
2.556153e+00
2.550725e+00
2.545316e+00
2.539926e+00
2.534554e+00
2.529201e+00
2.523866e+00
2.518549e+00
2.513250e+00
2.507970e+00
2.502707e+00
2.497463e+00
2.492236e+00
2.487028e+00
2.481837e+00
2.476664e+00
2.471508e+00
2.466370e+00
2.461250e+00
2.456147e+00
2.451061e+00
2.445993e+00
2.440942e+00
2.435908e+00
2.430891e+00
2.425891e+00
2.420908e+00
2.415942e+00
2.410993e+00
2.406060e+00
2.401145e+00
2.396246e+00
2.391363e+00
2.386497e+00
2.381648e+00
2.376814e+00
2.371998e+00
2.367197e+00
2.362413e+00
2.357645e+00
2.352892e+00
2.348156e+00
2.343436e+00
2.338732e+00
2.334044e+00
2.329371e+00
2.324714e+00
2.320073e+00
2.315447e+00
2.310837e+00
2.306243e+00
2.301663e+00
2.297100e+00
2.292551e+00
2.288018e+00
2.283500e+00
2.278997e+00
2.274509e+00
2.270037e+00
2.265579e+00
2.261136e+00
2.256708e+00
2.252295e+00
2.247896e+00
2.243513e+00
2.239144e+00
2.234789e+00
2.230449e+00
2.226124e+00
2.221813e+00
2.217516e+00
2.213234e+00
2.208966e+00
2.204712e+00
2.200473e+00
2.196247e+00
2.192036e+00
2.187839e+00
2.183655e+00
2.179486e+00
2.175330e+00
2.171189e+00
2.167061e+00
2.162946e+00
2.158846e+00
2.154759e+00
2.150686e+00
2.146626e+00
2.142579e+00
2.138546e+00
2.134527e+00
2.130520e+00
2.126527e+00
2.122548e+00
2.118581e+00
2.114628e+00
2.110687e+00
2.106760e+00
2.102846e+00
2.098944e+00
2.095056e+00
2.091180e+00
2.087317e+00
2.083467e+00
2.079630e+00
2.075806e+00
2.071993e+00
2.068194e+00
2.064407e+00
2.060633e+00
2.056871e+00
2.053121e+00
2.049384e+00
2.045659e+00
2.041947e+00
2.038246e+00
2.034558e+00
2.030882e+00
2.027218e+00
2.023566e+00
2.019926e+00
2.016298e+00
2.012682e+00
2.009078e+00
2.005485e+00
2.001905e+00
1.998336e+00
1.994779e+00
1.991234e+00
1.987700e+00
1.984177e+00
1.980667e+00
1.977168e+00
1.973680e+00
1.970203e+00
1.966739e+00
1.963285e+00
1.959843e+00
1.956411e+00
1.952992e+00
1.949583e+00
1.946185e+00
1.942799e+00
1.939423e+00
1.936059e+00
1.932705e+00
1.929363e+00
1.926031e+00
1.922710e+00
1.919400e+00
1.916101e+00
1.912813e+00
1.909535e+00
1.906268e+00
1.903011e+00
1.899765e+00
1.896530e+00
1.893305e+00
1.890090e+00
1.886886e+00
1.883693e+00
1.880509e+00
1.877336e+00
1.874173e+00
1.871021e+00
1.867879e+00
1.864746e+00
1.861624e+00
1.858512e+00
1.855411e+00
1.852319e+00
1.849237e+00
1.846165e+00
1.843103e+00
1.840050e+00
1.837008e+00
1.833975e+00
1.830952e+00
1.827939e+00
1.824936e+00
1.821942e+00
1.818958e+00
1.815983e+00
1.813018e+00
1.810062e+00
1.807116e+00
1.804179e+00
1.801252e+00
1.798334e+00
1.795425e+00
1.792526e+00
1.789636e+00
1.786755e+00
1.783883e+00
1.781021e+00
1.778167e+00
1.775323e+00
1.772488e+00
1.769661e+00
1.766844e+00
1.764036e+00
1.761236e+00
1.758446e+00
1.755664e+00
1.752891e+00
1.750127e+00
1.747371e+00
1.744625e+00
1.741887e+00
1.739157e+00
1.736437e+00
1.733724e+00
1.731021e+00
1.728326e+00
1.725639e+00
1.722961e+00
1.720291e+00
1.717630e+00
1.714977e+00
1.712332e+00
1.709695e+00
1.707067e+00
1.704447e+00
1.701835e+00
1.699232e+00
1.696636e+00
1.694049e+00
1.691470e+00
1.688898e+00
1.686335e+00
1.683780e+00
1.681232e+00
1.678693e+00
1.676161e+00
1.673637e+00
