6.722403e-171
2.659318e-168
6.793885e-94
1.526782e-62
2.990667e-46
2.080549e-36
8.235465e-30
4.763766e-25
2.035047e-21
1.560497e-18
3.611041e-16
3.469854e-14
1.700378e-12
4.881251e-11
9.050806e-10
1.164375e-08
1.097234e-07
7.900909e-07
4.496903e-06
2.079699e-05
7.996598e-05
2.606368e-04
7.319078e-04
1.795598e-03
3.897888e-03
7.577211e-03
1.334267e-02
2.152460e-02
3.217085e-02
4.504720e-02
5.974620e-02
7.585940e-02
9.315857e-02
1.117595e-01
1.322756e-01
1.559739e-01
1.848691e-01
2.213923e-01
2.666594e-01
3.171989e-01
3.798213e-168
3.170770e-127
9.677870e-89
9.173995e-62
8.122515e-46
4.146808e-36
1.392674e-29
7.286146e-25
2.909406e-21
2.124142e-18
4.731004e-16
4.404584e-14
2.100019e-12
5.881202e-11
1.065738e-09
1.341498e-08
1.237808e-07
8.731352e-07
4.869378e-06
2.206829e-05
8.316171e-05
2.657238e-04
7.339985e-04
1.777789e-03
3.827714e-03
7.423232e-03
1.313331e-02
2.146101e-02
3.277714e-02
4.731046e-02
6.518772e-02
8.649599e-02
1.113391e-01
1.398648e-01
1.722280e-01
2.084317e-01
2.479740e-01
2.893148e-01
3.295142e-01
3.650415e-01
1.418903e-93
1.338285e-88
1.492013e-73
1.773341e-58
5.786401e-45
1.379511e-35
3.363019e-29
1.467056e-24
5.207096e-21
3.497907e-18
7.314919e-16
6.475489e-14
2.960074e-12
7.993623e-11
1.402575e-09
1.714860e-08
1.540785e-07
1.060565e-06
5.782620e-06
2.566994e-05
9.493926e-05
2.984258e-04
8.161214e-04
1.969382e-03
4.253612e-03
8.336645e-03
1.501639e-02
2.514307e-02
3.951253e-02
5.873705e-02
8.311513e-02
1.125395e-01
1.464714e-01
1.839661e-01
2.237025e-01
2.639777e-01
3.026984e-01
3.374858e-01
3.660591e-01
3.869205e-01
4.378315e-62
2.427518e-61
2.457577e-58
9.227209e-51
1.382114e-42
1.162735e-34
1.348070e-28
4.206913e-24
1.225308e-20
7.207310e-18
1.367962e-15
1.123356e-13
4.832085e-12
1.240190e-10
2.083397e-09
2.452751e-08
2.131931e-07
1.425356e-06
7.576277e-06
3.290240e-05
1.194705e-04
3.700651e-04
1.006253e-03
2.433860e-03
5.308595e-03
1.057050e-02
1.940926e-02
3.311432e-02
5.279060e-02
7.900440e-02
1.115089e-01
1.491837e-01
1.902022e-01
2.323209e-01
2.731708e-01
3.104954e-01
3.423597e-01
3.673804e-01
3.849712e-01
3.954787e-01
1.206732e-45
3.128875e-45
1.883749e-44
2.163771e-42
6.541594e-38
1.009586e-32
1.299188e-27
1.994189e-23
4.103585e-20
1.951584e-17
3.199024e-15
2.355548e-13
9.302895e-12
2.227841e-10
3.533183e-09
3.962300e-08
3.304563e-07
2.132899e-06
1.100414e-05
4.661627e-05
1.658969e-04
5.059701e-04
1.369430e-03
3.325306e-03
7.322593e-03
1.474067e-02
2.726718e-02
4.651253e-02
7.342735e-02
1.077947e-01
1.480927e-01
1.917963e-01
2.359332e-01
2.776344e-01
3.145318e-01
3.449836e-01
3.681824e-01
3.841803e-01
3.938173e-01
3.985205e-01
1.195056e-35
2.289630e-35
6.910453e-35
4.405389e-34
1.852552e-32
1.690655e-29
6.253611e-26
2.072388e-22
2.227987e-19
7.467272e-17
9.792722e-15
6.159970e-13
2.160583e-11
4.712989e-10
6.930223e-09
7.301853e-08
5.780798e-07
3.571824e-06
1.776720e-05
7.302179e-05
2.535409e-04
7.586290e-04
2.037232e-03
4.946343e-03
1.090605e-02
2.187499e-02
3.994917e-02
6.658142e-02
1.017880e-01
1.438510e-01
1.897048e-01
2.357456e-01
2.786375e-01
3.158517e-01
3.458968e-01
3.683230e-01
3.835894e-01
3.928411e-01
3.976187e-01
3.995373e-01
6.736489e-29
1.097407e-28
2.447777e-28
8.288030e-28
5.458666e-27
1.310516e-25
1.831520e-23
6.766457e-21
2.373316e-18
4.472730e-16
4.170653e-14
2.089776e-12
6.218682e-11
1.196658e-09
1.593464e-08
1.549137e-07
1.147714e-06
6.710134e-06
3.186778e-05
1.259855e-04
4.234700e-04
1.234165e-03
3.265361e-03
7.849366e-03
1.706351e-02
3.341708e-02
5.894649e-02
9.410466e-02
1.371978e-01
1.847730e-01
2.326568e-01
2.770298e-01
3.151235e-01
3.454699e-01
3.678249e-01
3.829123e-01
3.920857e-01
3.969706e-01
3.991378e-01
3.998615e-01
5.491882e-24
8.099376e-24
1.517831e-23
3.809402e-23
1.409562e-22
9.333186e-22
1.532181e-20
7.056454e-19
5.813803e-17
4.690247e-15
2.647494e-13
9.602040e-12
2.280230e-10
3.711632e-09
4.341193e-08
3.804637e-07
2.589459e-06
1.410762e-05
6.313215e-05
2.372708e-04
7.636751e-04
2.146157e-03
5.537276e-03
1.298155e-02
2.727554e-02
5.105956e-02
8.540036e-02
1.288548e-01
1.777446e-01
2.273844e-01
2.734418e-01
3.128261e-01
3.439829e-01
3.667611e-01
3.820557e-01
3.913767e-01
3.964338e-01
3.988009e-01
3.997063e-01
3.999604e-01
3.239475e-20
4.470214e-20
7.480361e-20
1.567424e-19
4.323567e-19
1.705719e-18
1.098572e-17
1.328709e-16
2.928563e-15
8.823654e-14
2.599203e-12
6.136681e-11
1.082316e-09
1.417447e-08
1.403997e-07
1.078749e-06
6.596546e-06
3.287733e-05
1.364449e-04
4.806048e-04
1.461834e-03
3.915467e-03
9.728227e-03
2.183281e-02
4.342108e-02
7.630206e-02
1.195030e-01
1.692946e-01
2.205479e-01
2.683949e-01
3.093479e-01
3.416739e-01
3.652264e-01
3.810056e-01
3.906447e-01
3.959402e-01
3.985017e-01
3.995566e-01
3.999060e-01
3.999892e-01
3.333446e-17
4.386966e-17
6.779973e-17
1.257438e-16
2.884584e-16
8.552572e-16
3.487098e-15
2.099225e-14
1.923976e-13
2.470828e-12
3.686340e-11
5.300033e-10
6.534643e-09
6.565800e-08
5.309133e-07
3.474540e-06
1.864832e-05
8.337715e-05
3.155017e-04
1.025839e-03
2.908110e-03
7.338703e-03
1.731071e-02
3.645135e-02
6.737324e-02
1.097725e-01
1.600507e-01
2.127182e-01
2.623633e-01
3.050429e-01
3.387704e-01
3.633347e-01
3.797911e-01
3.898713e-01
3.954604e-01
3.982237e-01
3.994150e-01
3.998473e-01
3.999718e-01
3.999972e-01
1.001222e-14
1.271485e-14
1.852011e-14
3.142239e-14
6.334798e-14
1.557589e-13
4.827794e-13
1.954804e-12
1.055991e-11
7.428762e-11
6.242064e-10
5.549921e-09
4.690517e-08
3.516810e-07
2.260346e-06
1.230816e-05
5.682014e-05
2.239231e-04
7.606370e-04
2.250998e-03
5.871545e-03
1.383110e-02
3.047313e-02
5.909576e-02
1.002342e-01
1.506028e-01
2.044434e-01
2.558092e-01
3.002630e-01
3.355098e-01
3.612220e-01
3.784718e-01
3.890699e-01
3.949887e-01
3.979607e-01
3.992813e-01
3.997887e-01
3.999512e-01
3.999921e-01
3.999993e-01
1.205563e-12
1.488485e-12
2.069787e-12
3.278424e-12
5.996326e-12
1.287420e-11
3.306429e-11
1.034687e-10
3.985704e-10
1.868885e-09
1.021198e-08
6.054817e-08
3.603594e-07
2.020189e-06
1.023308e-05
4.580356e-05
1.795532e-04
6.159511e-04
1.856067e-03
4.943506e-03
1.174250e-02
2.569145e-02
5.185303e-02
9.138142e-02
1.414977e-01
1.962563e-01
2.491971e-01
2.953733e-01
3.321498e-01
3.590492e-01
3.771336e-01
3.882775e-01
3.945367e-01
3.977149e-01
3.991571e-01
3.997326e-01
3.999298e-01
3.999856e-01
3.999980e-01
3.999999e-01
7.144137e-11
8.618973e-11
1.153950e-10
1.729053e-10
2.927200e-10
5.658682e-10
1.262904e-09
3.284708e-09
9.992069e-09
3.524787e-08
1.404283e-07
6.045908e-07
2.667135e-06
1.146605e-05
4.620504e-05
1.701257e-04
5.642297e-04
1.675173e-03
4.447883e-03
1.058570e-02
2.273383e-02
4.607638e-02
8.370572e-02
1.332735e-01
1.886839e-01
2.429966e-01
2.907549e-01
3.289706e-01
3.570012e-01
3.758849e-01
3.875497e-01
3.941290e-01
3.974963e-01
3.990468e-01
3.996817e-01
3.999091e-01
3.999787e-01
3.999961e-01
3.999995e-01
4.000000e-01
2.393681e-09
2.831601e-09
3.671733e-09
5.251664e-09
8.340345e-09
1.480709e-08
2.957077e-08
6.671373e-08
1.699982e-07
4.853735e-07
1.523922e-06
5.106790e-06
1.760030e-05
6.007101e-05
1.965382e-04
6.015959e-04
1.695507e-03
4.359867e-03
1.018641e-02
2.161076e-02
4.188844e-02
7.755951e-02
1.263561e-01
1.821940e-01
2.376583e-01
2.867920e-01
3.262659e-01
3.552803e-01
3.748508e-01
3.869556e-01
3.937996e-01
3.973200e-01
3.989570e-01
3.996392e-01
3.998911e-01
3.999720e-01
3.999941e-01
3.999991e-01
3.999999e-01
4.000000e-01
5.000927e-08
5.815174e-08
7.334034e-08
1.007781e-07
1.515587e-07
2.504857e-07
4.564101e-07
9.179434e-07
2.033027e-06
4.919918e-06
1.281894e-05
3.518162e-05
9.899025e-05
2.775067e-04
7.550476e-04
1.951893e-03
4.720595e-03
1.057302e-02
2.180346e-02
4.130735e-02
7.255697e-02
1.209122e-01
1.771550e-01
2.335891e-01
2.838543e-01
3.243297e-01
3.540944e-01
3.741635e-01
3.865706e-01
3.935874e-01
3.972044e-01
3.988957e-01
3.996086e-01
3.998771e-01
3.999665e-01
3.999922e-01
3.999985e-01
3.999998e-01
4.000000e-01
4.000000e-01
6.999244e-07
8.015332e-07
9.862873e-07
1.308227e-06
1.875896e-06
2.914475e-06
4.911757e-06
8.972805e-06
1.770438e-05
3.744731e-05
8.386911e-05
1.955262e-04
4.647827e-04
1.101926e-03
2.551540e-03
5.667617e-03
1.190885e-02
2.343513e-02
4.290981e-02
7.290554e-02
1.169976e-01
1.738441e-01
2.311209e-01
2.822817e-01
3.234416e-01
3.536415e-01
3.739480e-01
3.864664e-01
3.935297e-01
3.971671e-01
3.988708e-01
3.995933e-01
3.998689e-01
3.999627e-01
3.999908e-01
3.999981e-01
3.999997e-01
4.000000e-01
4.000000e-01
4.000000e-01
6.929052e-06
7.825859e-06
9.417990e-06
1.210214e-05
1.663224e-05
2.446871e-05
3.852475e-05
6.478969e-05
1.158957e-04
2.189219e-04
4.320796e-04
8.787283e-04
1.811531e-03
3.720101e-03
7.482417e-03
1.452136e-02
2.686182e-02
4.692130e-02
7.687558e-02
1.177825e-01
1.734156e-01
2.309995e-01
2.825198e-01
3.238615e-01
3.540818e-01
3.743018e-01
3.866976e-01
3.936539e-01
3.972208e-01
3.988878e-01
3.995955e-01
3.998673e-01
3.999611e-01
3.999900e-01
3.999978e-01
3.999996e-01
3.999999e-01
4.000000e-01
4.000000e-01
4.000000e-01
5.062434e-05
5.645638e-05
6.657445e-05
8.311206e-05
1.099181e-04
1.539845e-04
2.282297e-04
3.569460e-04
5.863954e-04
1.005008e-03
1.780328e-03
3.222097e-03
5.878879e-03
1.066219e-02
1.895924e-02
3.264447e-02
5.385596e-02
8.442136e-02
1.249579e-01
1.744768e-01
2.330566e-01
2.846045e-01
3.257057e-01
3.555154e-01
3.752848e-01
3.872929e-01
3.939717e-01
3.973693e-01
3.989476e-01
3.996158e-01
3.998727e-01
3.999620e-01
3.999899e-01
3.999976e-01
3.999995e-01
3.999999e-01
4.000000e-01
4.000000e-01
4.000000e-01
4.000000e-01
2.824395e-04
3.113147e-04
3.602746e-04
4.379579e-04
5.591913e-04
7.493054e-04
1.051815e-03
1.541928e-03
2.349754e-03
3.698620e-03
5.964164e-03
9.756013e-03
1.601077e-02
2.605855e-02
4.158827e-02
6.440927e-02
9.592983e-02
1.363956e-01
1.841711e-01
2.371649e-01
2.886953e-01
3.290715e-01
3.579919e-01
3.769092e-01
3.882464e-01
3.944733e-01
3.976053e-01
3.990463e-01
3.996520e-01
3.998842e-01
3.999650e-01
3.999905e-01
3.999977e-01
3.999995e-01
3.999999e-01
4.000000e-01
4.000000e-01
4.000000e-01
4.000000e-01
4.000000e-01
1.237669e-03
1.349483e-03
1.534622e-03
1.819961e-03
2.249445e-03
2.893793e-03
3.866172e-03
5.346770e-03
7.619517e-03
1.112309e-02
1.651329e-02
2.472241e-02
3.698094e-02
5.474262e-02
7.943992e-02
1.120225e-01
1.523266e-01
1.984935e-01
2.468133e-01
2.956422e-01
3.342411e-01
3.615210e-01
3.791120e-01
3.895026e-01
3.951238e-01
3.979095e-01
3.991743e-01
3.997002e-01
3.999003e-01
3.999697e-01
3.999917e-01
3.999979e-01
3.999995e-01
3.999999e-01
4.000000e-01
4.000000e-01
4.000000e-01
4.000000e-01
4.000000e-01
4.000000e-01
4.362816e-03
4.709143e-03
5.268088e-03
6.104828e-03
7.320944e-03
9.070405e-03
1.158269e-02
1.519418e-02
2.038685e-02
2.782833e-02
3.839801e-02
5.316979e-02
7.330825e-02
9.983143e-02
1.332210e-01
1.729375e-01
2.170243e-01
2.620941e-01
3.039491e-01
3.405737e-01
3.657802e-01
3.817351e-01
3.909716e-01
3.958706e-01
3.982539e-01
3.993182e-01
3.997545e-01
3.999187e-01
3.999753e-01
3.999932e-01
3.999983e-01
3.999996e-01
3.999999e-01
4.000000e-01
4.000000e-01
4.000000e-01
4.000000e-01
4.000000e-01
4.000000e-01
4.000000e-01
1.263084e-02
1.350497e-02
1.487614e-02
1.686873e-02
1.966720e-02
2.353419e-02
2.883294e-02
3.605072e-02
4.581616e-02
5.889608e-02
7.614939e-02
9.840900e-02
1.262665e-01
1.597617e-01
1.980376e-01
2.391123e-01
2.799772e-01
3.171779e-01
3.477830e-01
3.705670e-01
3.846047e-01
3.925365e-01
3.966481e-01
3.986059e-01
3.994633e-01
3.998090e-01
3.999372e-01
3.999810e-01
3.999947e-01
3.999987e-01
3.999997e-01
3.999999e-01
4.000000e-01
4.000000e-01
4.000000e-01
4.000000e-01
4.000000e-01
4.000000e-01
4.000000e-01
4.000000e-01
3.059280e-02
3.241722e-02
3.518872e-02
3.909490e-02
4.439841e-02
5.144759e-02
6.068399e-02
7.263951e-02
8.791149e-02
1.071002e-01
1.306922e-01
1.588804e-01
1.913356e-01
2.269901e-01
2.639444e-01
2.996395e-01
3.313657e-01
3.569946e-01
3.756029e-01
3.875076e-01
3.940720e-01
3.973917e-01
3.989355e-01
3.995971e-01
3.998586e-01
3.999540e-01
3.999862e-01
3.999962e-01
3.999990e-01
3.999998e-01
4.000000e-01
4.000000e-01
4.000000e-01
4.000000e-01
4.000000e-01
4.000000e-01
4.000000e-01
4.000000e-01
4.000000e-01
4.000000e-01
6.303314e-02
6.621228e-02
7.087371e-02
7.723985e-02
8.559793e-02
9.629353e-02
1.097130e-01
1.262465e-01
1.462222e-01
1.698044e-01
1.968585e-01
2.268024e-01
2.584953e-01
2.902442e-01
3.200060e-01
3.458021e-01
3.662340e-01
3.808625e-01
3.902385e-01
3.954707e-01
3.980509e-01
3.992211e-01
3.997108e-01
3.999002e-01
3.999680e-01
3.999905e-01
3.999974e-01
3.999993e-01
3.999998e-01
4.000000e-01
4.000000e-01
4.000000e-01
4.000000e-01
4.000000e-01
4.000000e-01
4.000000e-01
4.000000e-01
4.000000e-01
4.000000e-01
4.000000e-01
1.121744e-01
1.168151e-01
1.233713e-01
1.320437e-01
1.430547e-01
1.566248e-01
1.729342e-01
1.920651e-01
2.139254e-01
2.381594e-01
2.640688e-01
2.905799e-01
3.163050e-01
3.397360e-01
3.595511e-01
3.749422e-01
3.858113e-01
3.927262e-01
3.966564e-01
3.985960e-01
3.994519e-01
3.998008e-01
3.999326e-01
3.999788e-01
3.999938e-01
3.999983e-01
3.999996e-01
3.999999e-01
4.000000e-01
4.000000e-01
4.000000e-01
4.000000e-01
4.000000e-01
4.000000e-01
4.000000e-01
4.000000e-01
4.000000e-01
4.000000e-01
4.000000e-01
4.000000e-01
1.748958e-01
1.805507e-01
1.882582e-01
1.981372e-01
2.102666e-01
2.246573e-01
2.412122e-01
2.596785e-01
2.796016e-01
3.002965e-01
3.208622e-01
3.402614e-01
3.574754e-01
3.717071e-01
3.825635e-01
3.901343e-01
3.949195e-01
3.976394e-01
3.990189e-01
3.996272e-01
3.998679e-01
3.999563e-01
3.999865e-01
3.999961e-01
3.999990e-01
3.999997e-01
3.999999e-01
4.000000e-01
4.000000e-01
4.000000e-01
4.000000e-01
4.000000e-01
4.000000e-01
4.000000e-01
4.000000e-01
4.000000e-01
4.000000e-01
4.000000e-01
4.000000e-01
4.000000e-01
2.423279e-01
2.480293e-01
2.555636e-01
2.649352e-01
2.760613e-01
2.887567e-01
3.027134e-01
3.174872e-01
3.325001e-01
3.470744e-01
3.605040e-01
3.721613e-01
3.816146e-01
3.887158e-01
3.936159e-01
3.966973e-01
3.984502e-01
3.993456e-01
3.997533e-01
3.999151e-01
3.999727e-01
3.999918e-01
3.999977e-01
3.999994e-01
3.999998e-01
4.000000e-01
4.000000e-01
4.000000e-01
4.000000e-01
4.000000e-01
4.000000e-01
4.000000e-01
4.000000e-01
4.000000e-01
4.000000e-01
4.000000e-01
4.000000e-01
4.000000e-01
4.000000e-01
4.000000e-01
3.031115e-01
3.078151e-01
3.138915e-01
3.212443e-01
3.296857e-01
3.389387e-01
3.486427e-01
3.583705e-01
3.676624e-01
3.760789e-01
3.832641e-01
3.890054e-01
3.932681e-01
3.961870e-01
3.980171e-01
3.990603e-01
3.995973e-01
3.998451e-01
3.999469e-01
3.999834e-01
3.999951e-01
3.999987e-01
3.999997e-01
3.999999e-01
4.000000e-01
4.000000e-01
4.000000e-01
4.000000e-01
4.000000e-01
4.000000e-01
4.000000e-01
4.000000e-01
4.000000e-01
4.000000e-01
4.000000e-01
4.000000e-01
4.000000e-01
4.000000e-01
4.000000e-01
4.000000e-01
3.487146e-01
3.518606e-01
3.558720e-01
3.606085e-01
3.658688e-01
3.714039e-01
3.769350e-01
3.821799e-01
3.868859e-01
3.908632e-01
3.940124e-01
3.963341e-01
3.979176e-01
3.989101e-01
3.994781e-01
3.997730e-01
3.999109e-01
3.999687e-01
3.999902e-01
3.999972e-01
3.999993e-01
3.999998e-01
4.000000e-01
4.000000e-01
4.000000e-01
4.000000e-01
4.000000e-01
4.000000e-01
4.000000e-01
4.000000e-01
4.000000e-01
4.000000e-01
4.000000e-01
4.000000e-01
4.000000e-01
4.000000e-01
4.000000e-01
4.000000e-01
4.000000e-01
4.000000e-01
3.769700e-01
3.786676e-01
3.808224e-01
3.833123e-01
3.859896e-01
3.886940e-01
3.912686e-01
3.935785e-01
3.955268e-01
3.970656e-01
3.981983e-01
3.989712e-01
3.994571e-01
3.997370e-01
3.998839e-01
3.999535e-01
3.999833e-01
3.999946e-01
3.999985e-01
3.999996e-01
3.999999e-01
4.000000e-01
4.000000e-01
4.000000e-01
4.000000e-01
4.000000e-01
4.000000e-01
4.000000e-01
4.000000e-01
4.000000e-01
4.000000e-01
4.000000e-01
4.000000e-01
4.000000e-01
4.000000e-01
4.000000e-01
4.000000e-01
4.000000e-01
4.000000e-01
4.000000e-01
3.913333e-01
3.920719e-01
3.930102e-01
3.940737e-01
3.951822e-01
3.962579e-01
3.972345e-01
3.980645e-01
3.987236e-01
3.992113e-01
3.995459e-01
3.997579e-01
3.998812e-01
3.999466e-01
3.999782e-01
3.999920e-01
3.999973e-01
3.999992e-01
3.999998e-01
4.000000e-01
4.000000e-01
4.000000e-01
4.000000e-01
4.000000e-01
4.000000e-01
4.000000e-01
4.000000e-01
4.000000e-01
4.000000e-01
4.000000e-01
4.000000e-01
4.000000e-01
4.000000e-01
4.000000e-01
4.000000e-01
4.000000e-01
4.000000e-01
4.000000e-01
4.000000e-01
4.000000e-01
3.972947e-01
3.975540e-01
3.978843e-01
3.982521e-01
3.986241e-01
3.989714e-01
3.992725e-01
3.995153e-01
3.996972e-01
3.998236e-01
3.999047e-01
3.999525e-01
3.999783e-01
3.999909e-01
3.999966e-01
3.999988e-01
3.999996e-01
3.999999e-01
4.000000e-01
4.000000e-01
4.000000e-01
4.000000e-01
4.000000e-01
4.000000e-01
4.000000e-01
4.000000e-01
4.000000e-01
4.000000e-01
4.000000e-01
4.000000e-01
4.000000e-01
4.000000e-01
4.000000e-01
4.000000e-01
4.000000e-01
4.000000e-01
4.000000e-01
4.000000e-01
4.000000e-01
4.000000e-01
3.993065e-01
3.993799e-01
3.994736e-01
3.995760e-01
3.996767e-01
3.997673e-01
3.998424e-01
3.999000e-01
3.999408e-01
3.999674e-01
3.999835e-01
3.999923e-01
3.999967e-01
3.999987e-01
3.999996e-01
3.999999e-01
4.000000e-01
4.000000e-01
4.000000e-01
4.000000e-01
4.000000e-01
4.000000e-01
4.000000e-01
4.000000e-01
4.000000e-01
4.000000e-01
4.000000e-01
4.000000e-01
4.000000e-01
4.000000e-01
4.000000e-01
4.000000e-01
4.000000e-01
4.000000e-01
4.000000e-01
4.000000e-01
4.000000e-01
4.000000e-01
4.000000e-01
4.000000e-01
3.998557e-01
3.998724e-01
3.998936e-01
3.999165e-01
3.999383e-01
3.999572e-01
3.999722e-01
3.999832e-01
3.999906e-01
3.999951e-01
3.999977e-01
3.999990e-01
3.999996e-01
3.999999e-01
4.000000e-01
4.000000e-01
4.000000e-01
4.000000e-01
4.000000e-01
4.000000e-01
4.000000e-01
4.000000e-01
4.000000e-01
4.000000e-01
4.000000e-01
4.000000e-01
4.000000e-01
4.000000e-01
4.000000e-01
4.000000e-01
4.000000e-01
4.000000e-01
4.000000e-01
4.000000e-01
4.000000e-01
4.000000e-01
4.000000e-01
4.000000e-01
4.000000e-01
4.000000e-01
3.999760e-01
3.999790e-01
3.999828e-01
3.999868e-01
3.999906e-01
3.999937e-01
3.999961e-01
3.999977e-01
3.999988e-01
3.999994e-01
3.999997e-01
3.999999e-01
4.000000e-01
4.000000e-01
4.000000e-01
4.000000e-01
4.000000e-01
4.000000e-01
4.000000e-01
4.000000e-01
4.000000e-01
4.000000e-01
4.000000e-01
4.000000e-01
4.000000e-01
4.000000e-01
4.000000e-01
4.000000e-01
4.000000e-01
4.000000e-01
4.000000e-01
4.000000e-01
4.000000e-01
4.000000e-01
4.000000e-01
4.000000e-01
4.000000e-01
4.000000e-01
4.000000e-01
4.000000e-01
3.999969e-01
3.999973e-01
3.999978e-01
3.999984e-01
3.999989e-01
3.999993e-01
3.999996e-01
3.999998e-01
3.999999e-01
3.999999e-01
4.000000e-01
4.000000e-01
4.000000e-01
4.000000e-01
4.000000e-01
4.000000e-01
4.000000e-01
4.000000e-01
4.000000e-01
4.000000e-01
4.000000e-01
4.000000e-01
4.000000e-01
4.000000e-01
4.000000e-01
4.000000e-01
4.000000e-01
4.000000e-01
4.000000e-01
4.000000e-01
4.000000e-01
4.000000e-01
4.000000e-01
4.000000e-01
4.000000e-01
4.000000e-01
4.000000e-01
4.000000e-01
4.000000e-01
4.000000e-01
3.999997e-01
3.999997e-01
3.999998e-01
3.999999e-01
3.999999e-01
3.999999e-01
4.000000e-01
4.000000e-01
4.000000e-01
4.000000e-01
4.000000e-01
4.000000e-01
4.000000e-01
4.000000e-01
4.000000e-01
4.000000e-01
4.000000e-01
4.000000e-01
4.000000e-01
4.000000e-01
4.000000e-01
4.000000e-01
4.000000e-01
4.000000e-01
4.000000e-01
4.000000e-01
4.000000e-01
4.000000e-01
4.000000e-01
4.000000e-01
4.000000e-01
4.000000e-01
4.000000e-01
4.000000e-01
4.000000e-01
4.000000e-01
4.000000e-01
4.000000e-01
4.000000e-01
4.000000e-01
4.000000e-01
4.000000e-01
4.000000e-01
4.000000e-01
4.000000e-01
4.000000e-01
4.000000e-01
4.000000e-01
4.000000e-01
4.000000e-01
4.000000e-01
4.000000e-01
4.000000e-01
4.000000e-01
4.000000e-01
4.000000e-01
4.000000e-01
4.000000e-01
4.000000e-01
4.000000e-01
4.000000e-01
4.000000e-01
4.000000e-01
4.000000e-01
4.000000e-01
4.000000e-01
4.000000e-01
4.000000e-01
4.000000e-01
4.000000e-01
4.000000e-01
4.000000e-01
4.000000e-01
4.000000e-01
4.000000e-01
4.000000e-01
4.000000e-01
4.000000e-01
4.000000e-01
4.000000e-01
4.000000e-01
4.000000e-01
4.000000e-01
4.000000e-01
4.000000e-01
4.000000e-01
4.000000e-01
4.000000e-01
4.000000e-01
4.000000e-01
4.000000e-01
4.000000e-01
4.000000e-01
4.000000e-01
4.000000e-01
4.000000e-01
4.000000e-01
4.000000e-01
4.000000e-01
4.000000e-01
4.000000e-01
4.000000e-01
4.000000e-01
4.000000e-01
4.000000e-01
4.000000e-01
4.000000e-01
4.000000e-01
4.000000e-01
4.000000e-01
4.000000e-01
4.000000e-01
4.000000e-01
4.000000e-01
4.000000e-01
4.000000e-01
4.000000e-01
4.000000e-01
4.000000e-01
4.000000e-01
4.000000e-01
4.000000e-01
4.000000e-01
4.000000e-01
4.000000e-01
4.000000e-01
4.000000e-01
4.000000e-01
4.000000e-01
4.000000e-01
4.000000e-01
4.000000e-01
4.000000e-01
4.000000e-01
4.000000e-01
4.000000e-01
4.000000e-01
4.000000e-01
4.000000e-01
4.000000e-01
4.000000e-01
4.000000e-01
4.000000e-01
4.000000e-01
4.000000e-01
4.000000e-01
4.000000e-01
4.000000e-01
4.000000e-01
4.000000e-01
4.000000e-01
4.000000e-01
4.000000e-01
4.000000e-01
4.000000e-01
4.000000e-01
4.000000e-01
4.000000e-01
4.000000e-01
4.000000e-01
