1.008360e-170
3.988977e-168
1.019083e-93
2.290173e-62
4.486001e-46
3.120823e-36
1.235320e-29
7.145649e-25
3.052571e-21
2.340745e-18
5.416562e-16
5.204781e-14
2.550567e-12
7.321877e-11
1.357621e-09
1.746562e-08
1.645851e-07
1.185136e-06
6.745354e-06
3.119549e-05
1.199490e-04
3.909551e-04
1.097862e-03
2.693397e-03
5.846832e-03
1.136582e-02
2.001400e-02
3.228690e-02
4.825628e-02
6.757079e-02
8.961930e-02
1.137891e-01
1.397379e-01
1.676392e-01
1.984134e-01
2.339609e-01
2.773037e-01
3.320885e-01
3.999891e-01
4.757984e-01
5.697320e-168
4.756155e-127
1.451681e-88
1.376099e-61
1.218377e-45
6.220212e-36
2.089011e-29
1.092922e-24
4.364109e-21
3.186213e-18
7.096506e-16
6.606876e-14
3.150028e-12
8.821803e-11
1.598607e-09
2.012247e-08
1.856711e-07
1.309703e-06
7.304068e-06
3.310244e-05
1.247426e-04
3.985857e-04
1.100998e-03
2.666683e-03
5.741570e-03
1.113485e-02
1.969997e-02
3.219151e-02
4.916571e-02
7.096568e-02
9.778158e-02
1.297440e-01
1.670087e-01
2.097972e-01
2.583420e-01
3.126476e-01
3.719610e-01
4.339722e-01
4.942713e-01
5.475623e-01
2.128355e-93
2.007428e-88
2.238019e-73
2.660012e-58
8.679601e-45
2.069266e-35
5.044529e-29
2.200584e-24
7.810644e-21
5.246860e-18
1.097238e-15
9.713234e-14
4.440112e-12
1.199043e-10
2.103863e-09
2.572289e-08
2.311177e-07
1.590848e-06
8.673930e-06
3.850491e-05
1.424089e-04
4.476387e-04
1.224182e-03
2.954073e-03
6.380418e-03
1.250497e-02
2.252459e-02
3.771461e-02
5.926880e-02
8.810557e-02
1.246727e-01
1.688093e-01
2.197070e-01
2.759492e-01
3.355537e-01
3.959666e-01
4.540475e-01
5.062287e-01
5.490886e-01
5.803807e-01
6.567472e-62
3.641277e-61
3.686365e-58
1.384081e-50
2.073170e-42
1.744102e-34
2.022105e-28
6.310370e-24
1.837962e-20
1.081097e-17
2.051943e-15
1.685034e-13
7.248128e-12
1.860285e-10
3.125096e-09
3.679127e-08
3.197897e-07
2.138034e-06
1.136442e-05
4.935361e-05
1.792058e-04
5.550977e-04
1.509379e-03
3.650790e-03
7.962892e-03
1.585575e-02
2.911389e-02
4.967148e-02
7.918590e-02
1.185066e-01
1.672633e-01
2.237756e-01
2.853033e-01
3.484813e-01
4.097562e-01
4.657431e-01
5.135395e-01
5.510707e-01
5.774569e-01
5.932180e-01
1.810098e-45
4.693313e-45
2.825623e-44
3.245656e-42
9.812391e-38
1.514380e-32
1.948782e-27
2.991284e-23
6.155377e-20
2.927376e-17
4.798535e-15
3.533322e-13
1.395434e-11
3.341762e-10
5.299774e-09
5.943450e-08
4.956845e-07
3.199349e-06
1.650620e-05
6.992441e-05
2.488454e-04
7.589551e-04
2.054144e-03
4.987959e-03
1.098389e-02
2.211101e-02
4.090077e-02
6.976879e-02
1.101410e-01
1.616921e-01
2.221390e-01
2.876945e-01
3.538997e-01
4.164516e-01
4.717976e-01
5.174753e-01
5.522736e-01
5.762705e-01
5.907260e-01
5.977808e-01
1.792584e-35
3.434446e-35
1.036568e-34
6.608084e-34
2.778827e-32
2.535982e-29
9.380416e-26
3.108581e-22
3.341981e-19
1.120091e-16
1.468908e-14
9.239955e-13
3.240875e-11
7.069483e-10
1.039533e-08
1.095278e-07
8.671198e-07
5.357736e-06
2.665080e-05
1.095327e-04
3.803114e-04
1.137943e-03
3.055848e-03
7.419514e-03
1.635907e-02
3.281249e-02
5.992376e-02
9.987213e-02
1.526821e-01
2.157764e-01
2.845572e-01
3.536184e-01
4.179562e-01
4.737775e-01
5.188452e-01
5.524845e-01
5.753841e-01
5.892617e-01
5.964281e-01
5.993060e-01
1.010473e-28
1.646111e-28
3.671665e-28
1.243204e-27
8.187999e-27
1.965774e-25
2.747280e-23
1.014969e-20
3.559975e-18
6.709095e-16
6.255979e-14
3.134663e-12
9.328024e-11
1.794987e-09
2.390197e-08
2.323705e-07
1.721571e-06
1.006520e-05
4.780167e-05
1.889782e-04
6.352050e-04
1.851247e-03
4.898041e-03
1.177405e-02
2.559526e-02
5.012563e-02
8.841974e-02
1.411570e-01
2.057967e-01
2.771595e-01
3.489853e-01
4.155447e-01
4.726852e-01
5.182048e-01
5.517374e-01
5.743684e-01
5.881285e-01
5.954559e-01
5.987067e-01
5.997923e-01
8.237823e-24
1.214906e-23
2.276747e-23
5.714103e-23
2.114343e-22
1.399978e-21
2.298272e-20
1.058468e-18
8.720704e-17
7.035371e-15
3.971241e-13
1.440306e-11
3.420346e-10
5.567447e-09
6.511790e-08
5.706956e-07
3.884188e-06
2.116142e-05
9.469823e-05
3.559061e-04
1.145513e-03
3.219236e-03
8.305914e-03
1.947232e-02
4.091331e-02
7.658934e-02
1.281005e-01
1.932823e-01
2.666169e-01
3.410766e-01
4.101628e-01
4.692391e-01
5.159744e-01
5.501416e-01
5.730835e-01
5.870651e-01
5.946507e-01
5.982013e-01
5.995594e-01
5.999406e-01
4.859212e-20
6.705321e-20
1.122054e-19
2.351137e-19
6.485350e-19
2.558579e-18
1.647859e-17
1.993064e-16
4.392844e-15
1.323548e-13
3.898805e-12
9.205022e-11
1.623473e-09
2.126170e-08
2.105995e-07
1.618123e-06
9.894820e-06
4.931599e-05
2.046674e-04
7.209071e-04
2.192751e-03
5.873201e-03
1.459234e-02
3.274922e-02
6.513162e-02
1.144531e-01
1.792546e-01
2.539420e-01
3.308219e-01
4.025923e-01
4.640219e-01
5.125109e-01
5.478396e-01
5.715084e-01
5.859671e-01
5.939103e-01
5.977525e-01
5.993349e-01
5.998590e-01
5.999839e-01
5.000169e-17
6.580449e-17
1.016996e-16
1.886156e-16
4.326876e-16
1.282886e-15
5.230646e-15
3.148837e-14
2.885964e-13
3.706242e-12
5.529510e-11
7.950049e-10
9.801964e-09
9.848701e-08
7.963699e-07
5.211810e-06
2.797248e-05
1.250657e-04
4.732525e-04
1.538759e-03
4.362165e-03
1.100805e-02
2.596606e-02
5.467702e-02
1.010599e-01
1.646587e-01
2.400761e-01
3.190773e-01
3.935450e-01
4.575644e-01
5.081557e-01
5.450021e-01
5.696866e-01
5.848069e-01
5.931906e-01
5.973356e-01
5.991224e-01
5.997710e-01
5.999577e-01
5.999959e-01
1.501833e-14
1.907227e-14
2.778016e-14
4.713359e-14
9.502197e-14
2.336383e-13
7.241691e-13
2.932205e-12
1.583986e-11
1.114314e-10
9.363096e-10
8.324881e-09
7.035776e-08
5.275215e-07
3.390520e-06
1.846223e-05
8.523021e-05
3.358847e-04
1.140956e-03
3.376497e-03
8.807318e-03
2.074665e-02
4.570970e-02
8.864363e-02
1.503513e-01
2.259041e-01
3.066650e-01
3.837138e-01
4.503945e-01
5.032647e-01
5.418331e-01
5.677076e-01
5.836048e-01
5.924831e-01
5.969410e-01
5.989219e-01
5.996830e-01
5.999269e-01
5.999882e-01
5.999990e-01
1.808344e-12
2.232728e-12
3.104680e-12
4.917636e-12
8.994489e-12
1.931130e-11
4.959643e-11
1.552031e-10
5.978556e-10
2.803328e-09
1.531796e-08
9.082225e-08
5.405391e-07
3.030283e-06
1.534962e-05
6.870534e-05
2.693297e-04
9.239266e-04
2.784100e-03
7.415260e-03
1.761374e-02
3.853718e-02
7.777955e-02
1.370721e-01
2.122466e-01
2.943845e-01
3.737956e-01
4.430600e-01
4.982248e-01
5.385739e-01
5.657003e-01
5.824162e-01
5.918051e-01
5.965724e-01
5.987357e-01
5.995989e-01
5.998946e-01
5.999785e-01
5.999970e-01
5.999998e-01
1.071621e-10
1.292846e-10
1.730925e-10
2.593579e-10
4.390800e-10
8.488023e-10
1.894356e-09
4.927062e-09
1.498810e-08
5.287181e-08
2.106424e-07
9.068862e-07
4.000703e-06
1.719908e-05
6.930757e-05
2.551886e-04
8.463446e-04
2.512759e-03
6.671824e-03
1.587855e-02
3.410074e-02
6.911458e-02
1.255586e-01
1.999103e-01
2.830258e-01
3.644949e-01
4.361324e-01
4.934559e-01
5.355018e-01
5.638273e-01
5.813246e-01
5.911935e-01
5.962444e-01
5.985702e-01
5.995226e-01
5.998637e-01
5.999680e-01
5.999942e-01
5.999993e-01
6.000000e-01
3.590522e-09
4.247402e-09
5.507600e-09
7.877496e-09
1.251052e-08
2.221064e-08
4.435615e-08
1.000706e-07
2.549973e-07
7.280602e-07
2.285883e-06
7.660185e-06
2.640044e-05
9.010652e-05
2.948073e-04
9.023938e-04
2.543260e-03
6.539801e-03
1.527962e-02
3.241615e-02
6.283266e-02
1.163393e-01
1.895342e-01
2.732910e-01
3.564874e-01
4.301880e-01
4.893989e-01
5.329204e-01
5.622762e-01
5.804334e-01
5.906994e-01
5.959800e-01
5.984355e-01
5.994588e-01
5.998366e-01
5.999580e-01
5.999912e-01
5.999986e-01
5.999998e-01
6.000000e-01
7.501390e-08
8.722760e-08
1.100105e-07
1.511671e-07
2.273381e-07
3.757286e-07
6.846151e-07
1.376915e-06
3.049540e-06
7.379877e-06
1.922840e-05
5.277243e-05
1.484854e-04
4.162600e-04
1.132571e-03
2.927840e-03
7.080892e-03
1.585953e-02
3.270520e-02
6.196102e-02
1.088355e-01
1.813683e-01
2.657325e-01
3.503837e-01
4.257814e-01
4.864945e-01
5.311417e-01
5.612453e-01
5.798560e-01
5.903811e-01
5.958066e-01
5.983436e-01
5.994129e-01
5.998157e-01
5.999497e-01
5.999884e-01
5.999978e-01
5.999997e-01
6.000000e-01
6.000000e-01
1.049887e-06
1.202300e-06
1.479431e-06
1.962341e-06
2.813843e-06
4.371712e-06
7.367635e-06
1.345921e-05
2.655657e-05
5.617097e-05
1.258037e-04
2.932893e-04
6.971741e-04
1.652890e-03
3.827309e-03
8.501425e-03
1.786328e-02
3.515270e-02
6.436471e-02
1.093583e-01
1.754964e-01
2.607662e-01
3.466813e-01
4.234225e-01
4.851625e-01
5.304622e-01
5.609220e-01
5.796997e-01
5.902945e-01
5.957507e-01
5.983062e-01
5.993899e-01
5.998034e-01
5.999440e-01
5.999862e-01
5.999971e-01
5.999995e-01
5.999999e-01
6.000000e-01
6.000000e-01
1.039358e-05
1.173879e-05
1.412699e-05
1.815321e-05
2.494835e-05
3.670307e-05
5.778712e-05
9.718454e-05
1.738436e-04
3.283829e-04
6.481194e-04
1.318092e-03
2.717297e-03
5.580151e-03
1.122363e-02
2.178205e-02
4.029273e-02
7.038196e-02
1.153134e-01
1.766738e-01
2.601234e-01
3.464993e-01
4.237797e-01
4.857922e-01
5.311227e-01
5.614528e-01
5.800465e-01
5.904809e-01
5.958312e-01
5.983316e-01
5.993933e-01
5.998010e-01
5.999417e-01
5.999850e-01
5.999966e-01
5.999994e-01
5.999999e-01
6.000000e-01
6.000000e-01
6.000000e-01
7.593651e-05
8.468457e-05
9.986168e-05
1.246681e-04
1.648772e-04
2.309767e-04
3.423446e-04
5.354190e-04
8.795930e-04
1.507512e-03
2.670492e-03
4.833146e-03
8.818318e-03
1.599328e-02
2.843887e-02
4.896671e-02
8.078394e-02
1.266320e-01
1.874369e-01
2.617152e-01
3.495850e-01
4.269068e-01
4.885585e-01
5.332731e-01
5.629271e-01
5.809394e-01
5.909575e-01
5.960539e-01
5.984214e-01
5.994236e-01
5.998090e-01
5.999430e-01
5.999848e-01
5.999965e-01
5.999993e-01
5.999999e-01
6.000000e-01
6.000000e-01
6.000000e-01
6.000000e-01
4.236592e-04
4.669721e-04
5.404119e-04
6.569368e-04
8.387870e-04
1.123958e-03
1.577723e-03
2.312892e-03
3.524631e-03
5.547930e-03
8.946246e-03
1.463402e-02
2.401616e-02
3.908783e-02
6.238241e-02
9.661390e-02
1.438947e-01
2.045935e-01
2.762566e-01
3.557474e-01
4.330430e-01
4.936072e-01
5.369878e-01
5.653638e-01
5.823695e-01
5.917100e-01
5.964079e-01
5.985694e-01
5.994781e-01
5.998263e-01
5.999476e-01
5.999858e-01
5.999966e-01
5.999993e-01
5.999999e-01
6.000000e-01
6.000000e-01
6.000000e-01
6.000000e-01
6.000000e-01
1.856503e-03
2.024225e-03
2.301933e-03
2.729942e-03
3.374168e-03
4.340689e-03
5.799259e-03
8.020155e-03
1.142928e-02
1.668463e-02
2.476993e-02
3.708362e-02
5.547142e-02
8.211392e-02
1.191599e-01
1.680337e-01
2.284899e-01
2.977402e-01
3.702199e-01
4.434632e-01
5.013616e-01
5.422815e-01
5.686681e-01
5.842539e-01
5.926857e-01
5.968642e-01
5.987614e-01
5.995503e-01
5.998504e-01
5.999546e-01
5.999875e-01
5.999969e-01
5.999993e-01
5.999999e-01
6.000000e-01
6.000000e-01
6.000000e-01
6.000000e-01
6.000000e-01
6.000000e-01
6.544225e-03
7.063714e-03
7.902132e-03
9.157242e-03
1.098142e-02
1.360561e-02
1.737404e-02
2.279127e-02
3.058027e-02
4.174250e-02
5.759702e-02
7.975469e-02
1.099624e-01
1.497471e-01
1.998315e-01
2.594062e-01
3.255365e-01
3.931411e-01
4.559237e-01
5.108606e-01
5.486703e-01
5.726026e-01
5.864574e-01
5.938059e-01
5.973809e-01
5.989772e-01
5.996318e-01
5.998780e-01
5.999630e-01
5.999897e-01
5.999974e-01
5.999994e-01
5.999999e-01
6.000000e-01
6.000000e-01
6.000000e-01
6.000000e-01
6.000000e-01
6.000000e-01
6.000000e-01
1.894626e-02
2.025746e-02
2.231422e-02
2.530310e-02
2.950080e-02
3.530129e-02
4.324941e-02
5.407608e-02
6.872424e-02
8.834412e-02
1.142241e-01
1.476135e-01
1.893998e-01
2.396425e-01
2.970564e-01
3.586685e-01
4.199657e-01
4.757668e-01
5.216744e-01
5.558505e-01
5.769070e-01
5.888047e-01
5.949722e-01
5.979089e-01
5.991950e-01
5.997135e-01
5.999059e-01
5.999715e-01
5.999921e-01
5.999980e-01
5.999995e-01
5.999999e-01
6.000000e-01
6.000000e-01
6.000000e-01
6.000000e-01
6.000000e-01
6.000000e-01
6.000000e-01
6.000000e-01
4.588920e-02
4.862583e-02
5.278309e-02
5.864235e-02
6.659761e-02
7.717138e-02
9.102599e-02
1.089593e-01
1.318672e-01
1.606503e-01
1.960384e-01
2.383205e-01
2.870034e-01
3.404851e-01
3.959166e-01
4.494592e-01
4.970485e-01
5.354918e-01
5.634043e-01
5.812615e-01
5.911080e-01
5.960876e-01
5.984033e-01
5.993956e-01
5.997879e-01
5.999311e-01
5.999793e-01
5.999943e-01
5.999985e-01
5.999997e-01
5.999999e-01
6.000000e-01
6.000000e-01
6.000000e-01
6.000000e-01
6.000000e-01
6.000000e-01
6.000000e-01
6.000000e-01
6.000000e-01
9.454971e-02
9.931843e-02
1.063106e-01
1.158598e-01
1.283969e-01
1.444403e-01
1.645695e-01
1.893698e-01
2.193332e-01
2.547066e-01
2.952878e-01
3.402035e-01
3.877429e-01
4.353664e-01
4.800090e-01
5.187032e-01
5.493511e-01
5.712937e-01
5.853578e-01
5.932060e-01
5.970763e-01
5.988317e-01
5.995661e-01
5.998503e-01
5.999520e-01
5.999857e-01
5.999961e-01
5.999990e-01
5.999998e-01
6.000000e-01
6.000000e-01
6.000000e-01
6.000000e-01
6.000000e-01
6.000000e-01
6.000000e-01
6.000000e-01
6.000000e-01
6.000000e-01
6.000000e-01
1.682616e-01
1.752227e-01
1.850569e-01
1.980655e-01
2.145820e-01
2.349372e-01
2.594013e-01
2.880977e-01
3.208880e-01
3.572391e-01
3.961033e-01
4.358698e-01
4.744576e-01
5.096041e-01
5.393267e-01
5.624132e-01
5.787169e-01
5.890893e-01
5.949846e-01
5.978940e-01
5.991779e-01
5.997013e-01
5.998989e-01
5.999681e-01
5.999907e-01
5.999975e-01
5.999994e-01
5.999999e-01
6.000000e-01
6.000000e-01
6.000000e-01
6.000000e-01
6.000000e-01
6.000000e-01
6.000000e-01
6.000000e-01
6.000000e-01
6.000000e-01
6.000000e-01
6.000000e-01
2.623437e-01
2.708261e-01
2.823873e-01
2.972058e-01
3.154000e-01
3.369860e-01
3.618182e-01
3.895177e-01
4.194023e-01
4.504448e-01
4.812934e-01
5.103921e-01
5.362132e-01
5.575607e-01
5.738453e-01
5.852014e-01
5.923793e-01
5.964590e-01
5.985283e-01
5.994409e-01
5.998018e-01
5.999344e-01
5.999798e-01
5.999942e-01
5.999984e-01
5.999996e-01
5.999999e-01
6.000000e-01
6.000000e-01
6.000000e-01
6.000000e-01
6.000000e-01
6.000000e-01
6.000000e-01
6.000000e-01
6.000000e-01
6.000000e-01
6.000000e-01
6.000000e-01
6.000000e-01
3.634918e-01
3.720440e-01
3.833455e-01
3.974028e-01
4.140920e-01
4.331350e-01
4.540701e-01
4.762308e-01
4.987502e-01
5.206117e-01
5.407560e-01
5.582419e-01
5.724220e-01
5.830737e-01
5.904238e-01
5.950460e-01
5.976752e-01
5.990183e-01
5.996300e-01
5.998727e-01
5.999590e-01
5.999876e-01
5.999965e-01
5.999991e-01
5.999998e-01
5.999999e-01
6.000000e-01
6.000000e-01
6.000000e-01
6.000000e-01
6.000000e-01
6.000000e-01
6.000000e-01
6.000000e-01
6.000000e-01
6.000000e-01
6.000000e-01
6.000000e-01
6.000000e-01
6.000000e-01
4.546672e-01
4.617227e-01
4.708373e-01
4.818664e-01
4.945285e-01
5.084080e-01
5.229640e-01
5.375557e-01
5.514937e-01
5.641184e-01
5.748961e-01
5.835081e-01
5.899022e-01
5.942805e-01
5.970257e-01
5.985905e-01
5.993959e-01
5.997676e-01
5.999203e-01
5.999751e-01
5.999927e-01
5.999980e-01
5.999995e-01
5.999999e-01
6.000000e-01
6.000000e-01
6.000000e-01
6.000000e-01
6.000000e-01
6.000000e-01
6.000000e-01
6.000000e-01
6.000000e-01
6.000000e-01
6.000000e-01
6.000000e-01
6.000000e-01
6.000000e-01
6.000000e-01
6.000000e-01
5.230718e-01
5.277908e-01
5.338080e-01
5.409127e-01
5.488032e-01
5.571058e-01
5.654025e-01
5.732699e-01
5.803288e-01
5.862948e-01
5.910187e-01
5.945012e-01
5.968764e-01
5.983652e-01
5.992172e-01
5.996595e-01
5.998664e-01
5.999531e-01
5.999853e-01
5.999958e-01
5.999989e-01
5.999997e-01
5.999999e-01
6.000000e-01
6.000000e-01
6.000000e-01
6.000000e-01
6.000000e-01
6.000000e-01
6.000000e-01
6.000000e-01
6.000000e-01
6.000000e-01
6.000000e-01
6.000000e-01
6.000000e-01
6.000000e-01
6.000000e-01
6.000000e-01
6.000000e-01
5.654550e-01
5.680013e-01
5.712336e-01
5.749685e-01
5.789844e-01
5.830409e-01
5.869029e-01
5.903678e-01
5.932902e-01
5.955984e-01
5.972975e-01
5.984567e-01
5.991857e-01
5.996056e-01
5.998258e-01
5.999303e-01
5.999749e-01
5.999919e-01
5.999977e-01
5.999994e-01
5.999999e-01
6.000000e-01
6.000000e-01
6.000000e-01
6.000000e-01
6.000000e-01
6.000000e-01
6.000000e-01
6.000000e-01
6.000000e-01
6.000000e-01
6.000000e-01
6.000000e-01
6.000000e-01
6.000000e-01
6.000000e-01
6.000000e-01
6.000000e-01
6.000000e-01
6.000000e-01
5.870000e-01
5.881078e-01
5.895153e-01
5.911106e-01
5.927733e-01
5.943868e-01
5.958517e-01
5.970967e-01
5.980854e-01
5.988169e-01
5.993189e-01
5.996368e-01
5.998217e-01
5.999200e-01
5.999673e-01
5.999880e-01
5.999960e-01
5.999988e-01
5.999997e-01
5.999999e-01
6.000000e-01
6.000000e-01
6.000000e-01
6.000000e-01
6.000000e-01
6.000000e-01
6.000000e-01
6.000000e-01
6.000000e-01
6.000000e-01
6.000000e-01
6.000000e-01
6.000000e-01
6.000000e-01
6.000000e-01
6.000000e-01
6.000000e-01
6.000000e-01
6.000000e-01
6.000000e-01
5.959420e-01
5.963310e-01
5.968265e-01
5.973781e-01
5.979361e-01
5.984570e-01
5.989087e-01
5.992729e-01
5.995459e-01
5.997354e-01
5.998570e-01
5.999287e-01
5.999674e-01
5.999864e-01
5.999949e-01
5.999983e-01
5.999995e-01
5.999999e-01
6.000000e-01
6.000000e-01
6.000000e-01
6.000000e-01
6.000000e-01
6.000000e-01
6.000000e-01
6.000000e-01
6.000000e-01
6.000000e-01
6.000000e-01
6.000000e-01
6.000000e-01
6.000000e-01
6.000000e-01
6.000000e-01
6.000000e-01
6.000000e-01
6.000000e-01
6.000000e-01
6.000000e-01
6.000000e-01
5.989597e-01
5.990699e-01
5.992103e-01
5.993641e-01
5.995151e-01
5.996510e-01
5.997636e-01
5.998500e-01
5.999112e-01
5.999512e-01
5.999752e-01
5.999884e-01
5.999951e-01
5.999981e-01
5.999993e-01
5.999998e-01
5.999999e-01
6.000000e-01
6.000000e-01
6.000000e-01
6.000000e-01
6.000000e-01
6.000000e-01
6.000000e-01
6.000000e-01
6.000000e-01
6.000000e-01
6.000000e-01
6.000000e-01
6.000000e-01
6.000000e-01
6.000000e-01
6.000000e-01
6.000000e-01
6.000000e-01
6.000000e-01
6.000000e-01
6.000000e-01
6.000000e-01
6.000000e-01
5.997836e-01
5.998086e-01
5.998404e-01
5.998747e-01
5.999074e-01
5.999358e-01
5.999583e-01
5.999748e-01
5.999858e-01
5.999926e-01
5.999965e-01
5.999985e-01
5.999994e-01
5.999998e-01
5.999999e-01
6.000000e-01
6.000000e-01
6.000000e-01
6.000000e-01
6.000000e-01
6.000000e-01
6.000000e-01
6.000000e-01
6.000000e-01
6.000000e-01
6.000000e-01
6.000000e-01
6.000000e-01
6.000000e-01
6.000000e-01
6.000000e-01
6.000000e-01
6.000000e-01
6.000000e-01
6.000000e-01
6.000000e-01
6.000000e-01
6.000000e-01
6.000000e-01
6.000000e-01
5.999641e-01
5.999685e-01
5.999742e-01
5.999803e-01
5.999859e-01
5.999905e-01
5.999941e-01
5.999966e-01
5.999982e-01
5.999991e-01
5.999996e-01
5.999998e-01
5.999999e-01
6.000000e-01
6.000000e-01
6.000000e-01
6.000000e-01
6.000000e-01
6.000000e-01
6.000000e-01
6.000000e-01
6.000000e-01
6.000000e-01
6.000000e-01
6.000000e-01
6.000000e-01
6.000000e-01
6.000000e-01
6.000000e-01
6.000000e-01
6.000000e-01
6.000000e-01
6.000000e-01
6.000000e-01
6.000000e-01
6.000000e-01
6.000000e-01
6.000000e-01
6.000000e-01
6.000000e-01
5.999953e-01
5.999960e-01
5.999968e-01
5.999976e-01
5.999983e-01
5.999989e-01
5.999994e-01
5.999996e-01
5.999998e-01
5.999999e-01
6.000000e-01
6.000000e-01
6.000000e-01
6.000000e-01
6.000000e-01
6.000000e-01
6.000000e-01
6.000000e-01
6.000000e-01
6.000000e-01
6.000000e-01
6.000000e-01
6.000000e-01
6.000000e-01
6.000000e-01
6.000000e-01
6.000000e-01
6.000000e-01
6.000000e-01
6.000000e-01
6.000000e-01
6.000000e-01
6.000000e-01
6.000000e-01
6.000000e-01
6.000000e-01
6.000000e-01
6.000000e-01
6.000000e-01
6.000000e-01
5.999995e-01
5.999996e-01
5.999997e-01
5.999998e-01
5.999998e-01
5.999999e-01
5.999999e-01
6.000000e-01
6.000000e-01
6.000000e-01
6.000000e-01
6.000000e-01
6.000000e-01
6.000000e-01
6.000000e-01
6.000000e-01
6.000000e-01
6.000000e-01
6.000000e-01
6.000000e-01
6.000000e-01
6.000000e-01
6.000000e-01
6.000000e-01
6.000000e-01
6.000000e-01
6.000000e-01
6.000000e-01
6.000000e-01
6.000000e-01
6.000000e-01
6.000000e-01
6.000000e-01
6.000000e-01
6.000000e-01
6.000000e-01
6.000000e-01
6.000000e-01
6.000000e-01
6.000000e-01
6.000000e-01
6.000000e-01
6.000000e-01
6.000000e-01
6.000000e-01
6.000000e-01
6.000000e-01
6.000000e-01
6.000000e-01
6.000000e-01
6.000000e-01
6.000000e-01
6.000000e-01
6.000000e-01
6.000000e-01
6.000000e-01
6.000000e-01
6.000000e-01
6.000000e-01
6.000000e-01
6.000000e-01
6.000000e-01
6.000000e-01
6.000000e-01
6.000000e-01
6.000000e-01
6.000000e-01
6.000000e-01
6.000000e-01
6.000000e-01
6.000000e-01
6.000000e-01
6.000000e-01
6.000000e-01
6.000000e-01
6.000000e-01
6.000000e-01
6.000000e-01
6.000000e-01
6.000000e-01
6.000000e-01
6.000000e-01
6.000000e-01
6.000000e-01
6.000000e-01
6.000000e-01
6.000000e-01
6.000000e-01
6.000000e-01
6.000000e-01
6.000000e-01
6.000000e-01
6.000000e-01
6.000000e-01
6.000000e-01
6.000000e-01
6.000000e-01
6.000000e-01
6.000000e-01
6.000000e-01
6.000000e-01
6.000000e-01
6.000000e-01
6.000000e-01
6.000000e-01
6.000000e-01
6.000000e-01
6.000000e-01
6.000000e-01
6.000000e-01
6.000000e-01
6.000000e-01
6.000000e-01
6.000000e-01
6.000000e-01
6.000000e-01
6.000000e-01
6.000000e-01
6.000000e-01
6.000000e-01
6.000000e-01
6.000000e-01
6.000000e-01
6.000000e-01
6.000000e-01
6.000000e-01
6.000000e-01
6.000000e-01
6.000000e-01
6.000000e-01
6.000000e-01
6.000000e-01
6.000000e-01
6.000000e-01
6.000000e-01
6.000000e-01
6.000000e-01
6.000000e-01
6.000000e-01
6.000000e-01
6.000000e-01
6.000000e-01
6.000000e-01
6.000000e-01
6.000000e-01
6.000000e-01
6.000000e-01
6.000000e-01
6.000000e-01
6.000000e-01
6.000000e-01
6.000000e-01
6.000000e-01
6.000000e-01
6.000000e-01
6.000000e-01
6.000000e-01
6.000000e-01
6.000000e-01
6.000000e-01
