2.003848e+06
2.003461e+06
2.003227e+06
2.003064e+06
2.002940e+06
2.002840e+06
2.002756e+06
2.002683e+06
2.002619e+06
2.002561e+06
2.002508e+06
2.002459e+06
2.002413e+06
2.002370e+06
2.002329e+06
2.002289e+06
2.002252e+06
2.002215e+06
2.002179e+06
2.002144e+06
2.002109e+06
2.002075e+06
2.002040e+06
2.002005e+06
2.001970e+06
2.001934e+06
2.001897e+06
2.001858e+06
2.001818e+06
2.001774e+06
2.001728e+06
2.001676e+06
2.001619e+06
2.001554e+06
2.001478e+06
2.001387e+06
2.001273e+06
2.001121e+06
2.000901e+06
2.000535e+06
2.003455e+06
2.003302e+06
2.003149e+06
2.003019e+06
2.002910e+06
2.002818e+06
2.002738e+06
2.002668e+06
2.002606e+06
2.002549e+06
2.002497e+06
2.002449e+06
2.002404e+06
2.002361e+06
2.002320e+06
2.002282e+06
2.002244e+06
2.002208e+06
2.002172e+06
2.002137e+06
2.002103e+06
2.002068e+06
2.002034e+06
2.001999e+06
2.001964e+06
2.001928e+06
2.001892e+06
2.001853e+06
2.001813e+06
2.001770e+06
2.001724e+06
2.001673e+06
2.001618e+06
2.001555e+06
2.001482e+06
2.001398e+06
2.001297e+06
2.001175e+06
2.001031e+06
2.000886e+06
2.003216e+06
2.003144e+06
2.003048e+06
2.002952e+06
2.002863e+06
2.002783e+06
2.002711e+06
2.002646e+06
2.002587e+06
2.002533e+06
2.002483e+06
2.002436e+06
2.002392e+06
2.002350e+06
2.002310e+06
2.002272e+06
2.002235e+06
2.002199e+06
2.002164e+06
2.002130e+06
2.002096e+06
2.002062e+06
2.002028e+06
2.001994e+06
2.001959e+06
2.001924e+06
2.001888e+06
2.001850e+06
2.001810e+06
2.001769e+06
2.001724e+06
2.001675e+06
2.001622e+06
2.001563e+06
2.001497e+06
2.001423e+06
2.001340e+06
2.001250e+06
2.001160e+06
2.001091e+06
2.003049e+06
2.003009e+06
2.002947e+06
2.002877e+06
2.002807e+06
2.002739e+06
2.002676e+06
2.002618e+06
2.002563e+06
2.002513e+06
2.002465e+06
2.002420e+06
2.002378e+06
2.002338e+06
2.002299e+06
2.002262e+06
2.002226e+06
2.002190e+06
2.002156e+06
2.002122e+06
2.002089e+06
2.002055e+06
2.002022e+06
2.001989e+06
2.001955e+06
2.001920e+06
2.001885e+06
2.001848e+06
2.001810e+06
2.001770e+06
2.001727e+06
2.001681e+06
2.001631e+06
2.001577e+06
2.001519e+06
2.001456e+06
2.001390e+06
2.001324e+06
2.001266e+06
2.001228e+06
2.002921e+06
2.002897e+06
2.002855e+06
2.002803e+06
2.002748e+06
2.002692e+06
2.002638e+06
2.002586e+06
2.002536e+06
2.002489e+06
2.002445e+06
2.002402e+06
2.002362e+06
2.002323e+06
2.002286e+06
2.002250e+06
2.002215e+06
2.002181e+06
2.002147e+06
2.002114e+06
2.002081e+06
2.002049e+06
2.002016e+06
2.001984e+06
2.001951e+06
2.001918e+06
2.001883e+06
2.001848e+06
2.001811e+06
2.001773e+06
2.001732e+06
2.001689e+06
2.001643e+06
2.001595e+06
2.001544e+06
2.001491e+06
2.001439e+06
2.001390e+06
2.001350e+06
2.001327e+06
2.002818e+06
2.002802e+06
2.002772e+06
2.002733e+06
2.002689e+06
2.002643e+06
2.002596e+06
2.002551e+06
2.002506e+06
2.002463e+06
2.002422e+06
2.002383e+06
2.002344e+06
2.002307e+06
2.002272e+06
2.002237e+06
2.002203e+06
2.002170e+06
2.002138e+06
2.002106e+06
2.002074e+06
2.002042e+06
2.002011e+06
2.001979e+06
2.001948e+06
2.001915e+06
2.001882e+06
2.001849e+06
2.001813e+06
2.001777e+06
2.001739e+06
2.001699e+06
2.001657e+06
2.001614e+06
2.001570e+06
2.001526e+06
2.001484e+06
2.001447e+06
2.001419e+06
2.001403e+06
2.002732e+06
2.002720e+06
2.002698e+06
2.002668e+06
2.002632e+06
2.002594e+06
2.002555e+06
2.002515e+06
2.002475e+06
2.002436e+06
2.002398e+06
2.002361e+06
2.002325e+06
2.002290e+06
2.002256e+06
2.002223e+06
2.002191e+06
2.002159e+06
2.002128e+06
2.002097e+06
2.002066e+06
2.002036e+06
2.002006e+06
2.001975e+06
2.001945e+06
2.001914e+06
2.001882e+06
2.001850e+06
2.001816e+06
2.001782e+06
2.001746e+06
2.001709e+06
2.001671e+06
2.001633e+06
2.001595e+06
2.001558e+06
2.001524e+06
2.001495e+06
2.001474e+06
2.001463e+06
2.002657e+06
2.002648e+06
2.002631e+06
2.002607e+06
2.002579e+06
2.002547e+06
2.002513e+06
2.002478e+06
2.002443e+06
2.002408e+06
2.002373e+06
2.002339e+06
2.002305e+06
2.002273e+06
2.002240e+06
2.002209e+06
2.002178e+06
2.002147e+06
2.002117e+06
2.002088e+06
2.002058e+06
2.002029e+06
2.002000e+06
2.001971e+06
2.001942e+06
2.001912e+06
2.001882e+06
2.001851e+06
2.001819e+06
2.001786e+06
2.001753e+06
2.001719e+06
2.001685e+06
2.001651e+06
2.001618e+06
2.001587e+06
2.001559e+06
2.001536e+06
2.001520e+06
2.001511e+06
2.002592e+06
2.002585e+06
2.002571e+06
2.002552e+06
2.002529e+06
2.002502e+06
2.002473e+06
2.002442e+06
2.002411e+06
2.002379e+06
2.002347e+06
2.002316e+06
2.002285e+06
2.002254e+06
2.002224e+06
2.002194e+06
2.002164e+06
2.002135e+06
2.002107e+06
2.002078e+06
2.002050e+06
2.002022e+06
2.001995e+06
2.001967e+06
2.001939e+06
2.001910e+06
2.001881e+06
2.001852e+06
2.001822e+06
2.001791e+06
2.001760e+06
2.001728e+06
2.001698e+06
2.001667e+06
2.001639e+06
2.001613e+06
2.001589e+06
2.001571e+06
2.001557e+06
2.001550e+06
2.002534e+06
2.002528e+06
2.002517e+06
2.002501e+06
2.002482e+06
2.002459e+06
2.002433e+06
2.002407e+06
2.002379e+06
2.002350e+06
2.002321e+06
2.002292e+06
2.002264e+06
2.002235e+06
2.002207e+06
2.002178e+06
2.002151e+06
2.002123e+06
2.002096e+06
2.002069e+06
2.002042e+06
2.002015e+06
2.001989e+06
2.001962e+06
2.001936e+06
2.001908e+06
2.001881e+06
2.001852e+06
2.001824e+06
2.001795e+06
2.001766e+06
2.001737e+06
2.001709e+06
2.001683e+06
2.001657e+06
2.001635e+06
2.001615e+06
2.001600e+06
2.001589e+06
2.001583e+06
2.002482e+06
2.002477e+06
2.002468e+06
2.002454e+06
2.002438e+06
2.002418e+06
2.002396e+06
2.002372e+06
2.002348e+06
2.002322e+06
2.002296e+06
2.002269e+06
2.002242e+06
2.002216e+06
2.002189e+06
2.002163e+06
2.002136e+06
2.002110e+06
2.002084e+06
2.002059e+06
2.002033e+06
2.002008e+06
2.001983e+06
2.001958e+06
2.001932e+06
2.001906e+06
2.001879e+06
2.001852e+06
2.001825e+06
2.001798e+06
2.001771e+06
2.001745e+06
2.001720e+06
2.001696e+06
2.001674e+06
2.001654e+06
2.001637e+06
2.001624e+06
2.001615e+06
2.001610e+06
2.002434e+06
2.002430e+06
2.002422e+06
2.002411e+06
2.002397e+06
2.002379e+06
2.002360e+06
2.002339e+06
2.002317e+06
2.002294e+06
2.002270e+06
2.002246e+06
2.002221e+06
2.002196e+06
2.002171e+06
2.002147e+06
2.002122e+06
2.002097e+06
2.002073e+06
2.002049e+06
2.002025e+06
2.002001e+06
2.001977e+06
2.001952e+06
2.001928e+06
2.001902e+06
2.001877e+06
2.001851e+06
2.001826e+06
2.001800e+06
2.001775e+06
2.001751e+06
2.001728e+06
2.001707e+06
2.001687e+06
2.001670e+06
2.001656e+06
2.001644e+06
2.001636e+06
2.001632e+06
2.002390e+06
2.002387e+06
2.002380e+06
2.002371e+06
2.002358e+06
2.002343e+06
2.002326e+06
2.002308e+06
2.002288e+06
2.002267e+06
2.002245e+06
2.002223e+06
2.002200e+06
2.002177e+06
2.002154e+06
2.002131e+06
2.002107e+06
2.002084e+06
2.002061e+06
2.002038e+06
2.002016e+06
2.001993e+06
2.001970e+06
2.001946e+06
2.001923e+06
2.001898e+06
2.001874e+06
2.001849e+06
2.001825e+06
2.001801e+06
2.001778e+06
2.001756e+06
2.001736e+06
2.001716e+06
2.001699e+06
2.001684e+06
2.001671e+06
2.001661e+06
2.001654e+06
2.001651e+06
2.002350e+06
2.002347e+06
2.002341e+06
2.002333e+06
2.002322e+06
2.002309e+06
2.002294e+06
2.002277e+06
2.002259e+06
2.002240e+06
2.002221e+06
2.002200e+06
2.002179e+06
2.002158e+06
2.002136e+06
2.002115e+06
2.002093e+06
2.002071e+06
2.002049e+06
2.002028e+06
2.002006e+06
2.001985e+06
2.001962e+06
2.001940e+06
2.001917e+06
2.001893e+06
2.001870e+06
2.001847e+06
2.001824e+06
2.001802e+06
2.001780e+06
2.001760e+06
2.001741e+06
2.001724e+06
2.001708e+06
2.001695e+06
2.001683e+06
2.001675e+06
2.001669e+06
2.001666e+06
2.002313e+06
2.002310e+06
2.002305e+06
2.002298e+06
2.002288e+06
2.002277e+06
2.002263e+06
2.002248e+06
2.002232e+06
2.002215e+06
2.002197e+06
2.002178e+06
2.002159e+06
2.002139e+06
2.002119e+06
2.002099e+06
2.002078e+06
2.002058e+06
2.002037e+06
2.002017e+06
2.001996e+06
2.001975e+06
2.001954e+06
2.001932e+06
2.001910e+06
2.001887e+06
2.001865e+06
2.001843e+06
2.001822e+06
2.001801e+06
2.001781e+06
2.001763e+06
2.001745e+06
2.001730e+06
2.001715e+06
2.001703e+06
2.001693e+06
2.001685e+06
2.001680e+06
2.001677e+06
2.002278e+06
2.002276e+06
2.002271e+06
2.002265e+06
2.002256e+06
2.002246e+06
2.002234e+06
2.002220e+06
2.002206e+06
2.002190e+06
2.002174e+06
2.002156e+06
2.002139e+06
2.002120e+06
2.002102e+06
2.002083e+06
2.002064e+06
2.002044e+06
2.002025e+06
2.002006e+06
2.001986e+06
2.001965e+06
2.001944e+06
2.001923e+06
2.001902e+06
2.001880e+06
2.001859e+06
2.001838e+06
2.001818e+06
2.001799e+06
2.001781e+06
2.001764e+06
2.001748e+06
2.001734e+06
2.001721e+06
2.001710e+06
2.001701e+06
2.001694e+06
2.001689e+06
2.001687e+06
2.002246e+06
2.002244e+06
2.002240e+06
2.002234e+06
2.002226e+06
2.002217e+06
2.002206e+06
2.002194e+06
2.002181e+06
2.002166e+06
2.002151e+06
2.002135e+06
2.002119e+06
2.002102e+06
2.002085e+06
2.002067e+06
2.002049e+06
2.002031e+06
2.002012e+06
2.001994e+06
2.001975e+06
2.001955e+06
2.001934e+06
2.001913e+06
2.001893e+06
2.001872e+06
2.001852e+06
2.001833e+06
2.001814e+06
2.001796e+06
2.001779e+06
2.001764e+06
2.001749e+06
2.001736e+06
2.001724e+06
2.001714e+06
2.001706e+06
2.001700e+06
2.001696e+06
2.001693e+06
2.002215e+06
2.002213e+06
2.002210e+06
2.002205e+06
2.002198e+06
2.002189e+06
2.002180e+06
2.002169e+06
2.002156e+06
2.002143e+06
2.002129e+06
2.002115e+06
2.002100e+06
2.002084e+06
2.002068e+06
2.002051e+06
2.002034e+06
2.002017e+06
2.001999e+06
2.001981e+06
2.001962e+06
2.001943e+06
2.001923e+06
2.001903e+06
2.001883e+06
2.001864e+06
2.001845e+06
2.001827e+06
2.001809e+06
2.001793e+06
2.001777e+06
2.001762e+06
2.001749e+06
2.001737e+06
2.001726e+06
2.001717e+06
2.001710e+06
2.001704e+06
2.001700e+06
2.001698e+06
2.002187e+06
2.002185e+06
2.002182e+06
2.002177e+06
2.002171e+06
2.002163e+06
2.002154e+06
2.002144e+06
2.002133e+06
2.002121e+06
2.002108e+06
2.002095e+06
2.002081e+06
2.002066e+06
2.002051e+06
2.002035e+06
2.002019e+06
2.002002e+06
2.001985e+06
2.001967e+06
2.001949e+06
2.001930e+06
2.001910e+06
2.001891e+06
2.001873e+06
2.001855e+06
2.001837e+06
2.001820e+06
2.001803e+06
2.001788e+06
2.001773e+06
2.001760e+06
2.001747e+06
2.001736e+06
2.001726e+06
2.001718e+06
2.001711e+06
2.001706e+06
2.001703e+06
2.001701e+06
2.002159e+06
2.002158e+06
2.002155e+06
2.002151e+06
2.002145e+06
2.002138e+06
2.002130e+06
2.002121e+06
2.002111e+06
2.002100e+06
2.002088e+06
2.002075e+06
2.002062e+06
2.002048e+06
2.002034e+06
2.002019e+06
2.002003e+06
2.001987e+06
2.001970e+06
2.001953e+06
2.001934e+06
2.001916e+06
2.001898e+06
2.001880e+06
2.001862e+06
2.001845e+06
2.001828e+06
2.001812e+06
2.001797e+06
2.001782e+06
2.001769e+06
2.001756e+06
2.001745e+06
2.001734e+06
2.001725e+06
2.001718e+06
2.001711e+06
2.001707e+06
2.001703e+06
2.001702e+06
2.002134e+06
2.002132e+06
2.002130e+06
2.002126e+06
2.002121e+06
2.002115e+06
2.002107e+06
2.002099e+06
2.002089e+06
2.002079e+06
2.002068e+06
2.002056e+06
2.002044e+06
2.002031e+06
2.002017e+06
2.002002e+06
2.001987e+06
2.001971e+06
2.001954e+06
2.001937e+06
2.001919e+06
2.001902e+06
2.001884e+06
2.001867e+06
2.001850e+06
2.001834e+06
2.001819e+06
2.001804e+06
2.001789e+06
2.001776e+06
2.001763e+06
2.001751e+06
2.001741e+06
2.001731e+06
2.001723e+06
2.001716e+06
2.001710e+06
2.001706e+06
2.001703e+06
2.001701e+06
2.002109e+06
2.002108e+06
2.002106e+06
2.002102e+06
2.002098e+06
2.002092e+06
2.002085e+06
2.002077e+06
2.002068e+06
2.002059e+06
2.002048e+06
2.002037e+06
2.002025e+06
2.002012e+06
2.001999e+06
2.001984e+06
2.001969e+06
2.001954e+06
2.001937e+06
2.001920e+06
2.001903e+06
2.001887e+06
2.001870e+06
2.001854e+06
2.001838e+06
2.001823e+06
2.001808e+06
2.001794e+06
2.001781e+06
2.001768e+06
2.001757e+06
2.001746e+06
2.001736e+06
2.001727e+06
2.001719e+06
2.001712e+06
2.001707e+06
2.001703e+06
2.001700e+06
2.001699e+06
2.002086e+06
2.002085e+06
2.002083e+06
2.002079e+06
2.002075e+06
2.002070e+06
2.002063e+06
2.002056e+06
2.002047e+06
2.002038e+06
2.002028e+06
2.002017e+06
2.002006e+06
2.001993e+06
2.001980e+06
2.001966e+06
2.001951e+06
2.001935e+06
2.001919e+06
2.001903e+06
2.001887e+06
2.001871e+06
2.001856e+06
2.001841e+06
2.001826e+06
2.001812e+06
2.001798e+06
2.001784e+06
2.001772e+06
2.001760e+06
2.001749e+06
2.001739e+06
2.001730e+06
2.001721e+06
2.001714e+06
2.001708e+06
2.001703e+06
2.001699e+06
2.001697e+06
2.001695e+06
2.002063e+06
2.002062e+06
2.002060e+06
2.002057e+06
2.002053e+06
2.002048e+06
2.002041e+06
2.002034e+06
2.002026e+06
2.002017e+06
2.002008e+06
2.001997e+06
2.001985e+06
2.001973e+06
2.001960e+06
2.001946e+06
2.001931e+06
2.001916e+06
2.001901e+06
2.001886e+06
2.001871e+06
2.001856e+06
2.001841e+06
2.001827e+06
2.001813e+06
2.001799e+06
2.001786e+06
2.001774e+06
2.001762e+06
2.001751e+06
2.001741e+06
2.001731e+06
2.001723e+06
2.001715e+06
2.001708e+06
2.001702e+06
2.001698e+06
2.001694e+06
2.001692e+06
2.001691e+06
2.002041e+06
2.002040e+06
2.002038e+06
2.002035e+06
2.002031e+06
2.002026e+06
2.002020e+06
2.002013e+06
2.002005e+06
2.001996e+06
2.001986e+06
2.001975e+06
2.001964e+06
2.001952e+06
2.001939e+06
2.001925e+06
2.001911e+06
2.001897e+06
2.001883e+06
2.001868e+06
2.001854e+06
2.001840e+06
2.001826e+06
2.001813e+06
2.001799e+06
2.001787e+06
2.001775e+06
2.001763e+06
2.001752e+06
2.001741e+06
2.001732e+06
2.001723e+06
2.001714e+06
2.001707e+06
2.001701e+06
2.001696e+06
2.001691e+06
2.001688e+06
2.001686e+06
2.001685e+06
2.002018e+06
2.002017e+06
2.002015e+06
2.002012e+06
2.002008e+06
2.002003e+06
2.001997e+06
2.001990e+06
2.001982e+06
2.001973e+06
2.001964e+06
2.001953e+06
2.001942e+06
2.001930e+06
2.001917e+06
2.001905e+06
2.001891e+06
2.001878e+06
2.001864e+06
2.001851e+06
2.001837e+06
2.001824e+06
2.001811e+06
2.001798e+06
2.001786e+06
2.001774e+06
2.001762e+06
2.001751e+06
2.001741e+06
2.001731e+06
2.001722e+06
2.001713e+06
2.001706e+06
2.001699e+06
2.001693e+06
2.001688e+06
2.001684e+06
2.001681e+06
2.001679e+06
2.001678e+06
2.001994e+06
2.001993e+06
2.001991e+06
2.001988e+06
2.001984e+06
2.001979e+06
2.001973e+06
2.001966e+06
2.001959e+06
2.001950e+06
2.001940e+06
2.001930e+06
2.001919e+06
2.001908e+06
2.001896e+06
2.001884e+06
2.001871e+06
2.001858e+06
2.001846e+06
2.001833e+06
2.001820e+06
2.001808e+06
2.001795e+06
2.001783e+06
2.001771e+06
2.001760e+06
2.001749e+06
2.001739e+06
2.001729e+06
2.001720e+06
2.001711e+06
2.001703e+06
2.001696e+06
2.001689e+06
2.001684e+06
2.001679e+06
2.001675e+06
2.001673e+06
2.001671e+06
2.001670e+06
2.001970e+06
2.001969e+06
2.001967e+06
2.001964e+06
2.001960e+06
2.001955e+06
2.001949e+06
2.001942e+06
2.001934e+06
2.001926e+06
2.001917e+06
2.001907e+06
2.001897e+06
2.001886e+06
2.001874e+06
2.001863e+06
2.001851e+06
2.001839e+06
2.001827e+06
2.001815e+06
2.001803e+06
2.001791e+06
2.001779e+06
2.001768e+06
2.001757e+06
2.001746e+06
2.001736e+06
2.001726e+06
2.001717e+06
2.001708e+06
2.001700e+06
2.001692e+06
2.001685e+06
2.001679e+06
2.001674e+06
2.001670e+06
2.001666e+06
2.001663e+06
2.001662e+06
2.001661e+06
2.001944e+06
2.001943e+06
2.001941e+06
2.001938e+06
2.001935e+06
2.001930e+06
2.001924e+06
2.001917e+06
2.001910e+06
2.001902e+06
2.001893e+06
2.001884e+06
2.001874e+06
2.001864e+06
2.001853e+06
2.001842e+06
2.001831e+06
2.001820e+06
2.001808e+06
2.001797e+06
2.001785e+06
2.001774e+06
2.001763e+06
2.001752e+06
2.001742e+06
2.001732e+06
2.001722e+06
2.001712e+06
2.001704e+06
2.001695e+06
2.001688e+06
2.001680e+06
2.001674e+06
2.001668e+06
2.001663e+06
2.001659e+06
2.001656e+06
2.001653e+06
2.001652e+06
2.001651e+06
2.001919e+06
2.001918e+06
2.001916e+06
2.001913e+06
2.001909e+06
2.001905e+06
2.001899e+06
2.001893e+06
2.001886e+06
2.001878e+06
2.001870e+06
2.001861e+06
2.001852e+06
2.001842e+06
2.001832e+06
2.001822e+06
2.001811e+06
2.001800e+06
2.001790e+06
2.001779e+06
2.001768e+06
2.001757e+06
2.001747e+06
2.001736e+06
2.001726e+06
2.001717e+06
2.001707e+06
2.001699e+06
2.001690e+06
2.001682e+06
2.001675e+06
2.001668e+06
2.001662e+06
2.001657e+06
2.001652e+06
2.001648e+06
2.001645e+06
2.001642e+06
2.001641e+06
2.001640e+06
2.001894e+06
2.001893e+06
2.001891e+06
2.001888e+06
2.001885e+06
2.001880e+06
2.001875e+06
2.001869e+06
2.001862e+06
2.001855e+06
2.001847e+06
2.001839e+06
2.001830e+06
2.001821e+06
2.001811e+06
2.001801e+06
2.001791e+06
2.001781e+06
2.001771e+06
2.001761e+06
2.001750e+06
2.001740e+06
2.001730e+06
2.001720e+06
2.001711e+06
2.001702e+06
2.001693e+06
2.001684e+06
2.001676e+06
2.001669e+06
2.001662e+06
2.001655e+06
2.001649e+06
2.001644e+06
2.001640e+06
2.001636e+06
2.001633e+06
2.001631e+06
2.001629e+06
2.001628e+06
2.001869e+06
2.001868e+06
2.001866e+06
2.001864e+06
2.001860e+06
2.001856e+06
2.001851e+06
2.001846e+06
2.001839e+06
2.001832e+06
2.001825e+06
2.001817e+06
2.001809e+06
2.001800e+06
2.001791e+06
2.001781e+06
2.001772e+06
2.001762e+06
2.001752e+06
2.001742e+06
2.001733e+06
2.001723e+06
2.001713e+06
2.001704e+06
2.001695e+06
2.001686e+06
2.001677e+06
2.001669e+06
2.001662e+06
2.001654e+06
2.001648e+06
2.001642e+06
2.001636e+06
2.001631e+06
2.001627e+06
2.001623e+06
2.001620e+06
2.001618e+06
2.001617e+06
2.001616e+06
2.001845e+06
2.001844e+06
2.001842e+06
2.001840e+06
2.001837e+06
2.001833e+06
2.001828e+06
2.001823e+06
2.001817e+06
2.001810e+06
2.001803e+06
2.001796e+06
2.001788e+06
2.001779e+06
2.001770e+06
2.001762e+06
2.001752e+06
2.001743e+06
2.001734e+06
2.001724e+06
2.001715e+06
2.001706e+06
2.001696e+06
2.001687e+06
2.001679e+06
2.001670e+06
2.001662e+06
2.001654e+06
2.001647e+06
2.001640e+06
2.001633e+06
2.001627e+06
2.001622e+06
2.001617e+06
2.001613e+06
2.001610e+06
2.001607e+06
2.001605e+06
2.001604e+06
2.001603e+06
2.001822e+06
2.001821e+06
2.001819e+06
2.001817e+06
2.001814e+06
2.001810e+06
2.001806e+06
2.001801e+06
2.001795e+06
2.001789e+06
2.001782e+06
2.001775e+06
2.001767e+06
2.001759e+06
2.001751e+06
2.001742e+06
2.001733e+06
2.001724e+06
2.001715e+06
2.001706e+06
2.001697e+06
2.001688e+06
2.001679e+06
2.001670e+06
2.001662e+06
2.001654e+06
2.001646e+06
2.001638e+06
2.001631e+06
2.001625e+06
2.001618e+06
2.001613e+06
2.001608e+06
2.001603e+06
2.001599e+06
2.001596e+06
2.001593e+06
2.001591e+06
2.001590e+06
2.001589e+06
2.001799e+06
2.001798e+06
2.001797e+06
2.001795e+06
2.001792e+06
2.001788e+06
2.001784e+06
2.001779e+06
2.001773e+06
2.001767e+06
2.001761e+06
2.001754e+06
2.001747e+06
2.001739e+06
2.001731e+06
2.001722e+06
2.001714e+06
2.001705e+06
2.001697e+06
2.001688e+06
2.001679e+06
2.001670e+06
2.001662e+06
2.001653e+06
2.001645e+06
2.001637e+06
2.001630e+06
2.001622e+06
2.001615e+06
2.001609e+06
2.001603e+06
2.001598e+06
2.001593e+06
2.001588e+06
2.001584e+06
2.001581e+06
2.001578e+06
2.001576e+06
2.001575e+06
2.001575e+06
2.001777e+06
2.001777e+06
2.001775e+06
2.001773e+06
2.001770e+06
2.001767e+06
2.001763e+06
2.001758e+06
2.001753e+06
2.001747e+06
2.001740e+06
2.001734e+06
2.001727e+06
2.001719e+06
2.001711e+06
2.001703e+06
2.001695e+06
2.001687e+06
2.001678e+06
2.001670e+06
2.001661e+06
2.001653e+06
2.001644e+06
2.001636e+06
2.001628e+06
2.001620e+06
2.001613e+06
2.001606e+06
2.001599e+06
2.001593e+06
2.001587e+06
2.001582e+06
2.001577e+06
2.001573e+06
2.001569e+06
2.001566e+06
2.001563e+06
2.001561e+06
2.001560e+06
2.001559e+06
2.001756e+06
2.001756e+06
2.001754e+06
2.001752e+06
2.001749e+06
2.001746e+06
2.001742e+06
2.001737e+06
2.001732e+06
2.001727e+06
2.001721e+06
2.001714e+06
2.001707e+06
2.001700e+06
2.001692e+06
2.001684e+06
2.001676e+06
2.001668e+06
2.001660e+06
2.001651e+06
2.001643e+06
2.001635e+06
2.001627e+06
2.001619e+06
2.001611e+06
2.001603e+06
2.001596e+06
2.001589e+06
2.001583e+06
2.001576e+06
2.001571e+06
2.001565e+06
2.001561e+06
2.001556e+06
2.001553e+06
2.001550e+06
2.001547e+06
2.001545e+06
2.001544e+06
2.001544e+06
2.001736e+06
2.001735e+06
2.001734e+06
2.001732e+06
2.001729e+06
2.001726e+06
2.001722e+06
2.001718e+06
2.001713e+06
2.001707e+06
2.001701e+06
2.001694e+06
2.001688e+06
2.001680e+06
2.001673e+06
2.001665e+06
2.001657e+06
2.001649e+06
2.001641e+06
2.001633e+06
2.001625e+06
2.001617e+06
2.001609e+06
2.001601e+06
2.001593e+06
2.001586e+06
2.001579e+06
2.001572e+06
2.001565e+06
2.001559e+06
2.001554e+06
2.001549e+06
2.001544e+06
2.001540e+06
2.001536e+06
2.001533e+06
2.001531e+06
2.001529e+06
2.001528e+06
2.001527e+06
2.001716e+06
2.001716e+06
2.001714e+06
2.001712e+06
2.001710e+06
2.001707e+06
2.001703e+06
2.001698e+06
2.001693e+06
2.001688e+06
2.001682e+06
2.001675e+06
2.001669e+06
2.001662e+06
2.001654e+06
2.001647e+06
2.001639e+06
2.001631e+06
2.001623e+06
2.001615e+06
2.001607e+06
2.001599e+06
2.001591e+06
2.001583e+06
2.001575e+06
2.001568e+06
2.001561e+06
2.001554e+06
2.001548e+06
2.001542e+06
2.001536e+06
2.001531e+06
2.001527e+06
2.001523e+06
2.001519e+06
2.001516e+06
2.001514e+06
2.001512e+06
2.001511e+06
2.001510e+06
2.001698e+06
2.001697e+06
2.001696e+06
2.001694e+06
2.001691e+06
2.001688e+06
2.001684e+06
2.001679e+06
2.001674e+06
2.001669e+06
2.001663e+06
2.001657e+06
2.001650e+06
2.001643e+06
2.001636e+06
2.001628e+06
2.001620e+06
2.001613e+06
2.001605e+06
2.001597e+06
2.001589e+06
2.001581e+06
2.001573e+06
2.001565e+06
2.001557e+06
2.001550e+06
2.001543e+06
2.001536e+06
2.001530e+06
2.001524e+06
2.001519e+06
2.001514e+06
2.001509e+06
2.001505e+06
2.001501e+06
2.001498e+06
2.001496e+06
2.001494e+06
2.001493e+06
2.001492e+06
