2.000000e-06
-0.000000e+00
-0.000000e+00
-0.000000e+00
-0.000000e+00
-0.000000e+00
-0.000000e+00
-0.000000e+00
-0.000000e+00
-0.000000e+00
-0.000000e+00
-0.000000e+00
-0.000000e+00
-0.000000e+00
-0.000000e+00
-0.000000e+00
-0.000000e+00
-0.000000e+00
-0.000000e+00
-0.000000e+00
-0.000000e+00
-0.000000e+00
-0.000000e+00
-0.000000e+00
-0.000000e+00
-0.000000e+00
-0.000000e+00
-0.000000e+00
-0.000000e+00
-0.000000e+00
-0.000000e+00
-0.000000e+00
-0.000000e+00
-0.000000e+00
-0.000000e+00
-0.000000e+00
-0.000000e+00
-0.000000e+00
-0.000000e+00
-2.015648e-06
1.998152e-06
7.889057e-07
3.700808e-07
2.017636e-07
1.236086e-07
8.245663e-08
5.847315e-08
4.334324e-08
3.319087e-08
2.603624e-08
2.078804e-08
1.680548e-08
1.369200e-08
1.119087e-08
9.129157e-09
7.386035e-09
5.874015e-09
4.527407e-09
3.294875e-09
2.134235e-09
1.007979e-09
-1.226818e-10
-1.299387e-09
-2.578268e-09
-4.033697e-09
-5.762259e-09
-7.883862e-09
-1.054404e-08
-1.392415e-08
-1.826859e-08
-2.394164e-08
-3.153716e-08
-4.209248e-08
-5.753254e-08
-8.167796e-08
-1.227742e-07
-2.005333e-07
-3.678572e-07
-7.846041e-07
-1.990217e-06
1.205949e-06
7.871243e-07
4.895863e-07
3.133443e-07
2.102064e-07
1.477415e-07
1.080911e-07
8.170806e-08
6.338345e-08
5.016573e-08
4.031019e-08
3.274171e-08
2.677152e-08
2.194222e-08
1.793965e-08
1.454089e-08
1.158248e-08
8.940227e-09
6.515894e-09
4.227520e-09
2.001215e-09
-2.422747e-10
-2.583588e-09
-5.131606e-09
-8.026611e-09
-1.144925e-08
-1.562443e-08
-2.082661e-08
-2.739582e-08
-3.577873e-08
-4.661554e-08
-6.090531e-08
-8.030762e-08
-1.076994e-07
-1.482396e-07
-2.114546e-07
-3.152136e-07
-4.920070e-07
-7.902190e-07
-1.210433e-06
8.323252e-07
6.640092e-07
4.877687e-07
3.518064e-07
2.561238e-07
1.902081e-07
1.444394e-07
1.120131e-07
8.846830e-08
7.093248e-08
5.754490e-08
4.707937e-08
3.870994e-08
3.186667e-08
2.614618e-08
2.125527e-08
1.697457e-08
1.313454e-08
9.598850e-09
6.251939e-09
2.988130e-09
-3.105257e-10
-3.758568e-09
-7.512012e-09
-1.177065e-08
-1.679130e-08
-2.289111e-08
-3.044787e-08
-3.990813e-08
-5.182303e-08
-6.693680e-08
-8.635192e-08
-1.117963e-07
-1.460297e-07
-1.934372e-07
-2.607852e-07
-3.576861e-07
-4.946722e-07
-6.718022e-07
-8.410209e-07
6.269443e-07
5.487921e-07
4.456587e-07
3.499800e-07
2.722689e-07
2.125244e-07
1.674430e-07
1.334354e-07
1.075432e-07
8.755032e-08
7.185706e-08
5.932055e-08
4.912191e-08
4.066811e-08
3.352296e-08
2.735925e-08
2.192574e-08
1.702381e-08
1.249057e-08
8.185536e-09
3.978328e-09
-2.854103e-10
-4.751000e-09
-9.613548e-09
-1.513054e-08
-2.163110e-08
-2.950871e-08
-3.920182e-08
-5.118062e-08
-6.597046e-08
-8.423381e-08
-1.069105e-07
-1.353985e-07
-1.717484e-07
-2.188050e-07
-2.800970e-07
-3.589160e-07
-4.552987e-07
-5.588258e-07
-6.372345e-07
4.996868e-07
4.585403e-07
3.960849e-07
3.301799e-07
2.704434e-07
2.201746e-07
1.793708e-07
1.467410e-07
1.207177e-07
9.986783e-08
8.301194e-08
6.922345e-08
5.778870e-08
4.816064e-08
3.991804e-08
3.273282e-08
2.634499e-08
2.054345e-08
1.515099e-08
1.001167e-08
4.978915e-09
-1.330137e-10
-5.517562e-09
-1.138353e-08
-1.805615e-08
-2.593312e-08
-3.545433e-08
-4.705006e-08
-6.110974e-08
-7.800914e-08
-9.819754e-08
-1.223120e-07
-1.512771e-07
-1.863424e-07
-2.289782e-07
-2.804635e-07
-3.408634e-07
-4.070025e-07
-4.694384e-07
-5.105244e-07
4.135619e-07
3.895878e-07
3.499544e-07
3.042072e-07
2.591470e-07
2.183576e-07
1.831231e-07
1.534387e-07
1.287178e-07
1.081907e-07
9.109885e-08
7.677216e-08
6.464844e-08
5.426741e-08
4.525546e-08
3.730873e-08
3.017753e-08
2.365273e-08
1.755395e-08
1.171799e-08
5.985724e-09
1.841212e-10
-6.059648e-09
-1.283331e-08
-2.059078e-08
-2.977782e-08
-4.082167e-08
-5.405078e-08
-6.967580e-08
-8.784945e-08
-1.087686e-07
-1.327664e-07
-1.603534e-07
-1.921687e-07
-2.287869e-07
-2.702976e-07
-3.155697e-07
-3.612083e-07
-4.006119e-07
-4.244182e-07
3.514036e-07
3.362886e-07
3.099335e-07
2.775443e-07
2.435773e-07
2.109842e-07
1.813236e-07
1.551720e-07
1.325232e-07
1.130776e-07
9.642007e-08
8.211745e-08
6.976513e-08
5.900479e-08
4.952738e-08
4.106882e-08
3.340305e-08
2.633406e-08
1.968748e-08
1.330072e-08
7.010207e-09
6.339911e-10
-6.404312e-09
-1.404283e-08
-2.286887e-08
-3.333066e-08
-4.575232e-08
-6.026764e-08
-7.685687e-08
-9.545265e-08
-1.160498e-07
-1.387722e-07
-1.638689e-07
-1.916200e-07
-2.221298e-07
-2.549938e-07
-2.888552e-07
-3.209593e-07
-3.470183e-07
-3.619519e-07
3.043558e-07
2.942257e-07
2.759435e-07
2.524568e-07
2.266319e-07
2.006767e-07
1.760141e-07
1.534016e-07
1.331248e-07
1.151758e-07
9.938585e-08
8.551203e-08
7.328945e-08
6.245894e-08
5.278015e-08
4.403573e-08
3.603084e-08
2.858972e-08
2.155012e-08
1.475476e-08
8.038169e-09
1.206107e-09
-6.655857e-09
-1.517412e-08
-2.509580e-08
-3.678101e-08
-5.035088e-08
-6.569584e-08
-8.258719e-08
-1.008111e-07
-1.202646e-07
-1.409862e-07
-1.631104e-07
-1.867468e-07
-2.117934e-07
-2.377045e-07
-2.632560e-07
-2.864029e-07
-3.043970e-07
-3.143653e-07
2.674350e-07
2.603123e-07
2.471558e-07
2.297057e-07
2.098154e-07
1.890755e-07
1.686536e-07
1.492946e-07
1.313978e-07
1.151145e-07
1.004350e-07
8.725498e-08
7.542134e-08
6.476107e-08
5.509821e-08
4.626258e-08
3.809318e-08
3.043774e-08
2.314848e-08
1.607361e-08
9.043661e-09
1.850255e-09
-6.991124e-09
-1.645730e-08
-2.749377e-08
-4.025985e-08
-5.461523e-08
-7.023498e-08
-8.676924e-08
-1.039682e-07
-1.217400e-07
-1.401337e-07
-1.592573e-07
-1.791488e-07
-1.996274e-07
-2.201508e-07
-2.397124e-07
-2.568366e-07
-2.697426e-07
-2.767313e-07
2.376349e-07
2.324307e-07
2.226603e-07
2.093933e-07
1.938476e-07
1.771552e-07
1.602294e-07
1.437247e-07
1.280568e-07
1.134489e-07
9.998420e-08
8.765117e-08
7.637952e-08
6.606549e-08
5.658866e-08
4.782222e-08
3.963808e-08
3.190709e-08
2.449386e-08
1.724498e-08
9.974299e-09
2.452389e-09
-7.667653e-09
-1.814364e-08
-3.021712e-08
-4.376587e-08
-5.841268e-08
-7.371560e-08
-8.932192e-08
-1.050491e-07
-1.208876e-07
-1.369381e-07
-1.533076e-07
-1.699960e-07
-1.867929e-07
-2.032060e-07
-2.184353e-07
-2.314205e-07
-2.409853e-07
-2.460821e-07
2.130375e-07
2.091139e-07
2.016601e-07
1.913585e-07
1.790254e-07
1.654675e-07
1.513833e-07
1.373176e-07
1.236552e-07
1.106398e-07
9.840133e-08
8.698563e-08
7.637979e-08
6.653236e-08
5.736806e-08
4.879741e-08
4.072169e-08
3.303169e-08
2.559785e-08
1.824870e-08
1.074233e-08
2.762220e-09
-8.982077e-09
-2.040950e-08
-3.326475e-08
-4.713631e-08
-6.151256e-08
-7.596262e-08
-9.023514e-08
-1.042750e-07
-1.181714e-07
-1.320663e-07
-1.460544e-07
-1.600999e-07
-1.739809e-07
-1.872657e-07
-1.993267e-07
-2.093992e-07
-2.166900e-07
-2.205294e-07
1.923626e-07
1.893264e-07
1.835069e-07
1.753542e-07
1.654275e-07
1.543055e-07
1.425183e-07
1.305064e-07
1.186063e-07
1.070533e-07
9.599536e-08
8.550990e-08
7.562131e-08
6.631562e-08
5.755225e-08
4.927192e-08
4.139966e-08
3.384038e-08
2.646293e-08
1.906405e-08
1.127787e-08
2.178346e-09
-1.110063e-08
-2.322854e-08
-3.643547e-08
-5.008147e-08
-6.366110e-08
-7.686642e-08
-8.960451e-08
-1.019512e-07
-1.140646e-07
-1.260916e-07
-1.380927e-07
-1.499958e-07
-1.615773e-07
-1.724670e-07
-1.821766e-07
-1.901509e-07
-1.958449e-07
-1.988165e-07
1.747232e-07
1.723213e-07
1.676861e-07
1.611234e-07
1.530241e-07
1.438082e-07
1.338775e-07
1.235832e-07
1.132099e-07
1.029715e-07
9.301654e-08
8.343701e-08
7.427946e-08
6.555523e-08
5.724870e-08
4.932221e-08
4.171540e-08
3.433691e-08
2.704968e-08
1.966263e-08
1.196109e-08
-1.096489e-09
-1.345836e-08
-2.628724e-08
-3.937568e-08
-5.227810e-08
-6.466962e-08
-7.643320e-08
-8.763264e-08
-9.843234e-08
-1.090076e-07
-1.194736e-07
-1.298444e-07
-1.400174e-07
-1.497777e-07
-1.588149e-07
-1.667511e-07
-1.731807e-07
-1.777223e-07
-1.800759e-07
1.594851e-07
1.575489e-07
1.537924e-07
1.484288e-07
1.417369e-07
1.340253e-07
1.255998e-07
1.167386e-07
1.076781e-07
9.860604e-08
8.966196e-08
8.094158e-08
7.250293e-08
6.437260e-08
5.655020e-08
4.900841e-08
4.168590e-08
3.447188e-08
2.718852e-08
1.959322e-08
1.142006e-08
-4.521426e-09
-1.684189e-08
-2.942122e-08
-4.174990e-08
-5.348054e-08
-6.447812e-08
-7.479589e-08
-8.459890e-08
-9.407658e-08
-1.033746e-07
-1.125564e-07
-1.215916e-07
-1.303599e-07
-1.386650e-07
-1.462518e-07
-1.528290e-07
-1.580983e-07
-1.617879e-07
-1.636894e-07
1.461827e-07
1.445962e-07
1.415052e-07
1.370619e-07
1.314690e-07
1.249561e-07
1.177573e-07
1.100931e-07
1.021576e-07
9.411215e-08
8.608296e-08
7.816264e-08
7.041270e-08
6.286604e-08
5.552640e-08
4.836209e-08
4.129135e-08
3.416059e-08
2.672379e-08
1.864187e-08
9.508539e-09
-8.585230e-09
-2.040448e-08
-3.210472e-08
-4.322137e-08
-5.356565e-08
-6.316793e-08
-7.218555e-08
-8.081121e-08
-8.920481e-08
-9.745712e-08
-1.055798e-07
-1.135112e-07
-1.211277e-07
-1.282574e-07
-1.346943e-07
-1.402143e-07
-1.445958e-07
-1.476420e-07
-1.492049e-07
1.344664e-07
1.331478e-07
1.305700e-07
1.268443e-07
1.221206e-07
1.165723e-07
1.103800e-07
1.037185e-07
9.674655e-08
8.960074e-08
8.239223e-08
7.520578e-08
6.809934e-08
6.110202e-08
5.420793e-08
4.736392e-08
4.045234e-08
3.327477e-08
2.553878e-08
1.677749e-08
5.492360e-09
-1.268441e-08
-2.341440e-08
-3.385838e-08
-4.358890e-08
-5.257030e-08
-6.093869e-08
-6.888032e-08
-7.655768e-08
-8.407366e-08
-9.146325e-08
-9.869994e-08
-1.057070e-07
-1.123683e-07
-1.185385e-07
-1.240527e-07
-1.287383e-07
-1.324288e-07
-1.349797e-07
-1.362837e-07
1.240683e-07
1.229582e-07
1.207824e-07
1.176242e-07
1.135966e-07
1.088320e-07
1.034712e-07
9.765306e-08
9.150692e-08
8.514681e-08
7.866747e-08
7.214123e-08
6.561404e-08
5.909868e-08
5.256369e-08
4.591975e-08
3.901142e-08
3.163328e-08
2.361138e-08
1.503504e-08
-2.919649e-09
-1.492183e-08
-2.518032e-08
-3.442917e-08
-4.286982e-08
-5.068193e-08
-5.805521e-08
-6.515019e-08
-7.207237e-08
-7.886762e-08
-8.552981e-08
-9.201175e-08
-9.823469e-08
-1.040958e-07
-1.094746e-07
-1.142398e-07
-1.182576e-07
-1.214018e-07
-1.235646e-07
-1.246669e-07
1.147797e-07
1.138337e-07
1.119767e-07
1.092726e-07
1.058083e-07
1.016864e-07
9.701689e-08
9.191038e-08
8.647113e-08
8.079175e-08
7.494813e-08
6.899374e-08
6.295207e-08
5.680620e-08
5.048698e-08
4.386529e-08
3.675878e-08
2.896508e-08
2.033319e-08
1.084124e-08
-7.900283e-09
-1.732344e-08
-2.603220e-08
-3.396811e-08
-4.128684e-08
-4.817348e-08
-5.478247e-08
-6.121588e-08
-6.752255e-08
-7.370713e-08
-7.974073e-08
-8.556942e-08
-9.112005e-08
-9.630460e-08
-1.010243e-07
-1.051744e-07
-1.086507e-07
-1.113565e-07
-1.132101e-07
-1.141525e-07
1.064353e-07
1.056186e-07
1.040160e-07
1.016784e-07
9.867352e-08
9.508143e-08
9.098828e-08
8.648077e-08
8.164030e-08
7.653710e-08
7.122365e-08
6.572670e-08
6.003760e-08
5.410262e-08
4.781796e-08
4.103775e-08
3.360315e-08
2.538446e-08
1.625694e-08
5.376254e-09
-1.080221e-08
-1.848747e-08
-2.582131e-08
-3.266381e-08
-3.911799e-08
-4.531101e-08
-5.133358e-08
-5.723179e-08
-6.301487e-08
-6.866498e-08
-7.414462e-08
-7.940130e-08
-8.437050e-08
-8.897815e-08
-9.314354e-08
-9.678302e-08
-9.981465e-08
-1.021635e-07
-1.037672e-07
-1.045808e-07
9.890085e-08
9.818331e-08
9.678277e-08
9.474076e-08
9.211069e-08
8.895431e-08
8.533740e-08
8.132482e-08
7.697476e-08
7.233213e-08
6.742088e-08
6.223538e-08
5.673276e-08
5.083009e-08
4.441377e-08
3.736983e-08
2.964338e-08
2.133569e-08
1.288694e-08
-2.062395e-09
-1.099849e-08
-1.821131e-08
-2.470482e-08
-3.079240e-08
-3.662850e-08
-4.230076e-08
-4.785185e-08
-5.329255e-08
-5.861173e-08
-6.378293e-08
-6.876812e-08
-7.351978e-08
-7.798238e-08
-8.209408e-08
-8.578889e-08
-8.899964e-08
-9.166150e-08
-9.371588e-08
-9.511446e-08
-9.582275e-08
9.206047e-08
9.141232e-08
9.016728e-08
8.835952e-08
8.602980e-08
8.322344e-08
7.998680e-08
7.636268e-08
7.238441e-08
6.806913e-08
6.341073e-08
5.837407e-08
5.289399e-08
4.688421e-08
4.026188e-08
3.299054e-08
2.513472e-08
1.690329e-08
8.635201e-09
-4.561785e-09
-1.118396e-08
-1.734251e-08
-2.312025e-08
-2.865276e-08
-3.402470e-08
-3.927690e-08
-4.442122e-08
-4.945114e-08
-5.434800e-08
-5.908414e-08
-6.362443e-08
-6.792722e-08
-7.194526e-08
-7.562701e-08
-7.891844e-08
-8.176532e-08
-8.411597e-08
-8.592420e-08
-8.715220e-08
-8.777317e-08
8.580177e-08
8.518913e-08
8.405387e-08
8.242177e-08
8.032042e-08
7.777837e-08
7.482216e-08
7.147198e-08
6.773633e-08
6.360675e-08
5.905413e-08
5.402932e-08
4.847177e-08
4.232982e-08
3.559309e-08
2.832953e-08
2.070695e-08
1.296946e-08
5.341208e-09
-4.970553e-09
-1.063225e-08
-1.607813e-08
-2.133204e-08
-2.643946e-08
-3.142968e-08
-3.631306e-08
-4.108616e-08
-4.573608e-08
-5.024287e-08
-5.458063e-08
-5.871817e-08
-6.261948e-08
-6.624454e-08
-6.955040e-08
-7.249266e-08
-7.502735e-08
-7.711299e-08
-7.871286e-08
-7.979711e-08
-8.034468e-08
7.999779e-08
7.938138e-08
7.830865e-08
7.679294e-08
7.484659e-08
7.248058e-08
6.970207e-08
6.651074e-08
6.289534e-08
5.883189e-08
5.428555e-08
4.921883e-08
4.360809e-08
3.746755e-08
3.087389e-08
2.397720e-08
1.698023e-08
1.007876e-08
3.378798e-09
-4.456614e-09
-9.630674e-09
-1.463214e-08
-1.950066e-08
-2.425570e-08
-2.890449e-08
-3.344522e-08
-3.786928e-08
-4.216260e-08
-4.630635e-08
-5.027733e-08
-5.404821e-08
-5.758810e-08
-6.086313e-08
-6.383748e-08
-6.647456e-08
-6.873853e-08
-7.059590e-08
-7.201724e-08
-7.297880e-08
-7.346388e-08
7.449346e-08
7.383395e-08
7.277825e-08
7.132181e-08
6.946009e-08
6.718769e-08
6.449606e-08
6.137149e-08
5.779457e-08
5.374281e-08
4.919788e-08
4.415823e-08
3.865570e-08
3.277019e-08
2.663285e-08
2.040789e-08
1.425245e-08
8.269644e-09
2.479099e-09
-3.669102e-09
-8.502385e-09
-1.317146e-08
-1.771633e-08
-2.215081e-08
-2.647702e-08
-3.069050e-08
-3.478204e-08
-3.873842e-08
-4.254262e-08
-4.617417e-08
-4.960934e-08
-5.282165e-08
-5.578249e-08
-5.846191e-08
-6.082967e-08
-6.285641e-08
-6.451493e-08
-6.578149e-08
-6.663705e-08
-6.706826e-08
6.911089e-08
6.838305e-08
6.731117e-08
6.586988e-08
6.403956e-08
6.180338e-08
5.914524e-08
5.604956e-08
5.250364e-08
4.850334e-08
4.406189e-08
3.922000e-08
3.405320e-08
2.867025e-08
2.319809e-08
1.775537e-08
1.242487e-08
7.239098e-09
2.187168e-09
-2.918089e-09
-7.427510e-09
-1.178651e-08
-1.602293e-08
-2.014704e-08
-2.415988e-08
-2.805699e-08
-3.182983e-08
-3.546641e-08
-3.895162e-08
-4.226746e-08
-4.539339e-08
-4.830677e-08
-5.098335e-08
-5.339809e-08
-5.552588e-08
-5.734258e-08
-5.882599e-08
-5.995683e-08
-6.071972e-08
-6.110392e-08
6.368790e-08
6.289863e-08
6.180351e-08
6.036111e-08
5.854374e-08
5.633184e-08
5.371204e-08
5.067819e-08
4.723485e-08
4.340248e-08
3.922274e-08
3.476091e-08
3.010240e-08
2.534150e-08
2.056482e-08
1.583570e-08
1.118691e-08
6.624997e-09
2.144255e-09
-2.297862e-09
-6.468898e-09
-1.051083e-08
-1.443708e-08
-1.825297e-08
-2.195804e-08
-2.554768e-08
-2.901390e-08
-3.234584e-08
-3.553004e-08
-3.855072e-08
-4.139008e-08
-4.402873e-08
-4.644614e-08
-4.862127e-08
-5.053324e-08
-5.216212e-08
-5.348968e-08
-5.450019e-08
-5.518115e-08
-5.552386e-08
5.814130e-08
5.733712e-08
5.624461e-08
5.482060e-08
5.304003e-08
5.088963e-08
4.836629e-08
4.547814e-08
4.224677e-08
3.870923e-08
3.491791e-08
3.093701e-08
2.683491e-08
2.267443e-08
1.850435e-08
1.435560e-08
1.024355e-08
6.174864e-09
2.156268e-09
-1.806660e-09
-5.630572e-09
-9.347756e-09
-1.296065e-08
-1.646946e-08
-1.987161e-08
-2.316181e-08
-2.633230e-08
-2.937307e-08
-3.227205e-08
-3.501535e-08
-3.758754e-08
-3.997198e-08
-4.215126e-08
-4.410766e-08
-4.582376e-08
-4.728304e-08
-4.847047e-08
-4.937316e-08
-4.998088e-08
-5.028656e-08
5.250977e-08
5.175956e-08
5.071846e-08
4.935878e-08
4.766739e-08
4.564227e-08
4.329180e-08
4.063504e-08
3.770201e-08
3.453266e-08
3.117402e-08
2.767552e-08
2.408350e-08
2.043661e-08
1.676370e-08
1.308471e-08
9.413733e-09
5.762980e-09
2.146526e-09
-1.418282e-09
-4.897078e-09
-8.288412e-09
-1.158816e-08
-1.479262e-08
-1.789717e-08
-2.089570e-08
-2.378048e-08
-2.654214e-08
-2.916978e-08
-3.165115e-08
-3.397280e-08
-3.612046e-08
-3.807930e-08
-3.983439e-08
-4.137116e-08
-4.267586e-08
-4.373606e-08
-4.454113e-08
-4.508271e-08
-4.535498e-08
4.692800e-08
4.628768e-08
4.534627e-08
4.410002e-08
4.255077e-08
4.070719e-08
3.858530e-08
3.620844e-08
3.360641e-08
3.081363e-08
2.786639e-08
2.479987e-08
2.164562e-08
1.843018e-08
1.517520e-08
1.189857e-08
8.616062e-09
5.342974e-09
2.095396e-09
-1.108698e-09
-4.250727e-09
-7.320595e-09
-1.031097e-08
-1.321573e-08
-1.602879e-08
-1.874339e-08
-2.135181e-08
-2.384526e-08
-2.621384e-08
-2.844669e-08
-3.053211e-08
-3.245779e-08
-3.421112e-08
-3.577949e-08
-3.715068e-08
-3.831322e-08
-3.925680e-08
-3.997266e-08
-4.045389e-08
-4.069572e-08
4.154370e-08
4.103193e-08
4.021789e-08
3.911682e-08
3.774197e-08
3.610873e-08
3.423611e-08
3.214689e-08
2.986687e-08
2.742351e-08
2.484433e-08
2.215554e-08
1.938109e-08
1.654238e-08
1.365849e-08
1.074675e-08
7.823337e-09
4.903878e-09
2.003839e-09
-8.606205e-10
-3.676518e-09
-6.432296e-09
-9.119418e-09
-1.173059e-08
-1.425890e-08
-1.669728e-08
-1.903816e-08
-2.127328e-08
-2.339367e-08
-2.538971e-08
-2.725118e-08
-2.896751e-08
-3.052794e-08
-3.192182e-08
-3.313889e-08
-3.416957e-08
-3.500531e-08
-3.563885e-08
-3.606449e-08
-3.627832e-08
3.644660e-08
3.604938e-08
3.536588e-08
3.441883e-08
3.322657e-08
3.180689e-08
3.017870e-08
2.836239e-08
2.637958e-08
2.425238e-08
2.200274e-08
1.965177e-08
1.721941e-08
1.472425e-08
1.218364e-08
9.613755e-09
7.029903e-09
4.446657e-09
1.878006e-09
-6.618359e-10
-3.162453e-09
-5.612682e-09
-8.003853e-09
-1.032833e-08
-1.257897e-08
-1.474872e-08
-1.683029e-08
-1.881605e-08
-2.069789e-08
-2.246731e-08
-2.411543e-08
-2.563316e-08
-2.701134e-08
-2.824099e-08
-2.931350e-08
-3.022089e-08
-3.095605e-08
-3.151297e-08
-3.188696e-08
-3.207477e-08
3.165493e-08
3.134600e-08
3.078071e-08
2.998034e-08
2.896312e-08
2.774622e-08
2.634693e-08
2.478300e-08
2.307266e-08
2.123431e-08
1.928618e-08
1.724610e-08
1.513118e-08
1.295775e-08
1.074122e-08
8.496199e-09
6.236453e-09
3.975042e-09
1.724321e-09
-5.032123e-10
-2.698803e-09
-4.852152e-09
-6.955007e-09
-8.999933e-09
-1.097997e-08
-1.288835e-08
-1.471828e-08
-1.646276e-08
-1.811457e-08
-1.966625e-08
-2.111011e-08
-2.243838e-08
-2.364331e-08
-2.471733e-08
-2.565326e-08
-2.644446e-08
-2.708504e-08
-2.757005e-08
-2.789561e-08
-2.805907e-08
2.714181e-08
2.689798e-08
2.643406e-08
2.576639e-08
2.491044e-08
2.388122e-08
2.269376e-08
2.136326e-08
1.990513e-08
1.833487e-08
1.666790e-08
1.491934e-08
1.310387e-08
1.123557e-08
9.327898e-09
7.393597e-09
5.444743e-09
3.492748e-09
1.548353e-09
-3.774911e-10
-2.277417e-09
-4.142138e-09
-5.964115e-09
-7.736444e-09
-9.452648e-09
-1.110647e-08
-1.269172e-08
-1.420215e-08
-1.563141e-08
-1.697301e-08
-1.822039e-08
-1.936696e-08
-2.040620e-08
-2.133179e-08
-2.213778e-08
-2.281868e-08
-2.336964e-08
-2.378660e-08
-2.406639e-08
-2.420684e-08
2.286436e-08
2.267011e-08
2.229268e-08
2.174352e-08
2.103471e-08
2.017857e-08
1.918764e-08
1.807467e-08
1.685253e-08
1.553419e-08
1.413255e-08
1.266029e-08
1.112979e-08
9.552974e-09
7.941272e-09
6.305564e-09
4.656169e-09
3.002837e-09
1.354738e-09
-2.786459e-10
-1.891254e-09
-3.474887e-09
-5.022889e-09
-6.529101e-09
-7.987723e-09
-9.393180e-09
-1.074000e-08
-1.202274e-08
-1.323592e-08
-1.437402e-08
-1.543151e-08
-1.640289e-08
-1.728274e-08
-1.806588e-08
-1.874740e-08
-1.932284e-08
-1.978826e-08
-2.014034e-08
-2.037653e-08
-2.049507e-08
1.877937e-08
1.862552e-08
1.832349e-08
1.788105e-08
1.730722e-08
1.661166e-08
1.580446e-08
1.489596e-08
1.389668e-08
1.281718e-08
1.166802e-08
1.045960e-08
9.202075e-09
7.905276e-09
6.578648e-09
5.231207e-09
3.871518e-09
2.507680e-09
1.147314e-09
-2.015290e-10
-1.534082e-09
-2.843283e-09
-4.123469e-09
-5.369362e-09
-6.575978e-09
-7.738539e-09
-8.852382e-09
-9.912905e-09
-1.091552e-08
-1.185566e-08
-1.272877e-08
-1.353035e-08
-1.425602e-08
-1.490159e-08
-1.546313e-08
-1.593705e-08
-1.632021e-08
-1.660999e-08
-1.680434e-08
-1.690187e-08
1.484792e-08
1.472913e-08
1.449478e-08
1.415011e-08
1.370161e-08
1.315657e-08
1.252273e-08
1.180816e-08
1.102110e-08
1.016987e-08
9.262775e-09
8.308017e-09
7.313628e-09
6.287397e-09
5.236825e-09
4.169085e-09
3.091003e-09
2.009038e-09
9.292772e-10
-1.416503e-10
-1.200272e-09
-2.240707e-09
-3.258355e-09
-4.248911e-09
-5.208302e-09
-6.132627e-09
-7.018095e-09
-7.860985e-09
-8.657617e-09
-9.404343e-09
-1.009756e-08
-1.073372e-08
-1.130941e-08
-1.182135e-08
-1.226648e-08
-1.264203e-08
-1.294557e-08
-1.317507e-08
-1.332897e-08
-1.340620e-08
1.103520e-08
1.094829e-08
1.077641e-08
1.052301e-08
1.019257e-08
9.790277e-09
9.321735e-09
8.792852e-09
8.209700e-09
7.578427e-09
6.905183e-09
6.196057e-09
5.457014e-09
4.693851e-09
3.912161e-09
3.117297e-09
2.314361e-09
1.508184e-09
7.033206e-10
-9.501998e-11
-8.846595e-10
-1.660928e-09
-2.420343e-09
-3.159633e-09
-3.875702e-09
-4.565582e-09
-5.226396e-09
-5.855333e-09
-6.449625e-09
-7.006545e-09
-7.523408e-09
-7.997591e-09
-8.426563e-09
-8.807918e-09
-9.139414e-09
-9.419022e-09
-9.644968e-09
-9.815774e-09
-9.930296e-09
-9.987755e-09
7.309397e-09
7.252396e-09
7.139543e-09
6.972939e-09
6.755395e-09
6.490225e-09
6.181075e-09
5.831807e-09
5.446412e-09
5.028945e-09
4.583467e-09
4.114006e-09
3.624511e-09
3.118826e-09
2.600662e-09
2.073575e-09
1.540954e-09
1.006008e-09
4.717579e-10
-5.802900e-11
-5.824244e-10
-1.098010e-09
-1.602460e-09
-2.093584e-09
-2.569299e-09
-3.027608e-09
-3.466580e-09
-3.884331e-09
-4.279013e-09
-4.648810e-09
-4.991942e-09
-5.306675e-09
-5.591340e-09
-5.844353e-09
-6.064245e-09
-6.249685e-09
-6.399513e-09
-6.512763e-09
-6.588688e-09
-6.626780e-09
3.640585e-09
3.612353e-09
3.556425e-09
3.473801e-09
3.365837e-09
3.234148e-09
3.080527e-09
2.906882e-09
2.715191e-09
2.507467e-09
2.285730e-09
2.051983e-09
1.808193e-09
1.556276e-09
1.298080e-09
1.035381e-09
7.698676e-10
5.031324e-10
2.366513e-10
-2.736314e-11
-2.890039e-10
-5.462302e-10
-7.979095e-10
-1.042949e-09
-1.280305e-09
-1.508975e-09
-1.727989e-09
-1.936402e-09
-2.133289e-09
-2.317744e-09
-2.488879e-09
-2.645831e-09
-2.787771e-09
-2.913913e-09
-3.023530e-09
-3.115963e-09
-3.190639e-09
-3.247079e-09
-3.284916e-09
-3.303898e-09
0.000000e+00
0.000000e+00
0.000000e+00
0.000000e+00
0.000000e+00
0.000000e+00
0.000000e+00
0.000000e+00
0.000000e+00
0.000000e+00
0.000000e+00
0.000000e+00
0.000000e+00
0.000000e+00
0.000000e+00
0.000000e+00
0.000000e+00
0.000000e+00
0.000000e+00
0.000000e+00
0.000000e+00
0.000000e+00
0.000000e+00
0.000000e+00
0.000000e+00
0.000000e+00
0.000000e+00
0.000000e+00
0.000000e+00
0.000000e+00
0.000000e+00
0.000000e+00
0.000000e+00
0.000000e+00
0.000000e+00
0.000000e+00
0.000000e+00
0.000000e+00
0.000000e+00
0.000000e+00
