1.000000e+00
1.000000e+00
1.000000e+00
1.000000e+00
1.000000e+00
1.000000e+00
1.000000e+00
1.000000e+00
1.000000e+00
1.000000e+00
1.000000e+00
1.000000e+00
1.000000e+00
1.000000e+00
1.000000e+00
1.000000e+00
9.999997e-01
9.999980e-01
9.999888e-01
9.999480e-01
9.998001e-01
9.993484e-01
9.981702e-01
9.955110e-01
9.902553e-01
9.810570e-01
9.666433e-01
9.461885e-01
9.195729e-01
8.873820e-01
8.506345e-01
8.103515e-01
7.671036e-01
7.206013e-01
6.693110e-01
6.100652e-01
5.378272e-01
4.465192e-01
3.333514e-01
2.070027e-01
1.000000e+00
1.000000e+00
1.000000e+00
1.000000e+00
1.000000e+00
1.000000e+00
1.000000e+00
1.000000e+00
1.000000e+00
1.000000e+00
1.000000e+00
1.000000e+00
1.000000e+00
1.000000e+00
1.000000e+00
1.000000e+00
9.999997e-01
9.999978e-01
9.999878e-01
9.999448e-01
9.997921e-01
9.993357e-01
9.981650e-01
9.955555e-01
9.904307e-01
9.814419e-01
9.671667e-01
9.463475e-01
9.180571e-01
8.817239e-01
8.370307e-01
7.837600e-01
7.216522e-01
6.503380e-01
5.694299e-01
4.789206e-01
3.800650e-01
2.767130e-01
1.762146e-01
8.739624e-02
1.000000e+00
1.000000e+00
1.000000e+00
1.000000e+00
1.000000e+00
1.000000e+00
1.000000e+00
1.000000e+00
1.000000e+00
1.000000e+00
1.000000e+00
1.000000e+00
1.000000e+00
1.000000e+00
1.000000e+00
1.000000e+00
9.999996e-01
9.999973e-01
9.999855e-01
9.999358e-01
9.997627e-01
9.992539e-01
9.979597e-01
9.950765e-01
9.893660e-01
9.791584e-01
9.624590e-01
9.371423e-01
9.012187e-01
8.531574e-01
7.922122e-01
7.186512e-01
6.338216e-01
5.400847e-01
4.407438e-01
3.400557e-01
2.432541e-01
1.562855e-01
8.485237e-02
3.269879e-02
1.000000e+00
1.000000e+00
1.000000e+00
1.000000e+00
1.000000e+00
1.000000e+00
1.000000e+00
1.000000e+00
1.000000e+00
1.000000e+00
1.000000e+00
1.000000e+00
1.000000e+00
1.000000e+00
1.000000e+00
9.999999e-01
9.999995e-01
9.999964e-01
9.999811e-01
9.999177e-01
9.997013e-01
9.990748e-01
9.974844e-01
9.939154e-01
9.867285e-01
9.735738e-01
9.514768e-01
9.172142e-01
8.680235e-01
8.024890e-01
7.212278e-01
6.270407e-01
5.244945e-01
4.191978e-01
3.170729e-01
2.237614e-01
1.441009e-01
8.154888e-02
3.757190e-02
1.130328e-02
1.000000e+00
1.000000e+00
1.000000e+00
1.000000e+00
1.000000e+00
1.000000e+00
1.000000e+00
1.000000e+00
1.000000e+00
1.000000e+00
1.000000e+00
1.000000e+00
1.000000e+00
1.000000e+00
1.000000e+00
9.999999e-01
9.999992e-01
9.999947e-01
9.999725e-01
9.998835e-01
9.995853e-01
9.987351e-01
9.965764e-01
9.916867e-01
9.816935e-01
9.631483e-01
9.318320e-01
8.837187e-01
8.164316e-01
7.305132e-01
6.297683e-01
5.205091e-01
4.101671e-01
3.059139e-01
2.136706e-01
1.375411e-01
7.954394e-02
3.954918e-02
1.545672e-02
3.698735e-03
1.000000e+00
1.000000e+00
1.000000e+00
1.000000e+00
1.000000e+00
1.000000e+00
1.000000e+00
1.000000e+00
1.000000e+00
1.000000e+00
1.000000e+00
1.000000e+00
1.000000e+00
1.000000e+00
1.000000e+00
9.999998e-01
9.999986e-01
9.999911e-01
9.999556e-01
9.998174e-01
9.993661e-01
9.981034e-01
9.949069e-01
9.876341e-01
9.727349e-01
9.453125e-01
9.001271e-01
8.335464e-01
7.455299e-01
6.403726e-01
5.257379e-01
4.106361e-01
3.034063e-01
2.103708e-01
1.352580e-01
7.919254e-02
4.102648e-02
1.789723e-02
5.953228e-03
1.156733e-03
1.000000e+00
1.000000e+00
1.000000e+00
1.000000e+00
1.000000e+00
1.000000e+00
1.000000e+00
1.000000e+00
1.000000e+00
1.000000e+00
1.000000e+00
1.000000e+00
1.000000e+00
1.000000e+00
1.000000e+00
9.999996e-01
9.999971e-01
9.999832e-01
9.999203e-01
9.996850e-01
9.989413e-01
9.969146e-01
9.918366e-01
9.803766e-01
9.573412e-01
9.164573e-01
8.526338e-01
7.647384e-01
6.570056e-01
5.380675e-01
4.183579e-01
3.074255e-01
2.121913e-01
1.363253e-01
8.043763e-02
4.271932e-02
1.978586e-02
7.573450e-03
2.155441e-03
3.462322e-04
1.000000e+00
1.000000e+00
1.000000e+00
1.000000e+00
1.000000e+00
1.000000e+00
1.000000e+00
1.000000e+00
1.000000e+00
1.000000e+00
1.000000e+00
1.000000e+00
1.000000e+00
1.000000e+00
9.999999e-01
9.999990e-01
9.999935e-01
9.999647e-01
9.998422e-01
9.994068e-01
9.980908e-01
9.946346e-01
9.861568e-01
9.675461e-01
9.318112e-01
8.723511e-01
7.864991e-01
6.778629e-01
5.556384e-01
4.315390e-01
3.163954e-01
2.179348e-01
1.400426e-01
8.309726e-02
4.486077e-02
2.155815e-02
8.915583e-03
2.997831e-03
7.342968e-04
9.894849e-05
1.000000e+00
1.000000e+00
1.000000e+00
1.000000e+00
1.000000e+00
1.000000e+00
1.000000e+00
1.000000e+00
1.000000e+00
1.000000e+00
1.000000e+00
1.000000e+00
1.000000e+00
1.000000e+00
9.999996e-01
9.999973e-01
9.999835e-01
9.999178e-01
9.996589e-01
9.987985e-01
9.963454e-01
9.902113e-01
9.756794e-01
9.454180e-01
8.914473e-01
8.092449e-01
7.012424e-01
5.767634e-01
4.486302e-01
3.290128e-01
2.266302e-01
1.458151e-01
8.693401e-02
4.748592e-02
2.338823e-02
1.014954e-02
3.745849e-03
1.108472e-03
2.350158e-04
2.688080e-05
1.000000e+00
1.000000e+00
1.000000e+00
1.000000e+00
1.000000e+00
1.000000e+00
1.000000e+00
1.000000e+00
1.000000e+00
1.000000e+00
1.000000e+00
1.000000e+00
1.000000e+00
9.999998e-01
9.999987e-01
9.999913e-01
9.999534e-01
9.997916e-01
9.992112e-01
9.974354e-01
9.927297e-01
9.816532e-01
9.567232e-01
9.088716e-01
8.315669e-01
7.255688e-01
5.998732e-01
4.682045e-01
3.440917e-01
2.373926e-01
1.530739e-01
9.166319e-02
5.052230e-02
2.532185e-02
1.134905e-02
4.440704e-03
1.462597e-03
3.817333e-04
7.042383e-05
6.902168e-06
1.000000e+00
1.000000e+00
1.000000e+00
1.000000e+00
1.000000e+00
1.000000e+00
1.000000e+00
1.000000e+00
1.000000e+00
1.000000e+00
1.000000e+00
1.000000e+00
9.999999e-01
9.999991e-01
9.999943e-01
9.999692e-01
9.998579e-01
9.994402e-01
9.980984e-01
9.943725e-01
9.853211e-01
9.654222e-01
9.238172e-01
8.522606e-01
7.494145e-01
6.234931e-01
4.888916e-01
3.604770e-01
2.493425e-01
1.612255e-01
9.694488e-02
5.382059e-02
2.732532e-02
1.252816e-02
5.098371e-03
1.796858e-03
5.283628e-04
1.219018e-04
1.965994e-05
1.663871e-06
1.000000e+00
1.000000e+00
1.000000e+00
1.000000e+00
1.000000e+00
1.000000e+00
1.000000e+00
1.000000e+00
1.000000e+00
1.000000e+00
1.000000e+00
9.999998e-01
9.999991e-01
9.999949e-01
9.999744e-01
9.998855e-01
9.995511e-01
9.984601e-01
9.953598e-01
9.876412e-01
9.706438e-01
9.357714e-01
8.703674e-01
7.715465e-01
6.462557e-01
5.093591e-01
3.770073e-01
2.615667e-01
1.696254e-01
1.023769e-01
5.716611e-02
2.930626e-02
1.365815e-02
5.712731e-03
2.107206e-03
6.685030e-04
1.756114e-04
3.589459e-05
5.081480e-06
3.737374e-07
1.000000e+00
1.000000e+00
1.000000e+00
1.000000e+00
1.000000e+00
1.000000e+00
1.000000e+00
1.000000e+00
1.000000e+00
9.999999e-01
9.999996e-01
9.999985e-01
9.999933e-01
9.999713e-01
9.998845e-01
9.995747e-01
9.985894e-01
9.958121e-01
9.888803e-01
9.735357e-01
9.431654e-01
8.848090e-01
7.907357e-01
6.668162e-01
5.282903e-01
3.925084e-01
2.731127e-01
1.775736e-01
1.074970e-01
6.028777e-02
3.112574e-02
1.467751e-02
6.259336e-03
2.382987e-03
7.956656e-04
2.271480e-04
5.335070e-05
9.681034e-06
1.207351e-06
7.758454e-08
1.000000e+00
1.000000e+00
1.000000e+00
1.000000e+00
1.000000e+00
1.000000e+00
9.999999e-01
9.999998e-01
9.999996e-01
9.999988e-01
9.999962e-01
9.999872e-01
9.999560e-01
9.998498e-01
9.995087e-01
9.984960e-01
9.957612e-01
9.891003e-01
9.745340e-01
9.459731e-01
8.952789e-01
8.061012e-01
6.841096e-01
5.445149e-01
4.058543e-01
2.830200e-01
1.843352e-01
1.117994e-01
6.287293e-02
3.261105e-02
1.550102e-02
6.699962e-03
2.607550e-03
9.019692e-04
2.723647e-04
6.996807e-05
1.470665e-05
2.373915e-06
2.616531e-07
1.475835e-08
9.999999e-01
9.999999e-01
9.999998e-01
9.999997e-01
9.999996e-01
9.999994e-01
9.999989e-01
9.999977e-01
9.999949e-01
9.999877e-01
9.999680e-01
9.999120e-01
9.997525e-01
9.993062e-01
9.981124e-01
9.951203e-01
9.881985e-01
9.735674e-01
9.454913e-01
8.967316e-01
8.186076e-01
6.977195e-01
5.571125e-01
4.160272e-01
2.903643e-01
1.891758e-01
1.147639e-01
6.459115e-02
3.357339e-02
1.603143e-02
6.988950e-03
2.760713e-03
9.784975e-04
3.071350e-04
8.383289e-05
1.938388e-05
3.650028e-06
5.251325e-07
5.130664e-08
2.550617e-09
9.999983e-01
9.999980e-01
9.999975e-01
9.999967e-01
9.999953e-01
9.999927e-01
9.999877e-01
9.999776e-01
9.999557e-01
9.999064e-01
9.997903e-01
9.995112e-01
9.988380e-01
9.972452e-01
9.936212e-01
9.858310e-01
9.702279e-01
9.414122e-01
8.927255e-01
8.177361e-01
7.075060e-01
5.653897e-01
4.221979e-01
2.942958e-01
1.913959e-01
1.158963e-01
6.513000e-02
3.383390e-02
1.617582e-02
7.082194e-03
2.822924e-03
1.016801e-03
3.277343e-04
9.327659e-05
2.301100e-05
4.791530e-06
8.093012e-07
1.039873e-07
9.031882e-09
3.972535e-10
9.999827e-01
9.999804e-01
9.999765e-01
9.999697e-01
9.999584e-01
9.999388e-01
9.999037e-01
9.998380e-01
9.997103e-01
9.994527e-01
9.989198e-01
9.978032e-01
9.954712e-01
9.906997e-01
9.812940e-01
9.636966e-01
9.328455e-01
8.826967e-01
8.078110e-01
7.055437e-01
5.664610e-01
4.225012e-01
2.937005e-01
1.903463e-01
1.147955e-01
6.424538e-02
3.325588e-02
1.586516e-02
6.948034e-03
2.780606e-03
1.011143e-03
3.316349e-04
9.713033e-05
2.506053e-05
5.589423e-06
1.049045e-06
1.591651e-07
1.830370e-08
1.417326e-09
5.535482e-11
9.998734e-01
9.998589e-01
9.998336e-01
9.997922e-01
9.997252e-01
9.996150e-01
9.994294e-01
9.991076e-01
9.985340e-01
9.974875e-01
9.955492e-01
9.919448e-01
9.853028e-01
9.733445e-01
9.526019e-01
9.183888e-01
8.653601e-01
7.889466e-01
6.876052e-01
5.638081e-01
4.173584e-01
2.884887e-01
1.857358e-01
1.112115e-01
6.178810e-02
3.176766e-02
1.507077e-02
6.576856e-03
2.630946e-03
9.605886e-04
3.183032e-04
9.500292e-05
2.528044e-05
5.914781e-06
1.193580e-06
2.021573e-07
2.759941e-08
2.847017e-09
1.971017e-10
6.859365e-12
9.992939e-01
9.992217e-01
9.990993e-01
9.989051e-01
9.986020e-01
9.981267e-01
9.973705e-01
9.961452e-01
9.941256e-01
9.907535e-01
9.850896e-01
9.756100e-01
9.599731e-01
9.348536e-01
8.960293e-01
8.389768e-01
7.601754e-01
6.590109e-01
5.395723e-01
4.070876e-01
2.782617e-01
1.773213e-01
1.050203e-01
5.772698e-02
2.938410e-02
1.381672e-02
5.986862e-03
2.384267e-03
8.699026e-04
2.895271e-04
8.739703e-05
2.374073e-05
5.742500e-06
1.219338e-06
2.228808e-07
3.411786e-08
4.199404e-09
3.895032e-10
2.417838e-11
7.523160e-13
9.969058e-01
9.966263e-01
9.961634e-01
9.954501e-01
9.943764e-01
9.927655e-01
9.903346e-01
9.866331e-01
9.809512e-01
9.721923e-01
9.587168e-01
9.381940e-01
9.075476e-01
8.631435e-01
8.014002e-01
7.199438e-01
6.191834e-01
5.037664e-01
3.829668e-01
2.608946e-01
1.643973e-01
9.619757e-02
5.221991e-02
2.624344e-02
1.219050e-02
5.226281e-03
2.064347e-03
7.495308e-04
2.493540e-04
7.567010e-05
2.081958e-05
5.151261e-06
1.133753e-06
2.187505e-07
3.627294e-08
5.027360e-09
5.590648e-10
4.674127e-11
2.609091e-12
7.282543e-14
9.890930e-01
9.882271e-01
9.868298e-01
9.847379e-01
9.816976e-01
9.773240e-01
9.710433e-01
9.620145e-01
9.490329e-01
9.304292e-01
9.040050e-01
8.670755e-01
8.167294e-01
7.504214e-01
6.669475e-01
5.676563e-01
4.574392e-01
3.447648e-01
2.401272e-01
1.485657e-01
8.554952e-02
4.566228e-02
2.257096e-02
1.032342e-02
4.365181e-03
1.704588e-03
6.137414e-04
2.032648e-04
6.170927e-05
1.709125e-05
4.290823e-06
9.681769e-07
1.941526e-07
3.409088e-08
5.136903e-09
6.458846e-10
6.503732e-11
4.913841e-12
2.473630e-13
6.213786e-15
9.684229e-01
9.662376e-01
9.628096e-01
9.578282e-01
9.508320e-01
9.411645e-01
9.279176e-01
9.098732e-01
8.854596e-01
8.527598e-01
8.096265e-01
7.539775e-01
6.843336e-01
6.005959e-01
5.049060e-01
4.022191e-01
3.000571e-01
2.070553e-01
1.305426e-01
7.358243e-02
3.848835e-02
1.865882e-02
8.379674e-03
3.485132e-03
1.341632e-03
4.775620e-04
1.569112e-04
4.746227e-05
1.316649e-05
3.332665e-06
7.644943e-07
1.575374e-07
2.882836e-08
4.614261e-09
6.329849e-10
7.234927e-11
6.611885e-12
4.526063e-13
2.060649e-14
4.673378e-16
9.235180e-01
9.189569e-01
9.120282e-01
9.022628e-01
8.890040e-01
8.713810e-01
8.482900e-01
8.184012e-01
7.802213e-01
7.322494e-01
6.732694e-01
6.027991e-01
5.216610e-01
4.325248e-01
3.401390e-01
2.509013e-01
1.715859e-01
1.075136e-01
6.099277e-02
3.123091e-02
1.482005e-02
6.520741e-03
2.661166e-03
1.007361e-03
3.535238e-04
1.148825e-04
3.449914e-05
9.545084e-06
2.423134e-06
5.613488e-07
1.178350e-07
2.220991e-08
3.714840e-09
5.429705e-10
6.794152e-11
7.074402e-12
5.881513e-13
3.657242e-14
1.510264e-15
3.102034e-17
8.424171e-01
8.344693e-01
8.228157e-01
8.069004e-01
7.860052e-01
7.592662e-01
7.257175e-01
6.843837e-01
6.344446e-01
5.754890e-01
5.078537e-01
4.329941e-01
3.537618e-01
2.743894e-01
1.999851e-01
1.354947e-01
8.441488e-02
4.784379e-02
2.440365e-02
1.132333e-02
4.872787e-03
1.947245e-03
7.231067e-04
2.495383e-04
7.996935e-05
2.376380e-05
6.532677e-06
1.655790e-06
3.852404e-07
8.180434e-08
1.573804e-08
2.717644e-09
4.161955e-10
5.565481e-11
6.365280e-12
6.051413e-13
4.588038e-14
2.598490e-15
9.761066e-17
1.821463e-18
7.195639e-01
7.079622e-01
6.915718e-01
6.698908e-01
6.423633e-01
6.084380e-01
5.676646e-01
5.198372e-01
4.651866e-01
4.046016e-01
3.398279e-01
2.735503e-01
2.092374e-01
1.506599e-01
1.011222e-01
6.264461e-02
3.547185e-02
1.818444e-02
8.358991e-03
3.509962e-03
1.370180e-03
4.978766e-04
1.684898e-04
5.309326e-05
1.556267e-05
4.235663e-06
1.067553e-06
2.482630e-07
5.302008e-08
1.033631e-08
1.825556e-09
2.893154e-10
4.064483e-11
4.982646e-12
5.220140e-13
4.541887e-14
3.148412e-15
1.628611e-16
5.581641e-18
9.492794e-20
5.627606e-01
5.486232e-01
5.293545e-01
5.046570e-01
4.743334e-01
4.383567e-01
3.969696e-01
3.508038e-01
3.009961e-01
2.492586e-01
1.978444e-01
1.493464e-01
1.063114e-01
7.073220e-02
4.359121e-02
2.466426e-02
1.270115e-02
5.901599e-03
2.452779e-03
9.319148e-04
3.302599e-04
1.092559e-04
3.374457e-05
9.724575e-06
2.611282e-06
6.519590e-07
1.508944e-07
3.224867e-08
6.332445e-09
1.135370e-09
1.844256e-10
2.687683e-11
3.470892e-12
3.909372e-13
3.760675e-14
3.002180e-15
1.907900e-16
9.040026e-18
2.835422e-19
4.409310e-21
3.941803e-01
3.799267e-01
3.610909e-01
3.376621e-01
3.098467e-01
2.781083e-01
2.432164e-01
2.062821e-01
1.687496e-01
1.323139e-01
9.874000e-02
6.959687e-02
4.596339e-02
2.821042e-02
1.596032e-02
8.256709e-03
3.874590e-03
1.636086e-03
6.166676e-04
2.121827e-04
6.834594e-05
2.061392e-05
5.819620e-06
1.536256e-06
3.785374e-07
8.684578e-08
1.849066e-08
3.638292e-09
6.581266e-10
1.087360e-10
1.627830e-11
2.186208e-12
2.601249e-13
2.698455e-14
2.389622e-15
1.755100e-16
1.025504e-17
4.464391e-19
1.285598e-20
1.834155e-22
2.422214e-01
2.304622e-01
2.152712e-01
1.968893e-01
1.757858e-01
1.526533e-01
1.283933e-01
1.040738e-01
8.084389e-02
5.980270e-02
4.183986e-02
2.748644e-02
1.682972e-02
9.532447e-03
4.957233e-03
2.349194e-03
1.006857e-03
3.873499e-04
1.327655e-04
4.143767e-05
1.215220e-05
3.347510e-06
8.654014e-07
2.096516e-07
4.749378e-08
1.003237e-08
1.968956e-09
3.574319e-10
5.968898e-11
9.108097e-12
1.259587e-12
1.562765e-13
1.717587e-14
1.645433e-15
1.345139e-16
9.116293e-18
4.912564e-19
1.971257e-20
5.229255e-22
6.868564e-24
1.282136e-01
1.203486e-01
1.103200e-01
9.847883e-02
8.532798e-02
7.149027e-02
5.766255e-02
4.455020e-02
3.278535e-02
2.284195e-02
1.496890e-02
9.164643e-03
5.206041e-03
2.724749e-03
1.304694e-03
5.675044e-04
2.226451e-04
7.822873e-05
2.444777e-05
6.937333e-06
1.856412e-06
4.680750e-07
1.110526e-07
2.474485e-08
5.165282e-09
1.006890e-09
1.825819e-10
3.065253e-11
4.737224e-12
6.693114e-13
8.572981e-14
9.852822e-15
1.003103e-15
8.900384e-17
6.737424e-18
4.226708e-19
2.107557e-20
7.821877e-22
1.918231e-23
2.328154e-25
5.757505e-02
5.333110e-02
4.794399e-02
4.171921e-02
3.502596e-02
2.826511e-02
2.182844e-02
1.605364e-02
1.118302e-02
7.336006e-03
4.504219e-03
2.572090e-03
1.357190e-03
6.573820e-04
2.903485e-04
1.161535e-04
4.180721e-05
1.345015e-05
3.843488e-06
9.944027e-07
2.434786e-07
5.634290e-08
1.230030e-08
2.527478e-09
4.874264e-10
8.791623e-11
1.476909e-11
2.299320e-12
3.297799e-13
4.326525e-14
5.147773e-15
5.496956e-16
5.200185e-17
4.287259e-18
3.015122e-19
1.756951e-20
8.135068e-22
2.802685e-23
6.378062e-25
7.180575e-27
2.166669e-02
1.982026e-02
1.747445e-02
1.481566e-02
1.204453e-02
9.355285e-03
6.913817e-03
4.838874e-03
3.190927e-03
1.971786e-03
1.135205e-03
6.052986e-04
2.970902e-04
1.333909e-04
5.444438e-05
2.007426e-05
6.644947e-06
1.962901e-06
5.145038e-07
1.217805e-07
2.737193e-08
5.831632e-09
1.175086e-09
2.233465e-10
3.991434e-11
6.681566e-12
1.043034e-12
1.510504e-13
2.016858e-14
2.464834e-15
2.733133e-16
2.720741e-17
2.399836e-18
1.844868e-19
1.209753e-20
6.572131e-22
2.836504e-23
9.106913e-25
1.930830e-26
2.024637e-28
6.763335e-03
6.114984e-03
5.289175e-03
4.369788e-03
3.439790e-03
2.571589e-03
1.818869e-03
1.211826e-03
7.569032e-04
4.409351e-04
2.382857e-04
1.187890e-04
5.431404e-05
2.264484e-05
8.558548e-06
2.915256e-06
8.898816e-07
2.421075e-07
5.841247e-08
1.269785e-08
2.629699e-09
5.176846e-10
9.662265e-11
1.704641e-11
2.832723e-12
4.416026e-13
6.428047e-14
8.689264e-15
1.083887e-15
1.238320e-16
1.284292e-17
1.196212e-18
9.874763e-20
7.105495e-21
4.361433e-22
2.217831e-23
8.958881e-25
2.691698e-26
5.339542e-28
5.237453e-30
1.733776e-03
1.550223e-03
1.316085e-03
1.059903e-03
8.081300e-04
5.817168e-04
3.939618e-04
2.500193e-04
1.480292e-04
8.137747e-05
4.132921e-05
1.929012e-05
8.230197e-06
3.192484e-06
1.119800e-06
3.532946e-07
9.974547e-08
2.507929e-08
5.590964e-09
1.121066e-09
2.148181e-10
3.923423e-11
6.809761e-12
1.119489e-12
1.736534e-13
2.530758e-14
3.448151e-15
4.367546e-16
5.109334e-17
5.478305e-18
5.335216e-19
4.668276e-20
3.621343e-21
2.449189e-22
1.413169e-23
6.755372e-25
2.565208e-26
7.244577e-28
1.350707e-29
1.245050e-31
3.606791e-04
3.190246e-04
2.659400e-04
2.088628e-04
1.543197e-04
1.070151e-04
6.943991e-05
4.200962e-05
2.359976e-05
1.225688e-05
5.857979e-06
2.563977e-06
1.022669e-06
3.698732e-07
1.207068e-07
3.537512e-08
9.267924e-09
2.161564e-09
4.471278e-10
8.309419e-11
1.480049e-11
2.519126e-12
4.083850e-13
6.282891e-14
9.136095e-15
1.249973e-15
1.600857e-16
1.908013e-17
2.102194e-18
2.124415e-19
1.951147e-20
1.610816e-21
1.179422e-22
7.530937e-24
4.103253e-25
1.852422e-26
6.643416e-28
1.771984e-29
3.120093e-31
2.715941e-33
5.991433e-05
5.243154e-05
4.292892e-05
3.289260e-05
2.356249e-05
1.575077e-05
9.799557e-06
5.656551e-06
3.018274e-06
1.482856e-06
6.679364e-07
2.746358e-07
1.026170e-07
3.468774e-08
1.056139e-08
2.884228e-09
7.037253e-10
1.528662e-10
2.947352e-11
5.102888e-12
8.491109e-13
1.353432e-13
2.059120e-14
2.978590e-15
4.079084e-16
5.263480e-17
6.365481e-18
7.171774e-19
7.476127e-20
7.153723e-21
6.225100e-22
4.871810e-23
3.382843e-24
2.049133e-25
1.059408e-26
4.539039e-28
1.545089e-29
3.911891e-31
6.538337e-33
5.402386e-35
7.762768e-06
6.721302e-06
5.406328e-06
4.042769e-06
2.809191e-06
1.811328e-06
1.081406e-06
5.961611e-07
3.025035e-07
1.407828e-07
5.986555e-08
2.316880e-08
8.128224e-09
2.574750e-09
7.336021e-10
1.873314e-10
4.273341e-11
8.683545e-12
1.568129e-12
2.543441e-13
3.975123e-14
5.964840e-15
8.560539e-16
1.170213e-16
1.516832e-17
1.855111e-18
2.129003e-19
2.278645e-20
2.258532e-21
2.056452e-22
1.703947e-23
1.270466e-24
8.408447e-26
4.856531e-27
2.394801e-28
9.788558e-30
3.179290e-31
7.681321e-33
1.225238e-34
9.661782e-37
7.566431e-07
6.481939e-07
5.122944e-07
3.739981e-07
2.522127e-07
1.569668e-07
9.000316e-08
4.743758e-08
2.291972e-08
1.011996e-08
4.069982e-09
1.485787e-09
4.906410e-10
1.460624e-10
3.907305e-11
9.364720e-12
2.005686e-12
3.830434e-13
6.512337e-14
9.953685e-15
1.469510e-15
2.087456e-16
2.841515e-17
3.690506e-18
4.551856e-19
5.304373e-20
5.807208e-21
5.935350e-22
5.623010e-23
4.897529e-24
3.884415e-25
2.773937e-26
1.759248e-27
9.740793e-29
4.606190e-30
1.805988e-31
5.627867e-33
1.304784e-34
1.997392e-36
1.511728e-38
5.225798e-08
4.429395e-08
3.440264e-08
2.452762e-08
1.606082e-08
9.654697e-09
5.321619e-09
2.684709e-09
1.236844e-09
5.190021e-10
1.978064e-10
6.827520e-11
2.127998e-11
5.972339e-12
1.505395e-12
3.400074e-13
6.867926e-14
1.238878e-14
1.993800e-15
2.889373e-16
4.053678e-17
5.483155e-18
7.120120e-19
8.835928e-20
1.042832e-20
1.164347e-21
1.222755e-22
1.200014e-23
1.092623e-24
9.153468e-26
6.987861e-27
4.806053e-28
2.937107e-29
1.567769e-30
7.149720e-32
2.704321e-33
8.131958e-35
1.819645e-36
2.688909e-38
1.964720e-40
2.283771e-09
1.915258e-09
1.462093e-09
1.018348e-09
6.478170e-10
3.764238e-10
1.996480e-10
9.652684e-11
4.246799e-11
1.696691e-11
6.141620e-12
2.009454e-12
5.928937e-13
1.574076e-13
3.752952e-14
8.022477e-15
1.535662e-15
2.630238e-16
4.029709e-17
5.572209e-18
7.475126e-19
9.686549e-20
1.207084e-20
1.439736e-21
1.635417e-22
1.759636e-23
1.782762e-24
1.689628e-25
1.487017e-26
1.205092e-27
8.905865e-29
5.933211e-30
3.514221e-31
1.818891e-32
8.046513e-34
2.953404e-35
8.620510e-37
1.872846e-38
2.687523e-40
1.907224e-42
4.758058e-11
3.948194e-11
2.962915e-11
2.016738e-11
1.247080e-11
7.010040e-12
3.581403e-12
1.661704e-12
6.993399e-13
2.665571e-13
9.185757e-14
2.856885e-14
8.005299e-15
2.017869e-15
4.569552e-16
9.287555e-17
1.693289e-17
2.768883e-18
4.062080e-19
5.394441e-20
6.963576e-21
8.698568e-22
1.046597e-22
1.207042e-23
1.327520e-24
1.384622e-25
1.361356e-26
1.253337e-27
1.072455e-28
8.457034e-30
6.085859e-31
3.950600e-32
2.281277e-33
1.151730e-34
4.972077e-36
1.781579e-37
5.078190e-39
1.077682e-40
1.510956e-42
1.047830e-44
